-0.227321
-0.322564
-0.364428
-0.374315
-0.344455
-0.373689
-0.372572
-0.358058
-0.370086
-0.374861
-0.395109
-0.391984
-0.40677
-0.446259
-0.459763
-0.383846
-0.340782
-0.240332
-0.304534
-0.318729
-0.353213
-0.346988
-0.37682
-0.369806
-0.328869
-0.292149
-0.383317
-0.447477
-0.459448
-0.446344
-0.363388
-0.295972
-0.34912
-0.309961
-0.347734
-0.383835
-0.380113
-0.360568
-0.345287
-0.385279
-0.402191
-0.407585
-0.439017
-0.417495
-0.389227
-0.413312
-0.435329
-0.377736
-0.382232
-0.370312
-0.362153
-0.37774
-0.353951
-0.363198
-0.400324
-0.414265
-0.362001
-0.429234
-0.383796
-0.420525
-0.395364
-0.370456
-0.366749
-0.462114
-0.464356
-0.486579
-0.51042
-0.506834
-0.55212
-0.523211
-0.45857
-0.404379
-0.39535
-0.361778
-0.390723
-0.378472
-0.416974
-0.353129
-0.39412
-0.411741
-0.388574
-0.33912
-0.378125
-0.355937
-0.369177
-0.400772
-0.356689
-0.429408
-0.416346
-0.355172
-0.326321
-0.418788
-0.347549
-0.361509
-0.361417
-0.422395
-0.410242
-0.426895
-0.434986
-0.50676
-0.463484
-0.405034
-0.409584
-0.409826
-0.39914
-0.348351
-0.349242
-0.367352
-0.389728
-0.390091
-0.377249
-0.419901
-0.436637
-0.450815
-0.468099
-0.475318
-0.418515
-0.437085
-0.441753
-0.46828
-0.549136
-0.51482
-0.539814
-0.520451
-0.49631
-0.474309
-0.473466
-0.506956
-0.465295
-0.499529
-0.428091
-0.290213
-0.331119
-0.397724
-0.438842
-0.457038
-0.378316
-0.479543
-0.431495
-0.451645
-0.383044
-0.428555
-0.440218
-0.438825
-0.441466
-0.415267
-0.386511
-0.434922
-0.470058
-0.481761
-0.51039
-0.441121
-0.456098
-0.448237
-0.485137
-0.494872
-0.400921
-0.428401
-0.414489
-0.438255
-0.374868
-0.366744
-0.352901
-0.318737
-0.357379
-0.312853
-0.381659
-0.381048
-0.391149
-0.403005
-0.419903
-0.431791
-0.467136
-0.345824
-0.417573
-0.440354
-0.442646
-0.421111
-0.414348
-0.440443
-0.405947
-0.468468
-0.401973
-0.329177
-0.342733
-0.393912
-0.314471
-0.377809
-0.370862
-0.477443
-0.435495
-0.452519
-0.444421
-0.410365
-0.415497
-0.452955
-0.376704
-0.402785
-0.450446
-0.470444
-0.390499
-0.40039
-0.395941
-0.394795
-0.363257
-0.399176
-0.451439
-0.445361
-0.45212
-0.48054
-0.490894
-0.4544
-0.500403
-0.573682
-0.472998
-0.471387
-0.512121
-0.42874
-0.442523
-0.471698
-0.34931
-0.382692
-0.360898
-0.37953
-0.401705
-0.359306
-0.406278
-0.418904
-0.390266
-0.388459
-0.328395
-0.337013
-0.315809
-0.351905
-0.370633
-0.414293
-0.370459
-0.319971
-0.342901
-0.348029
-0.346746
-0.348632
-0.425682
-0.453933
-0.495801
-0.484116
-0.490683
-0.525161
-0.445632
-0.472716
-0.43693
-0.311366
-0.325524
-0.401135
-0.412059
-0.444745
-0.450084
-0.425291
-0.471234
-0.46466
-0.360053
-0.407528
-0.367643
-0.374787
-0.311172
-0.320374
-0.329111
-0.314372
-0.399472
-0.400692
-0.380986
-0.389616
-0.42038
-0.434374
-0.426535
-0.428633
-0.425649
-0.433816
-0.469162
-0.487135
-0.413481
-0.454503
-0.430719
-0.407324
-0.430359
-0.451881
-0.440439
-0.411616
-0.379362
-0.397023
-0.378367
-0.408796
-0.434915
-0.456796
-0.429257
-0.398237
-0.403088
-0.357472
-0.343299
-0.344179
-0.314121
-0.345165
-0.396191
-0.374553
-0.419927
-0.461712
-0.38915
-0.345906
-0.407618
-0.464924
-0.440342
-0.482018
-0.473352
-0.444073
-0.44615
-0.473531
-0.472048
-0.477961
-0.479834
-0.475451
-0.484
-0.476651
-0.382481
-0.418277
-0.455122
-0.372947
-0.436445
-0.42596
-0.414743
-0.416111
-0.476453
-0.461956
-0.465182
-0.420962
-0.396047
-0.369
-0.440168
-0.437523
-0.415804
-0.38368
-0.350794
-0.336661
-0.332073
-0.337533
-0.332233
-0.334258
-0.340296
-0.340103
-0.352581
-0.383488
-0.420626
-0.38878
-0.346981
-0.306753
-0.394322
-0.453743
-0.437576
-0.4381
-0.404718
-0.420724
-0.408771
-0.394607
-0.436398
-0.439965
-0.441659
-0.462905
-0.366603
-0.371716
-0.426581
-0.41051
-0.441913
-0.331203
-0.419326
-0.443634
-0.464161
-0.486077
-0.459906
-0.46931
-0.45816
-0.476335
-0.463566
-0.479807
-0.517478
-0.560694
-0.563261
-0.523457
-0.455643
-0.445679
-0.439213
-0.431482
-0.449745
-0.460978
-0.451807
-0.5114
-0.473134
-0.453319
-0.414713
-0.457422
-0.473461
-0.483242
-0.423084
-0.452561
-0.425679
-0.40822
-0.503654
-0.440584
-0.446978
-0.412152
-0.421551
-0.404838
-0.390535
-0.44937
-0.433401
-0.400458
-0.363313
-0.382853
-0.385966
-0.437788
-0.451328
-0.446981
-0.406142
-0.423219
-0.4237
-0.332549
-0.42108
-0.43506
-0.375042
-0.399207
-0.345476
-0.417013
-0.437805
-0.425727
-0.410119
-0.398991
-0.436503
-0.385682
-0.424926
-0.372909
-0.395331
-0.398687
-0.321732
-0.380138
-0.355818
-0.36086
-0.411646
-0.366621
-0.392796
-0.50376
-0.456148
-0.438805
-0.440765
-0.47642
-0.430022
-0.377266
-0.337128
-0.433056
-0.418224
-0.450417
-0.507622
-0.463246
-0.527979
-0.405705
-0.376473
-0.355402
-0.322517
-0.34179
-0.358785
-0.380397
-0.35468
-0.328481
-0.319244
-0.32907
-0.327595
-0.348768
-0.378107
-0.397248
-0.404153
-0.452409
-0.439183
-0.434422
-0.399162
-0.444636
-0.379939
-0.389557
-0.400304
-0.390047
-0.358553
-0.428568
-0.372143
-0.384839
-0.386208
-0.391107
-0.418605
-0.416031
-0.418359
-0.434806
-0.373763
-0.394272
-0.393012
-0.421903
-0.4469
-0.391481
-0.399987
-0.40196
-0.392492
-0.404819
-0.412271
-0.378377
-0.384758
-0.442754
-0.366817
-0.376011
-0.407986
-0.421199
-0.370367
-0.418934
-0.450988
-0.393078
-0.410626
-0.477022
-0.483706
-0.468687
-0.434279
-0.365034
-0.435501
-0.423592
-0.419017
-0.51894
-0.438847
-0.465854
-0.474213
-0.42817
-0.298347
-0.411373
-0.417881
-0.392775
-0.378239
-0.349994
-0.361284
-0.361006
-0.412382
-0.324448
-0.338411
-0.341581
-0.343267
-0.361256
-0.349975
-0.392533
-0.441463
-0.431657
-0.424443
-0.384144
-0.369546
-0.484158
-0.510219
-0.536392
-0.539959
-0.527586
-0.55331
-0.428845
-0.481218
-0.505566
-0.59489
-0.51527
-0.567007
-0.550886
-0.506165
-0.429815
-0.382001
-0.429219
-0.405769
-0.385231
-0.413298
-0.355638
-0.38339
-0.404464
-0.39222
-0.414187
-0.425832
-0.462097
-0.432882
-0.358154
-0.358589
-0.412752
-0.422318
-0.412137
-0.422781
-0.3984
-0.402925
-0.369183
-0.342226
-0.353199
-0.362307
-0.370535
-0.357564
-0.365166
-0.38954
-0.343241
-0.392807
-0.406463
-0.411683
-0.416792
-0.380605
-0.392958
-0.375245
-0.393288
-0.362172
-0.36024
-0.450688
-0.364836
-0.380416
-0.372053
-0.370269
-0.357308
-0.38856
-0.39733
-0.341517
-0.309219
-0.36525
-0.377052
-0.355651
-0.325375
-0.417053
-0.38455
-0.365934
-0.414926
-0.434181
-0.395416
-0.452967
-0.493477
-0.508895
-0.476423
-0.431461
-0.4838
-0.421907
-0.414295
-0.387279
-0.398632
-0.451204
-0.454588
-0.421416
-0.406987
-0.495176
-0.513743
-0.516908
-0.47477
-0.493405
-0.496546
-0.481872
-0.46492
-0.411767
-0.387259
-0.380226
-0.352299
-0.367132
-0.325151
-0.35877
-0.345917
-0.408601
-0.430407
-0.43583
-0.391737
-0.395147
-0.392495
-0.385662
-0.378117
-0.401003
-0.39581
-0.355399
-0.373236
-0.422248
-0.386559
-0.426259
-0.408993
-0.40815
-0.377298
-0.434619
-0.457526
-0.431466
-0.392991
-0.405073
-0.442223
-0.423886
-0.479124
-0.433047
-0.474427
-0.469145
-0.479626
-0.399994
-0.415594
-0.42408
-0.419844
-0.375494
-0.383246
-0.359465
-0.314471
-0.373586
-0.398548
-0.463764
-0.432501
-0.388553
-0.408406
-0.36331
-0.368964
-0.424115
-0.434944
-0.478563
-0.600682
-0.638466
-0.650192
-0.631761
-0.580903
-0.530271
-0.548816
-0.47208
-0.455532
-0.360953
-0.379243
-0.400577
-0.422365
-0.43016
-0.411375
-0.359675
-0.364942
-0.40606
-0.325148
-0.340116
-0.387117
-0.362534
-0.414664
-0.398412
-0.40307
-0.453669
-0.398325
-0.371389
-0.373362
-0.366917
-0.354572
-0.400696
-0.412886
-0.393681
-0.355127
-0.417437
-0.351605
-0.361969
-0.381372
-0.401534
-0.386487
-0.393191
-0.378658
-0.392079
-0.380429
-0.384746
-0.422218
-0.440094
-0.433937
-0.390087
-0.389877
-0.424472
-0.419449
-0.416531
-0.42928
-0.394931
-0.436081
-0.430155
-0.471831
-0.418873
-0.45583
-0.46944
-0.483582
-0.496241
-0.501191
-0.472439
-0.42706
-0.448134
-0.399761
-0.405326
-0.317299
-0.372639
-0.435212
-0.412992
-0.428341
-0.405283
-0.485596
-0.425197
-0.428338
-0.396926
-0.428582
-0.467648
-0.429733
-0.470026
-0.471932
-0.436125
-0.417089
-0.430555
-0.458501
-0.48991
-0.473083
-0.454115
-0.41545
