0.0563081
0.0429428
0.0403265
0.0538152
0.0557218
0.0484316
0.0433507
0.0426978
0.0410499
0.0415819
0.0495575
0.0499575
0.0446736
0.0407383
0.0419324
0.0509213
0.0556716
0.0622801
0.0538624
0.0403005
0.0379691
0.0417581
0.0416812
0.0414568
0.0532138
0.0602708
0.0485706
0.0390106
0.0501732
0.0426873
0.0415632
0.0621098
0.0484431
0.0462093
0.0483488
0.0393757
0.0466134
0.0455534
0.0403607
0.0468843
0.0411541
0.0501567
0.0458613
0.0543571
0.0621969
0.0535172
0.0474884
0.0459433
0.0491072
0.0446025
0.0528394
0.044309
0.0453746
0.0604486
0.0452442
0.0471218
0.0478891
0.0513003
0.0584969
0.0479997
0.056297
0.0417189
0.0550925
0.0503005
0.0373433
0.0542513
0.0408611
0.0517205
0.0416627
0.0337529
0.049475
0.0530195
0.0425938
0.0584472
0.0455411
0.0494966
0.0519565
0.0467181
0.0493067
0.0466023
0.0558196
0.0681237
0.0440182
0.0388068
0.0511427
0.0401012
0.0486571
0.0410786
0.0386088
0.0525988
0.0676472
0.0434337
0.0438181
0.0476601
0.0543662
0.0490628
0.0479198
0.039119
0.0494946
0.0548821
0.0432639
0.0623644
0.0448783
0.0601494
0.045958
0.0554499
0.0538197
0.0459072
0.0384643
0.0526352
0.0534975
0.0437895
0.0370091
0.0386641
0.0512396
0.0511984
0.0564631
0.0405352
0.0346181
0.0460102
0.0379849
0.0507275
0.0471322
0.0511497
0.0354703
0.0424994
0.0440437
0.0337818
0.0324851
0.0371823
0.0439876
0.0579418
0.0607619
0.0448751
0.0456893
0.0452169
0.0520503
0.0448111
0.0637401
0.0549527
0.0547402
0.051845
0.0501549
0.0448643
0.0436772
0.0458425
0.0482665
0.03256
0.0317749
0.0398921
0.0425722
0.0480548
0.0386915
0.0471109
0.0489107
0.049239
0.0503182
0.0473623
0.0526994
0.0454735
0.0579018
0.0589194
0.066263
0.063843
0.0571208
0.0603152
0.0446815
0.0439291
0.0391199
0.0429147
0.0443806
0.0579369
0.0522504
0.0604029
0.0588946
0.0678062
0.0676024
0.053309
0.0594442
0.0506157
0.0469492
0.0489778
0.0468828
0.0554199
0.0557289
0.0433317
0.0570448
0.059531
0.0585314
0.0480202
0.0518867
0.0514844
0.0398443
0.0595448
0.0616704
0.0478269
0.0513519
0.0531159
0.0571785
0.0635099
0.0614212
0.0603426
0.042466
0.0464629
0.0494806
0.0420864
0.054662
0.0498949
0.0567599
0.0408423
0.0521625
0.0490091
0.0471235
0.0416683
0.0467203
0.0461942
0.0423318
0.0596102
0.0593373
0.0426444
0.0438635
0.0500388
0.048018
0.0482176
0.0414145
0.0494049
0.0483864
0.0507253
0.0510222
0.0420194
0.0523124
0.0444238
0.0635641
0.0470142
0.0427435
0.0516151
0.0477747
0.0528835
0.0494547
0.0499274
0.0596091
0.0557016
0.0528879
0.0390302
0.0384051
0.0496684
0.050055
0.0519742
0.0504609
0.0546917
0.0603442
0.0784349
0.0569429
0.048322
0.0484677
0.0462403
0.0425208
0.0554102
0.0564083
0.0552371
0.0599387
0.0406718
0.0423131
0.057031
0.0523023
0.0498078
0.050117
0.054245
0.0491884
0.0424868
0.0450265
0.0424901
0.0524393
0.0469921
0.0489654
0.0441256
0.03787
0.0361412
0.0370926
0.0466573
0.0558638
0.0517891
0.046212
0.04515
0.0346748
0.0445542
0.0417054
0.0460142
0.0452165
0.0490965
0.0509548
0.0550992
0.0398378
0.0477733
0.0427223
0.0424256
0.0504992
0.0494057
0.0431309
0.0481903
0.0509201
0.05012
0.0624268
0.0419857
0.0535336
0.0462589
0.0655717
0.0629501
0.0426407
0.0385541
0.0459321
0.0385254
0.0451659
0.0646882
0.053687
0.0450243
0.0459837
0.0447298
0.0455548
0.0423865
0.04085
0.04617
0.0433865
0.0422864
0.0511022
0.0796212
0.0498541
0.0460006
0.0445955
0.0423896
0.0380718
0.0518224
0.0513221
0.0440901
0.0639507
0.0497309
0.0433121
0.0392365
0.0474325
0.0507885
0.0432688
0.0451911
0.054333
0.0461728
0.0392038
0.0483722
0.0438222
0.0535767
0.0785812
0.0818423
0.0624825
0.0423477
0.0488219
0.0669554
0.0412987
0.0444269
0.0572808
0.0418539
0.0524048
0.0621167
0.0502581
0.04924
0.047546
0.0496779
0.0508536
0.0460794
0.035496
0.0427224
0.0557453
0.0631839
0.0624082
0.052864
0.0411574
0.0344795
0.0388818
0.0338952
0.0374383
0.0291084
0.0408585
0.0374539
0.049468
0.0506058
0.0554367
0.0440216
0.0333972
0.0391164
0.0389759
0.0516411
0.0473927
0.0527255
0.0439711
0.0448221
0.0525345
0.0397468
0.0558029
0.0442833
0.0529288
0.0355619
0.039012
0.0403612
0.0490981
0.0379506
0.0435193
0.0430159
0.0443134
0.056485
0.0475017
0.0552372
0.0389781
0.0520076
0.0457518
0.0375851
0.0517403
0.0557921
0.0692838
0.0556844
0.0658655
0.0471831
0.0458366
0.0409697
0.0579852
0.0497801
0.0535197
0.0645737
0.049253
0.0544373
0.0531953
0.0561987
0.0568909
0.0427012
0.0526278
0.0576874
0.0624967
0.0566851
0.054972
0.0495792
0.0473616
0.0409375
0.0447571
0.0435123
0.0518495
0.0428918
0.0716286
0.0704485
0.0466538
0.0496446
0.0469821
0.0527689
0.0499173
0.049811
0.0421147
0.0345273
0.0457351
0.0469586
0.0450849
0.0437238
0.0483472
0.0458535
0.0532144
0.0693279
0.0647467
0.0631403
0.0476855
0.0415397
0.0615425
0.0601187
0.0495352
0.0414831
0.0516928
0.0476597
0.0501235
0.059758
0.0576262
0.0513589
0.0433161
0.0508484
0.0524183
0.0396652
0.038256
0.0356915
0.0505877
0.0548567
0.0459828
0.0470148
0.0464057
0.0576587
0.0546903
0.0383765
0.055846
0.0486183
0.0507662
0.0435141
0.043711
0.044343
0.0448236
0.0396176
0.0504114
0.0449612
0.0529286
0.0483808
0.0462822
0.0488793
0.0420446
0.0434213
0.0479026
0.0490105
0.0450532
0.0547936
0.0449807
0.0423447
0.0495373
0.0480947
0.0380478
0.0438995
0.0666465
0.0374748
0.0489609
0.0444344
0.0535062
0.0465896
0.0481952
0.0525107
0.0435072
0.0619255
0.0441072
0.0462611
0.0482538
0.0413207
0.0451686
0.037131
0.0495956
0.0523752
0.0767816
0.0473465
0.0619022
0.0506027
0.0424108
0.055256
0.0499797
0.0443479
0.0404265
0.0538627
0.0484002
0.0608723
0.0465305
0.044552
0.0449904
0.0403415
0.0421537
0.043096
0.0491403
0.0523477
0.0507412
0.0359858
0.0352724
0.0596752
0.0656782
0.0469188
0.04565
0.0678576
0.056977
0.0610431
0.0622028
0.052466
0.0499485
0.0427292
0.0420902
0.0510428
0.0473983
0.0450438
0.0490777
0.0575848
0.0629085
0.043094
0.0495829
0.0413473
0.05351
0.0474232
0.0603955
0.0607386
0.0488803
0.0472274
0.0435548
0.0529473
0.0421742
0.044001
0.0438269
0.0439486
0.0418894
0.05375
0.0427736
0.0489456
0.0454758
0.0500086
0.0486967
0.0496117
0.0452491
0.0522452
0.0641686
0.0521591
0.0422693
0.0387516
0.0630477
0.0485691
0.0497812
0.0610337
0.0601433
0.0631072
0.043795
0.0714056
0.0662563
0.0481195
0.0444681
0.0457861
0.0534014
0.0654752
0.0688196
0.0502655
0.0403828
0.0532004
0.0537934
0.0533717
0.0493233
0.0546159
0.0478302
0.0561784
0.0517201
0.0563238
0.0420551
0.045426
0.0401933
0.0466547
0.0495096
0.0489096
0.0499449
0.0452247
0.0385146
0.0403731
0.0541547
0.0387369
0.0487135
0.0422753
0.0336582
0.0431458
0.0534992
0.0455735
0.0436728
0.042704
0.0619125
0.0527052
0.0436862
0.0368998
0.0444379
0.0596725
0.0502527
0.0543277
0.0447317
0.0498015
0.0475158
0.0564625
0.0594971
0.0610296
0.0641428
0.0429113
0.0417579
0.0415295
0.0430488
0.0461128
0.0557841
0.0449806
0.0369109
0.0422148
0.0387392
0.0453433
0.0435673
0.0513923
0.0393498
0.0451413
0.0468483
0.0520719
0.0522347
0.0457932
0.0404448
0.0451998
0.0545494
0.0538308
0.0631134
0.0521754
0.0456777
0.0414688
0.0420761
0.0382189
0.0613173
0.0575027
0.0409319
0.0386517
0.0445112
0.0510755
0.0642109
0.0706325
0.0494928
0.0507145
0.0601732
0.0487265
0.0390669
0.0372441
0.0408931
0.0380924
0.0328015
0.036068
0.0445121
0.0461326
0.0499796
0.0454719
0.0497215
0.0466065
0.0601311
0.0418209
0.0461515
0.0497843
0.05445
0.0639501
0.0613795
0.0562159
0.0442564
0.0452568
0.0547598
0.041593
0.0392136
0.0436808
0.0574103
0.0425829
0.0415501
0.0481102
0.0392195
0.0498607
0.0464177
0.0471161
0.0383841
0.036504
0.0544733
0.0659613
0.0543176
0.0642031
0.0504329
0.0443108
0.043548
0.049222
0.0524924
0.0487095
0.0481911
0.0491727
0.0560319
0.0543381
0.0636127
0.0479196
0.052191
0.0394596
0.0355329
0.0419481
0.0703983
0.0530544
0.0637214
0.0438019
0.0527667
0.0436242
0.0436928
0.0376871
0.0466171
0.0488714
0.0419883
0.0382242
0.045854
0.052971
0.0441745
0.0435475
0.0466436
0.050212
0.0332338
0.0496225
0.0543331
0.0533333
0.0519975
0.0431053
0.044335
0.0454344
0.0499483
0.0485864
0.0435266
0.0443511
0.0370746
0.041813
0.0484559
0.0452914
0.0538722
0.0378576
0.0527074
0.0418855
0.041901
0.0558914
