-6.61538
-6.47599
-6.36345
-6.3557
-6.25274
-6.18165
-6.11267
-6.01244
-5.94798
-5.98178
-5.96517
-6.05038
-6.05712
-5.98382
-5.95031
-5.86667
-5.86843
-5.78481
-5.78908
-5.63332
-5.72192
-5.73306
-5.85683
-5.88267
-5.97882
-5.87906
-5.89228
-5.89301
-5.92524
-5.88795
-5.85733
-5.87373
-5.87516
-5.84576
-5.86058
-5.7991
-5.75654
-5.71874
-5.77476
-5.78445
-5.79447
-5.73244
-5.77823
-5.78421
-5.78339
-5.81018
-5.82946
-5.85189
-5.89022
-5.84705
-5.83081
-5.83377
-5.79895
-5.7952
-5.76862
-5.84897
-5.88558
-5.92878
-5.91463
-5.85883
-5.8518
-5.70521
-5.69951
-5.7389
-5.72942
-5.80639
-5.77232
-5.76243
-5.76355
-5.66439
-5.67039
-5.61754
-5.66287
-5.66868
-5.66891
-5.675
-5.75369
-5.82726
-5.82404
-5.82221
-5.80529
-5.81378
-5.87482
-5.79019
-5.68776
-5.78071
-5.81507
-5.82254
-5.76088
-5.76212
-5.63969
-5.63567
-5.71137
-5.77144
-5.77816
-5.7777
-5.66497
-5.74433
-5.65614
-5.68096
-5.60078
-5.5856
-5.61199
-5.685
-5.68164
-5.65896
-5.6387
-5.61734
-5.66216
-5.6563
-5.66132
-5.71201
-5.69164
-5.63627
-5.70115
-5.80871
-5.81084
-5.75899
-5.73572
-5.77557
-5.66959
-5.63357
-5.59562
-5.58605
-5.51814
-5.57253
-5.66447
-5.56802
-5.55554
-5.62921
-5.60573
-5.5427
-5.56224
-5.69924
-5.66911
-5.70177
-5.70461
-5.6598
-5.67099
-5.64134
-5.64454
-5.6649
-5.66262
-5.68675
-5.6706
-5.66699
-5.63655
-5.67473
-5.68143
-5.70462
-5.6635
-5.66904
-5.59401
-5.49442
-5.51133
-5.56242
-5.61847
-5.61728
-5.5429
-5.46391
-5.63013
-5.64539
-5.62354
-5.67529
-5.64149
-5.61128
-5.5681
-5.55727
-5.58786
-5.52227
-5.65064
-5.61095
-5.66832
-5.6001
-5.60887
-5.58434
-5.60862
-5.57976
-5.59594
-5.5128
-5.46173
-5.45403
-5.38158
-5.34059
-5.50499
-5.37696
-5.34145
-5.42433
-5.50584
-5.47322
-5.46209
-5.47858
-5.54003
-5.59029
-5.43341
-5.44403
-5.35961
-5.48769
-5.51378
-5.48579
-5.56358
-5.54494
-5.55876
-5.52674
-5.57171
-5.60436
-5.62391
-5.58595
-5.57201
-5.54724
-5.63662
-5.58569
-5.5304
-5.44464
-5.4482
-5.46426
-5.49294
-5.45177
-5.51391
-5.61624
-5.57765
-5.62898
-5.58948
-5.59869
-5.58319
-5.53486
-5.56046
-5.43088
-5.43676
-5.43391
-5.44134
-5.35935
-5.36181
-5.34075
-5.31874
-5.42943
-5.38985
-5.24361
-5.14696
-5.15378
-5.22035
-5.351
-5.48206
-5.49575
-5.42979
-5.41269
-5.54373
-5.65098
-5.54191
-5.57691
-5.44735
-5.43533
-5.40684
-5.48375
-5.56853
-5.56465
-5.50324
-5.42796
-5.53096
-5.63063
-5.60037
-5.64633
-5.57581
-5.43997
-5.50593
-5.42651
-5.48492
-5.42959
-5.4881
-5.50172
-5.48936
-5.48256
-5.41753
-5.46303
-5.47952
-5.47549
-5.48264
-5.45981
-5.39052
-5.42898
-5.4635
-5.4089
-5.3915
-5.53955
-5.5941
-5.60424
-5.57164
-5.4932
-5.52357
-5.62153
-5.51253
-5.55141
-5.43439
-5.47734
-5.45274
-5.53507
-5.48745
-5.50418
-5.51772
-5.54713
-5.46264
-5.49507
-5.57516
-5.45599
-5.50084
-5.62079
-5.56719
-5.48921
-5.4412
-5.40027
-5.35657
-5.40454
-5.52938
-5.48125
-5.46384
-5.53608
-5.57275
-5.60797
-5.61002
-5.56821
-5.42028
-5.47897
-5.32803
-5.37977
-5.41676
-5.40923
-5.39758
-5.45333
-5.46629
-5.43307
-5.47649
-5.56097
-5.50917
-5.45418
-5.46722
-5.46108
-5.48506
-5.42788
-5.48142
-5.55314
-5.64831
-5.5247
-5.54824
-5.4735
-5.55153
-5.54876
-5.48085
-5.42962
-5.45769
-5.54288
-5.57047
-5.53636
-5.54883
-5.43083
-5.37884
-5.35901
-5.31343
-5.36209
-5.33369
-5.30415
-5.38339
-5.39875
-5.35081
-5.23338
-5.3227
-5.38048
-5.30965
-5.40649
-5.39617
-5.3571
-5.37231
-5.30723
-5.36845
-5.48199
-5.44054
-5.52536
-5.54996
-5.54421
-5.42975
-5.45252
-5.4112
-5.3801
-5.42786
-5.41457
-5.47455
-5.56361
-5.58504
-5.43237
-5.50993
-5.49404
-5.45752
-5.39391
-5.39807
-5.47748
-5.42339
-5.54368
-5.52154
-5.58288
-5.62113
-5.60577
-5.5689
-5.49674
-5.55209
-5.62783
-5.6184
-5.61233
-5.65738
-5.59138
-5.60606
-5.63219
-5.61696
-5.57393
-5.43716
-5.44259
-5.39331
-5.46717
-5.25386
-5.33684
-5.31111
-5.38806
-5.48724
-5.5063
-5.45775
-5.47325
-5.41707
-5.3346
-5.29707
-5.2464
-5.2495
-5.30668
-5.39621
-5.33639
-5.31473
-5.2944
-5.35707
-5.36684
-5.31384
-5.33395
-5.35423
-5.3699
-5.45243
-5.52539
-5.65269
-5.6218
-5.52015
-5.58546
-5.45707
-5.55745
-5.48631
-5.45585
-5.41389
-5.47968
-5.47934
-5.51447
-5.52065
-5.53093
-5.49113
-5.41657
-5.53289
-5.57285
-5.57971
-5.55467
-5.54829
-5.51757
-5.59914
-5.56908
-5.63024
-5.58826
-5.63759
-5.63186
-5.52096
-5.61359
-5.55488
-5.5367
-5.50553
-5.49423
-5.45201
-5.49271
-5.57777
-5.51485
-5.49693
-5.47623
-5.48438
-5.44133
-5.42813
-5.42123
-5.4648
-5.54276
-5.47948
-5.50132
-5.63297
-5.55344
-5.62789
-5.64051
-5.62963
-5.64132
-5.63683
-5.56668
-5.6147
-5.52312
-5.5135
-5.52696
-5.62738
-5.48801
-5.52776
-5.48254
-5.56113
-5.54681
-5.46738
-5.49828
-5.57459
-5.46629
-5.47347
-5.49475
-5.45202
-5.54009
-5.4676
-5.42646
-5.37851
-5.5184
-5.48119
-5.38019
-5.46136
-5.58897
-5.62898
-5.63178
-5.71724
-5.79242
-5.71575
-5.72905
-5.72719
-5.69245
-5.67418
-5.69346
-5.57721
-5.51535
-5.62695
-5.60994
-5.59398
-5.73235
-5.68664
-5.61017
-5.63086
-5.51554
-5.64269
-5.58876
-5.61121
-5.64178
-5.64299
-5.6658
-5.54552
-5.53853
-5.4621
-5.38775
-5.25944
-5.41306
-5.50548
-5.54739
-5.52789
-5.50344
-5.51408
-5.61517
-5.67575
-5.60313
-5.56034
-5.59567
-5.61246
-5.65718
-5.58099
-5.59005
-5.56946
-5.55621
-5.60068
-5.479
-5.47374
-5.45296
-5.53072
-5.55753
-5.46507
-5.59041
-5.54139
-5.5099
-5.52923
-5.5708
-5.55043
-5.54177
-5.47413
-5.44559
-5.51705
-5.46082
-5.46809
-5.47505
-5.47497
-5.47908
-5.42796
-5.48152
-5.37534
-5.43059
-5.29656
-5.34907
-5.4292
-5.45801
-5.42946
-5.49672
-5.46023
-5.42696
-5.37209
-5.41063
-5.4117
-5.45169
-5.4234
-5.50248
-5.50023
-5.63301
-5.64254
-5.56852
-5.48133
-5.50161
-5.49714
-5.4215
-5.45246
-5.56373
-5.57303
-5.59985
-5.58191
-5.60136
-5.56244
-5.46762
-5.51399
-5.58522
-5.55078
-5.57681
-5.49438
-5.54792
-5.49982
-5.45239
-5.43732
-5.48286
-5.49373
-5.49277
-5.53112
-5.43163
-5.53582
-5.53687
-5.54162
-5.48639
-5.40299
-5.46862
-5.46732
-5.49546
-5.53427
-5.46768
-5.39681
-5.44494
-5.50924
-5.47673
-5.48637
-5.51823
-5.53189
-5.49129
-5.59447
-5.59807
-5.65866
-5.67556
-5.57495
-5.53068
-5.54305
-5.51524
-5.49412
-5.48619
-5.43948
-5.50393
-5.54791
-5.49257
-5.5149
-5.52982
-5.52511
-5.56168
-5.46877
-5.53702
-5.59706
-5.49936
-5.49047
-5.5043
-5.52233
-5.59559
-5.63974
-5.62781
-5.62742
-5.54521
-5.48632
-5.5025
-5.4478
-5.41183
-5.49198
-5.50923
-5.50883
-5.55928
-5.59933
-5.56544
-5.58057
-5.60357
-5.58521
-5.59422
-5.46863
-5.50688
-5.48369
-5.47065
-5.50592
-5.52964
-5.51693
-5.46191
-5.44598
-5.45104
-5.50326
-5.47902
-5.44364
-5.49756
-5.54299
-5.41915
-5.40433
-5.45212
-5.47535
-5.50457
-5.50132
-5.52141
-5.55565
-5.55911
-5.55018
-5.41623
-5.39336
-5.4937
-5.54384
-5.5768
-5.58314
-5.63667
-5.63325
-5.61645
-5.60901
-5.59875
-5.49755
-5.50494
-5.5187
-5.53649
-5.52639
-5.57368
-5.59027
-5.58459
-5.62438
-5.52517
-5.5364
-5.49388
-5.38214
-5.39779
-5.48794
-5.53839
-5.51345
-5.54672
-5.47663
-5.48411
-5.54373
-5.51884
-5.56669
-5.4897
-5.47336
-5.54265
-5.63824
-5.68234
-5.6545
-5.6115
-5.57939
-5.59214
-5.59308
-5.66724
-5.57846
-5.66422
-5.62195
-5.50115
-5.5078
-5.47455
-5.48577
-5.5433
-5.47064
-5.50794
-5.50847
-5.52507
-5.58371
-5.67301
-5.71237
-5.68167
-5.69278
-5.60809
-5.69877
-5.65395
-5.67801
-5.74522
-5.66043
-5.67054
-5.63541
-5.64208
