-4.89803
-4.0736
-3.46426
-3.33016
-2.85611
-2.40721
-2.01409
-1.58668
-1.28142
-1.45424
-1.30248
-1.74597
-1.76996
-1.3804
-1.23139
-0.874574
-0.899073
-0.519693
-0.487478
0.359725
-0.073754
-0.12071
-0.659965
-0.909312
-1.26214
-0.774502
-0.844091
-0.817762
-0.967451
-0.845073
-0.685525
-0.72413
-0.771321
-0.620305
-0.654405
-0.458571
-0.258879
-0.179458
-0.386208
-0.430152
-0.428234
-0.105041
-0.233575
-0.303505
-0.296938
-0.472111
-0.570687
-0.670968
-0.836448
-0.634981
-0.579058
-0.632317
-0.542668
-0.516926
-0.411329
-0.786799
-0.843575
-0.942305
-0.874643
-0.671118
-0.623189
0.0817663
0.11054
-0.135076
-0.0730431
-0.3657
-0.0915055
-0.0920867
-0.0956884
0.283912
0.175739
0.41271
0.310709
0.25459
0.165496
0.178968
-0.21355
-0.526026
-0.562707
-0.57037
-0.423983
-0.51558
-0.810809
-0.392632
0.0995272
-0.292814
-0.544433
-0.499792
-0.137881
-0.0760487
0.371582
0.349174
0.0462716
-0.192267
-0.236517
-0.182323
0.248545
-0.145214
0.218863
0.087506
0.425502
0.487752
0.407342
0.15555
0.143072
0.268929
0.362028
0.518455
0.411226
0.405692
0.3594
0.153905
0.268084
0.445312
0.0753314
-0.379895
-0.319944
-0.153944
0.000124051
-0.19786
0.28806
0.470811
0.718654
0.758685
1.06789
0.82649
0.486495
0.758005
0.845952
0.509836
0.583945
0.904527
0.681144
0.0940396
0.252646
0.0387995
-0.00901315
0.239084
0.170599
0.141565
0.167116
0.106388
0.197331
0.127277
0.282509
0.286859
0.428304
0.338234
0.338559
0.172875
0.395809
0.333419
0.609435
1.06407
0.933681
0.835874
0.584289
0.542344
0.906508
1.23714
0.459068
0.373905
0.568518
0.335778
0.449988
0.621239
0.783417
0.87949
0.654109
1.04361
0.481108
0.706681
0.437246
0.658664
0.594274
0.736896
0.681792
0.83942
0.827257
1.17911
1.35612
1.40104
1.57827
1.83072
1.14168
1.78049
1.99916
1.55574
1.22124
1.35829
1.39005
1.28371
1.14856
0.767765
1.41325
1.33749
1.83641
1.23224
1.17939
1.24434
0.947219
1.02447
0.931945
1.03127
0.887445
0.747632
0.610566
0.819486
0.86236
0.911324
0.561514
0.851431
1.14624
1.40242
1.47335
1.43764
1.18565
1.39851
1.16703
0.798403
0.892364
0.656091
0.804058
0.716601
0.873584
1.06063
0.927761
1.4797
1.4572
1.45605
1.52331
1.86241
1.89116
1.88659
1.98009
1.53819
1.73722
2.29195
2.69581
2.69854
2.37091
1.85307
1.26862
1.29143
1.54117
1.50266
0.965299
0.542933
1.06848
0.878975
1.41989
1.42474
1.52932
1.17623
0.859933
0.89281
1.19271
1.50896
1.03245
0.683408
0.741131
0.520761
0.772582
1.40183
1.16987
1.46563
1.15323
1.43556
1.26765
1.18945
1.32339
1.36661
1.59149
1.34102
1.2636
1.27509
1.18725
1.37403
1.63391
1.50378
1.28318
1.50878
1.63653
0.925758
0.722738
0.729962
0.88921
1.18814
1.15277
0.735424
1.25737
1.10577
1.63822
1.36442
1.41766
1.04859
1.34858
1.2232
1.12146
0.923641
1.29555
1.12609
0.797446
1.37469
1.18413
0.700266
0.925581
1.23598
1.56237
1.6812
1.99151
1.70368
1.15073
1.27065
1.40358
1.03848
0.811812
0.64135
0.72705
0.869976
1.46263
1.22072
1.85399
1.6209
1.50199
1.53801
1.54249
1.25739
1.20173
1.37611
1.13704
0.807859
1.06336
1.26788
1.18846
1.24565
1.10109
1.32376
1.06076
0.710097
0.271956
0.857848
0.792778
1.12888
0.863602
0.957474
1.24302
1.37694
1.22012
0.859855
0.741026
0.889843
0.874088
1.40663
1.52612
1.58964
1.76884
1.59647
1.85739
1.80801
1.50678
1.52957
1.63373
2.21139
1.85291
1.66856
2.0273
1.58332
1.61447
1.68957
1.66619
1.94386
1.7238
1.20133
1.50425
1.12436
0.946408
1.02431
1.53351
1.39654
1.60488
1.67948
1.49658
1.41004
1.19129
0.849252
0.755494
1.45244
1.06569
1.1143
1.33488
1.70854
1.67068
1.37318
1.50593
0.966461
1.04382
0.780777
0.531913
0.550137
0.774264
1.0763
0.870983
0.494095
0.565052
0.603975
0.41063
0.622303
0.589507
0.519075
0.527465
0.787249
1.42102
1.37508
1.5597
1.24494
2.06066
1.70305
1.93512
1.59811
1.17575
1.10006
1.27857
1.29127
1.49494
1.86375
2.14663
2.37485
2.56389
2.20161
1.78331
2.06806
2.08638
2.14607
2.03111
1.94476
2.16025
2.01608
1.95111
1.75371
1.4265
1.07969
0.489912
0.604342
1.09666
0.800729
1.26497
0.775549
1.19813
1.29808
1.56861
1.3137
1.27484
1.18248
1.11744
0.955216
1.13344
1.45882
0.923479
0.804911
0.764597
0.918761
0.951262
0.999386
0.672057
0.862666
0.603938
0.853976
0.655543
0.664454
1.1609
0.763567
1.01615
1.15176
1.24057
1.32746
1.51795
1.38298
1.01392
1.30934
1.39934
1.46459
1.3693
1.54201
1.61974
1.61193
1.45278
1.09427
1.3979
1.28413
0.707653
1.04085
0.776234
0.725352
0.809692
0.793052
0.749064
1.09338
0.863378
1.11534
1.22894
1.17444
0.772737
1.38461
1.25003
1.39571
1.04455
1.15316
1.46331
1.36549
1.06514
1.37918
1.32143
1.20279
1.52813
0.992544
1.2255
1.39179
1.62186
1.08755
1.21475
1.78106
1.45281
0.769505
0.49545
0.541788
0.187861
-0.25673
0.113702
0.123205
0.252648
0.355302
0.450222
0.368674
0.883073
1.25612
0.745419
0.787771
0.797447
0.17795
0.36722
0.724994
0.588648
1.13193
0.634096
0.860438
0.732517
0.623722
0.624426
0.483704
1.134
1.0946
1.37688
1.69963
2.24118
1.62842
1.27066
1.05499
1.13165
1.21902
1.22883
0.689404
0.403168
0.721349
0.901583
0.686697
0.624863
0.466564
0.87801
0.800801
0.829656
0.892876
0.716258
1.24928
1.32555
1.42524
1.13976
0.915234
1.33266
0.812621
1.06097
1.23859
1.09074
0.945829
0.939965
0.999036
1.21035
1.36737
1.10533
1.43421
1.38207
1.2964
1.39259
1.44648
1.7033
1.45673
1.84011
1.57527
2.11208
1.93414
1.60283
1.43623
1.62242
1.34029
1.49668
1.58662
1.72245
1.51874
1.44839
1.36667
1.44861
1.09492
1.14087
0.490472
0.497234
0.833799
1.22203
1.13255
1.23276
1.50907
1.35211
0.856591
0.76158
0.658945
0.730285
0.633984
0.788193
1.10074
0.900089
0.609324
0.735059
0.720476
1.05479
0.846022
1.03615
1.31094
1.423
1.27774
1.22209
1.12129
0.935921
1.52297
1.0831
1.0722
1.1025
1.27628
1.61444
1.27792
1.38636
1.17681
0.858585
1.15206
1.49268
1.29136
1.08767
1.24547
1.15274
0.979712
0.974297
1.12945
0.663464
0.693274
0.381364
0.275477
0.722569
0.916359
0.89209
1.03046
1.06273
1.11648
1.24439
1.0037
0.872438
1.0995
0.977058
1.01301
1.07134
0.856238
1.29481
1.04277
0.716282
1.13943
1.16842
1.02662
0.946102
0.615306
0.509986
0.507018
0.526534
0.900684
1.14917
1.07251
1.23419
1.39655
0.982947
0.883118
1.02902
0.864541
0.703689
0.790954
0.740515
0.719249
0.931321
0.829348
1.34366
1.24849
1.33936
1.44571
1.23603
1.05349
1.07102
1.35913
1.34326
1.37157
1.12078
1.19907
1.52969
1.29691
1.05235
1.48852
1.62619
1.41206
1.33909
1.18441
1.17754
1.02144
0.886786
0.90653
0.965659
1.5715
1.72521
1.25625
1.0737
0.870937
0.780759
0.544546
0.558931
0.544545
0.577289
0.68956
1.12772
1.13477
1.00318
1.14689
1.09561
0.906666
0.823256
0.895199
0.688021
1.22261
1.19209
1.32488
1.72892
1.67218
1.29489
1.10924
1.17801
1.01683
1.32276
1.31892
0.89185
0.997146
0.924201
1.1662
1.36946
1.10367
0.824482
0.606
0.710914
0.904597
0.954567
0.867524
0.901961
0.452327
0.880904
0.533609
0.699281
1.25452
1.33881
1.45772
1.45812
1.21625
1.48004
1.29531
1.31287
1.24222
0.899485
0.497461
0.33006
0.46333
0.422695
0.722383
0.328578
0.571306
0.431498
0.16228
0.595686
0.595434
0.718995
0.601349
