1.20001
1.20002
1.20004
1.20007
1.2001
1.20013
1.20017
1.20022
1.20027
1.20033
1.20039
1.20046
1.20053
1.20061
1.2007
1.20079
1.20089
1.20099
1.2011
1.20122
1.20134
1.20147
1.2016
1.20174
1.20189
1.20204
1.2022
1.20237
1.20255
1.20273
1.20292
1.20312
1.20333
1.20354
1.20377
1.204
1.20424
1.20449
1.20475
1.20502
1.2053
1.20558
1.20588
1.20619
1.20651
1.20685
1.20719
1.20754
1.20791
1.20829
1.20869
1.20909
1.20951
1.20995
1.2104
1.21086
1.21134
1.21184
1.21235
1.21287
1.21342
1.21398
1.21456
1.21515
1.21576
1.2164
1.21705
1.21772
1.2184
1.21911
1.21984
1.22059
1.22136
1.22214
1.22295
1.22378
1.22464
1.22551
1.2264
1.22732
1.22826
1.22923
1.23022
1.23123
1.23227
1.23333
1.23442
1.23553
1.23667
1.23783
1.23902
1.24024
1.24148
1.24275
1.24404
1.24536
1.2467
1.24806
1.24944
1.25084
1.25225
1.25367
1.25511
1.25654
1.25796
1.25938
1.26078
1.26215
1.26349
1.26478
1.26602
1.26721
1.26833
1.2694
1.27042
1.27141
1.27239
1.27341
1.27451
1.27573
1.27713
1.27874
1.28058
1.28266
1.28496
1.28743
1.29004
1.29273
1.29545
1.29816
1.30083
1.30342
1.30592
1.30832
1.31061
1.31278
1.31483
1.31675
1.31853
1.32016
1.32163
1.32294
1.32407
1.32501
1.32576
1.3263
1.32663
1.32675
1.32663
1.32629
1.19947
1.19875
1.19787
1.19686
1.19573
1.19452
1.19325
1.19197
1.19071
1.18953
1.18854
1.18784
1.18758
1.18794
1.18906
1.19103
1.19383
1.19736
1.2014
1.20569
1.20995
1.2139
1.21736
1.22015
1.2222
1.22344
1.22385
1.22344
1.22224
1.22031
1.21776
1.2147
1.21124
1.20745
1.20339
1.19915
1.195
1.19139
1.18895
1.18824
1.1895
1.19254
1.19681
1.20169
1.2067
1.21156
1.21612
1.22032
1.22414
1.22752
1.23043
1.23284
1.23472
1.23609
1.23695
1.23735
1.23734
1.23697
1.23631
1.23542
1.23439
1.23329
1.23221
1.23124
1.23044
1.22985
1.22952
1.22943
1.22956
1.22986
1.23024
1.23061
1.23091
1.23104
1.23093
1.23055
1.22986
1.22886
1.22757
1.22603
1.22429
1.22242
1.22048
1.21852
1.21657
1.21467
1.21283
1.21107
1.20947
1.20809
1.20706
1.2065
1.20649
1.20708
1.20826
1.20999
1.21221
1.2148
1.21765
1.2206
1.22347
1.22609
1.22833
1.23007
1.23128
1.23197
1.2322
1.2321
1.23183
1.23158
1.23151
1.23175
1.23234
1.23327
1.23444
1.23573
1.237
1.23813
1.23905
1.23971
1.24008
1.24017
1.24
1.23961
1.23904
1.23837
1.23767
1.23703
1.23656
1.23632
1.23639
1.23679
1.23751
1.23848
1.23963
1.24084
1.24205
1.24317
1.24417
1.24507
1.24589
1.24668
1.24749
1.24835
1.24927
1.2502
1.2511
1.25187
1.25242
1.25267
1.19984
1.19927
1.19823
1.19672
1.19478
1.19252
1.19018
1.18811
1.18669
1.18628
1.18705
1.1889
1.19155
1.19462
1.19774
1.20064
1.20306
1.20478
1.20561
1.20534
1.20387
1.20127
1.19787
1.1943
1.1914
1.19001
1.19062
1.19316
1.19709
1.20163
1.20604
1.20985
1.21283
1.21498
1.21643
1.21737
1.21802
1.21854
1.21903
1.21952
1.22002
1.22052
1.22102
1.22157
1.22224
1.22309
1.22417
1.22548
1.22696
1.22852
1.23006
1.23148
1.23267
1.23359
1.2342
1.23448
1.23444
1.23408
1.23343
1.23253
1.23144
1.23022
1.22896
1.22776
1.22675
1.22602
1.22569
1.22582
1.22647
1.22764
1.22927
1.23132
1.23366
1.23619
1.23878
1.24133
1.24374
1.24592
1.24782
1.24939
1.25061
1.25146
1.25193
1.25202
1.25174
1.25109
1.25007
1.24871
1.24704
1.24513
1.24311
1.24115
1.23945
1.23828
1.23788
1.23843
1.24001
1.24257
1.24589
1.2497
1.25371
1.25766
1.26136
1.2647
1.26763
1.27013
1.27221
1.27388
1.27516
1.27605
1.27657
1.27672
1.27651
1.27595
1.27504
1.27377
1.27212
1.27007
1.26755
1.26449
1.26081
1.25653
1.2518
1.24705
1.24294
1.24026
1.23962
1.24119
1.24461
1.24924
1.2544
1.25962
1.2646
1.26915
1.27321
1.27669
1.27957
1.28183
1.28348
1.28453
1.28503
1.28503
1.28456
1.28366
1.28231
1.28049
1.27812
1.27513
1.27143
1.26695
1.19498
1.18899
1.18233
1.17511
1.16757
1.16012
1.15343
1.1483
1.14552
1.14554
1.14826
1.15304
1.15893
1.165
1.17052
1.17506
1.17845
1.1807
1.18193
1.18237
1.18228
1.18189
1.18141
1.18092
1.18039
1.17975
1.17888
1.17776
1.17646
1.17516
1.17403
1.17321
1.17266
1.17218
1.17143
1.17005
1.16771
1.16423
1.15958
1.15397
1.14786
1.14189
1.13681
1.13334
1.13196
1.13278
1.13553
1.13966
1.14451
1.14944
1.15397
1.15777
1.16066
1.16256
1.16349
1.16347
1.16255
1.16079
1.15829
1.15515
1.15153
1.14769
1.14394
1.14064
1.13813
1.13669
1.13643
1.13728
1.13906
1.1415
1.1443
1.1472
1.15
1.15254
1.1547
1.15642
1.15764
1.15833
1.1585
1.15815
1.1573
1.15602
1.1544
1.15258
1.15072
1.14897
1.1475
1.14637
1.14562
1.14516
1.1449
1.14466
1.14431
1.14375
1.14293
1.14195
1.14099
1.14034
1.1403
1.14114
1.14299
1.14578
1.1493
1.15318
1.15705
1.16051
1.16324
1.16499
1.1656
1.16501
1.16329
1.16073
1.15783
1.15528
1.15375
1.15368
1.15503
1.15732
1.15988
1.16203
1.16331
1.16349
1.16254
1.16058
1.15784
1.15467
1.15151
1.14886
1.14719
1.14685
1.14797
1.1504
1.1538
1.15776
1.16188
1.16587
1.16953
1.17279
1.17562
1.17804
1.18009
1.1818
1.18322
1.18438
1.18531
1.18603
1.18657
1.18693
1.18713
1.18718
1.1999
1.19965
1.19925
1.19871
1.19801
1.19712
1.19603
1.1947
1.19311
1.19122
1.18903
1.18653
1.18378
1.18086
1.17793
1.1752
1.17291
1.17132
1.17063
1.17093
1.17216
1.17416
1.17666
1.17937
1.182
1.1843
1.18609
1.1872
1.18755
1.1871
1.18588
1.18398
1.18156
1.1788
1.1759
1.17302
1.17034
1.16802
1.16637
1.16582
1.1668
1.16955
1.1739
1.17933
1.18511
1.19058
1.19531
1.19909
1.20192
1.20387
1.20507
1.20563
1.20567
1.20527
1.2045
1.20343
1.20211
1.20063
1.19906
1.19747
1.1959
1.19437
1.19286
1.19131
1.18971
1.18806
1.18648
1.18515
1.18424
1.18389
1.18408
1.18469
1.18547
1.18619
1.18665
1.18673
1.18636
1.18552
1.18418
1.18231
1.17989
1.17692
1.17352
1.16997
1.16671
1.16429
1.16318
1.16365
1.16562
1.16872
1.17244
1.17631
1.17995
1.18311
1.18568
1.18763
1.18902
1.18995
1.19055
1.19092
1.19112
1.19113
1.19091
1.1904
1.18955
1.18832
1.18675
1.18487
1.18277
1.18054
1.17828
1.17609
1.17411
1.17248
1.17133
1.17077
1.17084
1.17151
1.17267
1.17416
1.17576
1.17726
1.17845
1.17913
1.17916
1.17842
1.17684
1.17441
1.17116
1.16721
1.16275
1.15808
1.15359
1.14974
1.14695
1.14554
1.14561
1.14703
1.14944
1.15238
1.15538
1.15807
1.16021
1.16168
1.16249
1.16275
1.16259
1.16221
1.16178
1.16146
1.19989
1.20003
1.20041
1.20099
1.20171
1.20249
1.20327
1.204
1.20466
1.20522
1.20569
1.20606
1.20635
1.20656
1.20671
1.2068
1.20685
1.20686
1.20683
1.20677
1.20666
1.20651
1.20631
1.20606
1.20574
1.20535
1.20489
1.20435
1.20375
1.20309
1.2024
1.20169
1.20102
1.20045
1.20005
1.19988
1.20001
1.20047
1.20123
1.20221
1.2033
1.20435
1.20523
1.20582
1.20604
1.20584
1.20523
1.20426
1.20301
1.20157
1.20007
1.19863
1.19739
1.19649
1.19608
1.19628
1.19719
1.19882
1.20111
1.20392
1.20702
1.21012
1.21295
1.21523
1.21675
1.21737
1.21704
1.21583
1.21402
1.21205
1.21049
1.20995
1.21083
1.21319
1.21677
1.22103
1.22538
1.22931
1.23245
1.23463
1.2358
1.23603
1.23548
1.23439
1.23297
1.23142
1.22988
1.22837
1.2269
1.22542
1.2239
1.22234
1.22072
1.21901
1.21715
1.21502
1.21258
1.20986
1.20701
1.20433
1.20221
1.201
1.20092
1.20197
1.20393
1.20641
1.20896
1.21116
1.21269
1.21335
1.21309
1.21198
1.21015
1.20775
1.20493
1.20181
1.19852
1.19529
1.19244
1.19039
1.18956
1.19017
1.19217
1.19521
1.19876
1.20226
1.20527
1.2075
1.20888
1.20944
1.20936
1.20887
1.20819
1.20756
1.20712
1.20694
1.20704
1.20735
1.20779
1.20826
1.2087
1.20908
1.20941
1.2097
1.21001
1.21036
1.21078
1.21127
1.21179
1.21231
1.20036
1.20057
1.20055
1.20023
1.19963
1.1988
1.19787
1.19705
1.19658
1.19674
1.1977
1.19952
1.20211
1.20527
1.20872
1.21221
1.21552
1.21853
1.22116
1.22337
1.22518
1.22661
1.22767
1.22839
1.22879
1.22888
1.22866
1.22814
1.22732
1.22621
1.22483
1.22322
1.22144
1.21961
1.21782
1.21622
1.21494
1.21404
1.21354
1.21336
1.21334
1.21328
1.21295
1.21218
1.21086
1.20898
1.20661
1.20396
1.20129
1.19892
1.1972
1.19638
1.19659
1.1978
1.1998
1.20228
1.20487
1.20728
1.20934
1.21102
1.2124
1.21359
1.21472
1.21578
1.2167
1.21736
1.21761
1.21739
1.2167
1.21562
1.21432
1.21296
1.21173
1.21079
1.21022
1.21004
1.21023
1.21069
1.21134
1.21207
1.2128
1.21345
1.21399
1.21439
1.21466
1.21479
1.2148
1.2147
1.2145
1.21422
1.21388
1.21347
1.21301
1.21248
1.21189
1.21123
1.21049
1.20964
1.20868
1.2076
1.20637
1.20501
1.20353
1.20196
1.20037
1.19884
1.19749
1.19646
1.19586
1.19581
1.19637
1.19756
1.19932
1.20156
1.20416
1.207
1.20994
1.21292
1.21585
1.2187
1.22146
1.22411
1.22667
1.22915
1.23155
1.2339
1.23619
1.23843
1.2406
1.24269
1.24466
1.24647
1.24807
1.24937
1.2503
1.25074
1.25058
1.24971
1.24801
1.24534
1.24163
1.23687
1.23122
1.22506
1.21907
1.214
1.21051
1.20881
1.20869
1.20966
1.20137
1.20292
1.20427
1.20513
1.20534
1.20486
1.20388
1.2028
1.20219
1.20265
1.20465
1.20837
1.21373
1.22038
1.22783
1.23557
1.24317
1.25029
1.25668
1.26216
1.26659
1.26981
1.27171
1.27217
1.2711
1.26853
1.26465
1.25992
1.2551
1.25112
1.24874
1.24821
1.24914
1.25074
1.2522
1.25311
1.25348
1.25372
1.25436
1.25583
1.25824
1.2614
1.26491
1.26835
1.27138
1.27384
1.27568
1.27693
1.27766
1.27797
1.27793
1.27762
1.2771
1.27641
1.27559
1.27468
1.2737
1.27267
1.27162
1.27054
1.26946
1.26837
1.26725
1.2661
1.26491
1.26364
1.26231
1.26092
1.25953
1.2582
1.25705
1.2562
1.25578
1.25585
1.25643
1.25746
1.25883
1.26045
1.26221
1.26405
1.26594
1.26788
1.26985
1.2718
1.27362
1.27513
1.27607
1.27613
1.27496
1.27217
1.26748
1.26082
1.25256
1.24372
1.23586
1.23059
1.22877
1.23016
1.23373
1.23835
1.24321
1.24787
1.25213
1.25589
1.25913
1.2619
1.26425
1.26619
1.26773
1.26879
1.26929
1.26917
1.26842
1.26708
1.26527
1.26314
1.26088
1.2587
1.25676
1.2552
1.25409
1.25343
1.25319
1.25329
1.25365
1.25421
1.25493
1.25579
1.25677
1.25787
1.25906
1.26029
1.2615
1.2626
1.26354
1.26424
1.26469
1.26486
1.26477
1.26444
1.26393
1.26327
1.26251
1.26171
1.26088
1.26006
1.25925
1.25846
1.25768
1.25689
1.19922
1.19836
1.19743
1.19644
1.19539
1.19431
1.19324
1.19225
1.19141
1.19079
1.19042
1.19032
1.19045
1.19077
1.19119
1.1916
1.19193
1.1921
1.19205
1.19173
1.19114
1.19025
1.18908
1.18762
1.18589
1.1839
1.1817
1.17934
1.17692
1.17457
1.17248
1.17083
1.1698
1.16947
1.16985
1.17082
1.17218
1.17371
1.17522
1.17655
1.17761
1.17837
1.17878
1.17885
1.17855
1.17784
1.1767
1.17511
1.17314
1.1709
1.16865
1.1667
1.16539
1.16494
1.16538
1.16652
1.16803
1.16955
1.17079
1.17158
1.1719
1.17178
1.17134
1.17071
1.16999
1.16928
1.16864
1.16809
1.16766
1.16736
1.16719
1.1672
1.16742
1.16786
1.16852
1.16935
1.1703
1.17128
1.17219
1.17298
1.17357
1.17394
1.17404
1.17383
1.17329
1.17237
1.17104
1.16929
1.16713
1.16463
1.16186
1.15899
1.15623
1.15383
1.15209
1.15125
1.15146
1.15274
1.15495
1.15787
1.1612
1.16467
1.16805
1.1712
1.17402
1.17646
1.1785
1.18017
1.18147
1.18242
1.18305
1.18338
1.18342
1.18316
1.1826
1.18173
1.18052
1.17897
1.17707
1.17487
1.17241
1.16978
1.16707
1.16432
1.16153
1.15864
1.15553
1.15214
1.14849
1.14481
1.14154
1.1393
1.13867
1.1399
1.14286
1.14698
1.15158
1.15602
1.15988
1.16292
1.16507
1.16633
1.16676
1.16641
1.16533
1.16358
1.16123
1.15839
1.15525
1.15202
1.19702
1.19437
1.19249
1.19164
1.19199
1.19358
1.19628
1.1998
1.20375
1.20769
1.21126
1.21424
1.2165
1.21801
1.2188
1.21894
1.21848
1.21749
1.21599
1.21403
1.21163
1.20881
1.20563
1.20218
1.19862
1.19515
1.19207
1.18971
1.18835
1.18817
1.18915
1.19112
1.19374
1.19669
1.19965
1.20243
1.20491
1.20703
1.20882
1.21026
1.2114
1.21222
1.21271
1.21284
1.21258
1.21187
1.21064
1.20884
1.20645
1.20348
1.20002
1.19619
1.19223
1.18837
1.18484
1.18186
1.1796
1.1782
1.17773
1.1782
1.17948
1.18132
1.1834
1.18542
1.18718
1.18855
1.18952
1.19018
1.19065
1.19109
1.19163
1.19235
1.19328
1.19434
1.19544
1.19645
1.19727
1.19782
1.19808
1.19809
1.1979
1.1976
1.19728
1.19701
1.19686
1.19687
1.19703
1.19734
1.19775
1.19822
1.19871
1.19919
1.19963
1.20002
1.20035
1.20065
1.20091
1.20116
1.20142
1.20171
1.20203
1.20241
1.20283
1.20331
1.20383
1.20439
1.20497
1.20555
1.20613
1.20668
1.20719
1.20763
1.20798
1.20823
1.20833
1.20828
1.20804
1.20762
1.20701
1.20624
1.20535
1.20437
1.20331
1.20215
1.20086
1.19939
1.19777
1.1961
1.19466
1.1938
1.19387
1.19501
1.19709
1.19969
1.20229
1.20442
1.20574
1.20612
1.20559
1.2043
1.20252
1.20059
1.19886
1.19765
1.19716
1.19744
1.19842
1.19987
1.20157
1.2033
1.20151
1.20295
1.20425
1.20543
1.20653
1.20756
1.20852
1.20939
1.21011
1.21063
1.21089
1.21083
1.21041
1.20961
1.20844
1.20693
1.20518
1.20333
1.2016
1.20024
1.19952
1.19965
1.2007
1.20261
1.20518
1.20817
1.21134
1.21449
1.21747
1.22018
1.22256
1.22459
1.22624
1.22751
1.22843
1.22899
1.22923
1.22917
1.22885
1.22827
1.22747
1.22647
1.22529
1.22397
1.22252
1.22101
1.21947
1.21797
1.21656
1.21533
1.21431
1.21355
1.21308
1.21291
1.21301
1.21335
1.21387
1.21448
1.2151
1.21561
1.21591
1.21586
1.21537
1.21434
1.21273
1.21054
1.20784
1.2048
1.20167
1.19875
1.19632
1.19459
1.19365
1.19351
1.1941
1.1953
1.19701
1.19909
1.20138
1.20375
1.20608
1.20829
1.21035
1.21225
1.214
1.21559
1.21698
1.21813
1.21897
1.21944
1.21943
1.21883
1.2175
1.21526
1.21191
1.20724
1.20115
1.19386
1.18612
1.17946
1.17586
1.17679
1.18229
1.19083
1.20026
1.20883
1.21557
1.22017
1.22268
1.22326
1.22211
1.21947
1.21565
1.21113
1.2065
1.20236
1.19918
1.19708
1.19582
1.19501
1.19429
1.19353
1.19281
1.19239
1.1925
1.19328
1.19468
1.19655
1.19866
1.2008
1.20279
1.20452
1.20592
1.20696
1.20763
1.20793
1.20789
1.20752
1.20684
1.20586
1.20462
1.20314
1.20144
1.19954
1.19747
1.19525
1.19292
1.1905
1.18807
1.1857
1.19792
1.19606
1.19468
1.19394
1.19393
1.19469
1.19616
1.19817
1.2005
1.20292
1.20518
1.20709
1.20849
1.20931
1.2095
1.20904
1.20797
1.20631
1.20411
1.2014
1.19822
1.19461
1.19063
1.18642
1.18219
1.17832
1.17533
1.17374
1.17393
1.17597
1.17954
1.18407
1.18893
1.19359
1.19773
1.20119
1.20395
1.20606
1.20762
1.20871
1.20944
1.20988
1.21009
1.21015
1.21008
1.20993
1.20971
1.20944
1.20913
1.20876
1.20834
1.20785
1.20728
1.20662
1.20587
1.20502
1.20409
1.20309
1.20205
1.20095
1.19981
1.19861
1.19733
1.19598
1.1946
1.19325
1.19205
1.19117
1.19073
1.19084
1.19154
1.19282
1.19458
1.19671
1.1991
1.20162
1.20416
1.20664
1.20898
1.21112
1.21303
1.21468
1.2161
1.21731
1.21835
1.21926
1.22008
1.2208
1.22139
1.22177
1.2218
1.22134
1.22021
1.21825
1.21535
1.21148
1.20675
1.20151
1.19632
1.19191
1.18904
1.18825
1.18969
1.19302
1.19758
1.20259
1.20739
1.2115
1.21469
1.21694
1.21834
1.2191
1.21944
1.21956
1.2196
1.21963
1.21966
1.21965
1.21957
1.21941
1.21918
1.21895
1.21877
1.2187
1.21877
1.21897
1.21925
1.2195
1.2196
1.2194
1.21875
1.21748
1.21547
1.21265
1.20901
1.20463
1.19974
1.19471
1.19006
1.18638
1.18427
1.18415
1.18614
1.18998
1.19509
1.20072
1.20611
1.21066
1.21399
1.21592
1.20032
1.19947
1.19759
1.19492
1.19172
1.18827
1.18485
1.18174
1.17922
1.17751
1.17678
1.17706
1.17832
1.18039
1.18301
1.18591
1.1888
1.19144
1.19363
1.19523
1.19616
1.19638
1.1959
1.19478
1.19311
1.19102
1.18868
1.18625
1.18391
1.18182
1.18006
1.17868
1.17766
1.17696
1.17648
1.17614
1.17584
1.1755
1.17503
1.17437
1.17342
1.17211
1.17036
1.16809
1.16526
1.16187
1.15798
1.15372
1.14931
1.14506
1.1413
1.13837
1.13656
1.13601
1.13672
1.13851
1.14112
1.14421
1.14747
1.15062
1.15344
1.15582
1.15768
1.159
1.1598
1.1601
1.1599
1.15921
1.15799
1.15619
1.15372
1.15046
1.14632
1.14122
1.13524
1.1286
1.12185
1.11574
1.11119
1.10892
1.10927
1.11199
1.11643
1.12175
1.12722
1.13227
1.13662
1.14016
1.14291
1.14497
1.14645
1.14748
1.14814
1.14854
1.14873
1.14876
1.14864
1.1484
1.14804
1.14754
1.14688
1.14604
1.14499
1.14367
1.14205
1.14008
1.13774
1.13502
1.132
1.12882
1.12576
1.12315
1.12134
1.12058
1.12095
1.12229
1.12432
1.12668
1.12908
1.13131
1.13328
1.13498
1.13644
1.13775
1.13899
1.14024
1.14155
1.14292
1.14432
1.14569
1.14695
1.14804
1.14891
1.14953
1.14991
1.15009
1.15012
1.15004
1.14994
1.14986
1.14987
1.15
1.1503
1.15076
1.1514
1.15218
1.15306
1.15401
1.15495
1.15584
1.20075
1.20141
1.20192
1.20228
1.2025
1.20261
1.20263
1.2026
1.20254
1.2025
1.20251
1.20261
1.20285
1.20326
1.20386
1.20467
1.20565
1.20675
1.20791
1.20904
1.21003
1.21081
1.21132
1.2115
1.21133
1.21081
1.21
1.20895
1.2078
1.20668
1.20576
1.20519
1.20507
1.20543
1.20624
1.20738
1.2087
1.21005
1.2113
1.21235
1.21317
1.21372
1.21404
1.21418
1.21422
1.21427
1.21442
1.2148
1.2155
1.21656
1.21797
1.21969
1.22159
1.22355
1.22541
1.22702
1.22826
1.22902
1.22922
1.22882
1.22782
1.22625
1.22424
1.22197
1.21969
1.21767
1.21611
1.21513
1.21472
1.21473
1.21498
1.21527
1.21547
1.21552
1.21541
1.21524
1.21511
1.21517
1.21555
1.21638
1.21776
1.2197
1.2222
1.22515
1.22843
1.2319
1.23539
1.23876
1.2419
1.24472
1.24715
1.24918
1.25079
1.252
1.25286
1.25341
1.25371
1.25381
1.25376
1.25355
1.25318
1.25256
1.25156
1.25001
1.24768
1.24434
1.23984
1.23419
1.22785
1.22184
1.2177
1.21686
1.21986
1.22593
1.23347
1.24087
1.24709
1.25172
1.25476
1.2564
1.2569
1.25649
1.25538
1.25373
1.25167
1.2493
1.24671
1.24401
1.24125
1.23851
1.23586
1.23334
1.23103
1.22898
1.22729
1.22605
1.22538
1.22536
1.22607
1.22747
1.22949
1.23197
1.23471
1.23755
1.24031
1.2429
1.24524
1.24732
1.24913
1.25071
1.20127
1.20248
1.20357
1.20455
1.20543
1.20617
1.20672
1.207
1.20692
1.20636
1.20518
1.20322
1.20032
1.19635
1.19119
1.18484
1.17746
1.16945
1.16145
1.15429
1.14883
1.14568
1.14496
1.14625
1.14878
1.1517
1.15441
1.15663
1.15845
1.16019
1.16224
1.16488
1.16821
1.17214
1.17639
1.18064
1.18456
1.18788
1.1904
1.19199
1.19262
1.19227
1.19101
1.18896
1.18629
1.18322
1.18003
1.17695
1.17419
1.17187
1.16999
1.16844
1.16707
1.16571
1.16425
1.16268
1.16116
1.15998
1.1595
1.16007
1.16183
1.16465
1.16817
1.17192
1.17544
1.1784
1.18061
1.18197
1.18248
1.18215
1.181
1.17909
1.17644
1.17315
1.16934
1.16527
1.16125
1.15771
1.15508
1.15369
1.15367
1.15488
1.15701
1.15963
1.16234
1.16483
1.16687
1.16836
1.16926
1.1696
1.16943
1.16886
1.16799
1.16692
1.16575
1.16455
1.16338
1.1623
1.16136
1.1606
1.16005
1.15971
1.15957
1.15955
1.1596
1.15965
1.15963
1.15949
1.15917
1.15862
1.15782
1.15672
1.15532
1.15363
1.15168
1.14951
1.14713
1.14459
1.14201
1.13962
1.1378
1.13705
1.13779
1.14024
1.14425
1.14945
1.15532
1.16144
1.16748
1.17326
1.17867
1.18364
1.18811
1.19199
1.19523
1.19776
1.19948
1.20035
1.20028
1.1992
1.19705
1.19383
1.18962
1.18461
1.17915
1.17373
1.16891
1.16513
1.16262
1.1613
1.19944
1.19918
1.19909
1.19943
1.20075
1.2035
1.20769
1.21271
1.21761
1.22151
1.22389
1.22473
1.22443
1.22363
1.22292
1.22254
1.22224
1.22143
1.21953
1.21634
1.21231
1.2084
1.20577
1.20523
1.2069
1.21017
1.21414
1.218
1.22124
1.22364
1.2252
1.22602
1.22627
1.22618
1.226
1.22601
1.22648
1.22763
1.22955
1.23216
1.23527
1.23857
1.24179
1.24468
1.24712
1.24904
1.25046
1.2514
1.25193
1.25207
1.25189
1.25139
1.2506
1.24954
1.24821
1.24664
1.24484
1.24283
1.24067
1.23839
1.23609
1.23385
1.2318
1.23004
1.22869
1.22782
1.22744
1.2275
1.22789
1.2285
1.22918
1.22984
1.23043
1.23092
1.23136
1.23179
1.23227
1.23283
1.23352
1.23434
1.23529
1.23634
1.23747
1.23864
1.23982
1.241
1.24214
1.24325
1.24431
1.24532
1.24627
1.24714
1.24789
1.24842
1.24861
1.24823
1.24693
1.2442
1.23937
1.23175
1.22101
1.20801
1.1955
1.18765
1.18744
1.19413
1.20408
1.21381
1.22169
1.22765
1.2322
1.23583
1.23878
1.24107
1.24261
1.24332
1.24316
1.24211
1.24025
1.23767
1.23454
1.23107
1.22752
1.22424
1.22158
1.21991
1.21949
1.22044
1.22264
1.22582
1.22955
1.23341
1.23704
1.24016
1.24264
1.24437
1.24534
1.24551
1.24493
1.24366
1.2419
1.23994
1.23819
1.23702
1.23662
1.23691
1.23752
1.23789
1.23746
1.23587
1.1971
1.1931
1.18866
1.18443
1.18105
1.17898
1.17837
1.17911
1.18085
1.18316
1.18566
1.18804
1.19011
1.19181
1.19317
1.19429
1.19527
1.1962
1.19715
1.19811
1.19907
1.19994
1.20066
1.20115
1.20134
1.2012
1.20071
1.19989
1.19876
1.19739
1.19585
1.19424
1.19267
1.19124
1.19005
1.18913
1.1885
1.18811
1.18789
1.18774
1.18755
1.18723
1.1867
1.18591
1.18482
1.18344
1.18178
1.17988
1.17782
1.17574
1.17378
1.17215
1.17103
1.17055
1.17076
1.1716
1.17293
1.17456
1.17629
1.17796
1.17946
1.18073
1.18175
1.18255
1.18313
1.18353
1.18379
1.18393
1.18398
1.18395
1.18388
1.18378
1.18366
1.18355
1.18346
1.18343
1.18345
1.18356
1.18374
1.18396
1.18417
1.18427
1.18413
1.18357
1.18239
1.18038
1.17737
1.17325
1.16805
1.16198
1.15552
1.14932
1.14416
1.14067
1.13921
1.13971
1.1418
1.14495
1.14862
1.15242
1.15607
1.15943
1.16242
1.165
1.16716
1.16893
1.17033
1.1714
1.17219
1.17275
1.17312
1.17334
1.17344
1.17344
1.17336
1.17322
1.17302
1.17279
1.17251
1.17222
1.17189
1.17154
1.17116
1.17073
1.17023
1.16962
1.16886
1.1679
1.16666
1.16506
1.16304
1.16052
1.15748
1.15395
1.15008
1.14609
1.14232
1.13912
1.13684
1.1357
1.13582
1.13717
1.13958
1.14282
1.14659
1.15057
1.15449
1.15816
1.16148
1.16439
