1.80001
1.80003
1.80006
1.8001
1.80014
1.8002
1.80026
1.80033
1.80041
1.80049
1.80059
1.80069
1.8008
1.80092
1.80105
1.80118
1.80133
1.80149
1.80165
1.80182
1.80201
1.8022
1.8024
1.80261
1.80283
1.80306
1.80331
1.80356
1.80382
1.8041
1.80438
1.80468
1.80499
1.80532
1.80565
1.806
1.80636
1.80673
1.80712
1.80753
1.80794
1.80838
1.80882
1.80929
1.80977
1.81027
1.81078
1.81132
1.81187
1.81244
1.81303
1.81364
1.81427
1.81492
1.8156
1.81629
1.81701
1.81775
1.81852
1.81931
1.82013
1.82097
1.82183
1.82273
1.82365
1.8246
1.82557
1.82657
1.82761
1.82867
1.82976
1.83088
1.83203
1.83322
1.83443
1.83567
1.83695
1.83826
1.83961
1.84099
1.8424
1.84384
1.84533
1.84685
1.8484
1.84999
1.85163
1.85329
1.855
1.85675
1.85853
1.86036
1.86222
1.86412
1.86606
1.86804
1.87005
1.87209
1.87416
1.87626
1.87838
1.88051
1.88266
1.88481
1.88695
1.88907
1.89117
1.89323
1.89523
1.89717
1.89904
1.90081
1.9025
1.9041
1.90563
1.90711
1.90859
1.91011
1.91176
1.9136
1.91569
1.91811
1.92088
1.92399
1.92744
1.93115
1.93506
1.93909
1.94318
1.94724
1.95124
1.95513
1.95888
1.96248
1.96592
1.96918
1.97225
1.97513
1.97779
1.98024
1.98245
1.98441
1.98611
1.98752
1.98864
1.98945
1.98995
1.99012
1.98995
1.98944
1.79921
1.79813
1.79681
1.79529
1.79359
1.79178
1.78988
1.78795
1.78606
1.7843
1.7828
1.78175
1.78137
1.78191
1.78359
1.78654
1.79074
1.79604
1.8021
1.80854
1.81492
1.82086
1.82603
1.83023
1.8333
1.83516
1.83578
1.83516
1.83335
1.83046
1.82664
1.82205
1.81686
1.81117
1.80508
1.79873
1.7925
1.78709
1.78342
1.78236
1.78425
1.78881
1.79521
1.80254
1.81005
1.81733
1.82417
1.83048
1.83621
1.84129
1.84565
1.84926
1.85209
1.85413
1.85543
1.85603
1.85601
1.85545
1.85446
1.85313
1.85158
1.84994
1.84832
1.84686
1.84565
1.84478
1.84428
1.84415
1.84435
1.84479
1.84535
1.84592
1.84636
1.84655
1.8464
1.84582
1.84479
1.84329
1.84136
1.83905
1.83644
1.83363
1.83072
1.82777
1.82486
1.822
1.81924
1.81661
1.8142
1.81214
1.8106
1.80975
1.80974
1.81062
1.81239
1.81499
1.81831
1.8222
1.82648
1.8309
1.8352
1.83914
1.84249
1.84511
1.84692
1.84795
1.8483
1.84815
1.84775
1.84737
1.84727
1.84762
1.84851
1.84991
1.85166
1.85359
1.85549
1.8572
1.85858
1.85957
1.86012
1.86026
1.86
1.85941
1.85856
1.85755
1.8565
1.85555
1.85484
1.85448
1.85459
1.85519
1.85627
1.85773
1.85944
1.86127
1.86307
1.86475
1.86626
1.8676
1.86883
1.87002
1.87123
1.87253
1.8739
1.8753
1.87665
1.8778
1.87863
1.87901
1.79977
1.7989
1.79735
1.79508
1.79217
1.78878
1.78528
1.78216
1.78004
1.77943
1.78057
1.78334
1.78732
1.79193
1.79662
1.80096
1.80458
1.80718
1.80841
1.80801
1.8058
1.80191
1.79681
1.79145
1.78711
1.78502
1.78592
1.78974
1.79564
1.80244
1.80907
1.81478
1.81925
1.82247
1.82464
1.82606
1.82703
1.82781
1.82854
1.82928
1.83003
1.83077
1.83153
1.83236
1.83336
1.83464
1.83626
1.83822
1.84044
1.84279
1.8451
1.84721
1.84901
1.85039
1.85131
1.85173
1.85166
1.85112
1.85014
1.8488
1.84715
1.84532
1.84344
1.84164
1.84012
1.83903
1.83853
1.83874
1.83971
1.84145
1.84391
1.84697
1.85049
1.85428
1.85817
1.862
1.86561
1.86889
1.87173
1.87409
1.87591
1.87718
1.87789
1.87803
1.87761
1.87663
1.8751
1.87306
1.87055
1.8677
1.86467
1.86172
1.85918
1.85742
1.85681
1.85764
1.86002
1.86385
1.86884
1.87456
1.88057
1.88649
1.89204
1.89706
1.90145
1.9052
1.90832
1.91082
1.91274
1.91407
1.91485
1.91508
1.91476
1.91392
1.91255
1.91065
1.90819
1.90511
1.90133
1.89673
1.89121
1.88479
1.8777
1.87057
1.86441
1.86039
1.85944
1.86179
1.86692
1.87385
1.88161
1.88944
1.89689
1.90373
1.90981
1.91504
1.91936
1.92275
1.92521
1.92679
1.92754
1.92754
1.92684
1.92549
1.92347
1.92073
1.91718
1.91269
1.90714
1.90043
1.79247
1.78349
1.77349
1.76266
1.75135
1.74018
1.73014
1.72245
1.71828
1.71831
1.72239
1.72955
1.73839
1.74749
1.75578
1.76259
1.76767
1.77104
1.7729
1.77356
1.77342
1.77284
1.77212
1.77138
1.77059
1.76962
1.76831
1.76664
1.76469
1.76273
1.76105
1.75982
1.75899
1.75827
1.75715
1.75508
1.75157
1.74634
1.73936
1.73096
1.72179
1.71283
1.70521
1.70001
1.69794
1.69917
1.70329
1.70949
1.71676
1.72416
1.73096
1.73665
1.74098
1.74384
1.74523
1.7452
1.74382
1.74119
1.73743
1.73272
1.7273
1.72154
1.71591
1.71096
1.7072
1.70504
1.70464
1.70592
1.70859
1.71224
1.71644
1.7208
1.725
1.72881
1.73205
1.73463
1.73646
1.7375
1.73775
1.73722
1.73595
1.73403
1.7316
1.72887
1.72607
1.72346
1.72125
1.71956
1.71842
1.71775
1.71734
1.71699
1.71647
1.71562
1.7144
1.71293
1.71149
1.7105
1.71045
1.71171
1.71448
1.71867
1.72395
1.72978
1.73557
1.74076
1.74486
1.74749
1.74841
1.74752
1.74494
1.7411
1.73674
1.73291
1.73063
1.73052
1.73254
1.73598
1.73982
1.74304
1.74496
1.74524
1.74381
1.74087
1.73676
1.73201
1.72727
1.72329
1.72078
1.72028
1.72195
1.72559
1.7307
1.73664
1.74282
1.7488
1.7543
1.75918
1.76343
1.76706
1.77013
1.7727
1.77483
1.77658
1.77797
1.77905
1.77985
1.78039
1.78069
1.78077
1.79984
1.79947
1.79888
1.79807
1.79701
1.79569
1.79405
1.79206
1.78966
1.78683
1.78354
1.7798
1.77567
1.77129
1.7669
1.7628
1.75936
1.75698
1.75594
1.75639
1.75824
1.76124
1.76499
1.76905
1.773
1.77646
1.77913
1.7808
1.78132
1.78065
1.77882
1.77598
1.77234
1.7682
1.76385
1.75954
1.7555
1.75203
1.74956
1.74873
1.7502
1.75432
1.76085
1.769
1.77766
1.78587
1.79296
1.79864
1.80288
1.8058
1.8076
1.80845
1.80851
1.80791
1.80675
1.80514
1.80317
1.80095
1.79859
1.7962
1.79385
1.79156
1.78929
1.78697
1.78456
1.78209
1.77973
1.77772
1.77636
1.77583
1.77612
1.77703
1.77821
1.77929
1.77998
1.78009
1.77954
1.77828
1.77627
1.77347
1.76983
1.76538
1.76028
1.75495
1.75007
1.74643
1.74477
1.74548
1.74843
1.75307
1.75866
1.76447
1.76992
1.77467
1.77852
1.78144
1.78353
1.78493
1.78583
1.78639
1.78667
1.78669
1.78637
1.78561
1.78432
1.78248
1.78012
1.7773
1.77415
1.77081
1.76741
1.76414
1.76117
1.75872
1.757
1.75615
1.75626
1.75726
1.75901
1.76124
1.76364
1.76589
1.76767
1.7687
1.76874
1.76763
1.76526
1.76161
1.75674
1.75081
1.74412
1.73712
1.73039
1.72461
1.72042
1.71831
1.71842
1.72055
1.72416
1.72856
1.73306
1.7371
1.74031
1.74252
1.74374
1.74412
1.74388
1.74331
1.74267
1.74219
1.79984
1.80005
1.80062
1.80149
1.80256
1.80373
1.8049
1.806
1.80698
1.80783
1.80853
1.80909
1.80952
1.80984
1.81006
1.8102
1.81028
1.81029
1.81025
1.81015
1.80999
1.80977
1.80947
1.80908
1.8086
1.80802
1.80733
1.80653
1.80563
1.80464
1.80359
1.80254
1.80153
1.80068
1.80007
1.79982
1.80002
1.80071
1.80184
1.80331
1.80495
1.80653
1.80785
1.80873
1.80905
1.80875
1.80784
1.80639
1.80451
1.80235
1.8001
1.79794
1.79608
1.79473
1.79412
1.79442
1.79578
1.79822
1.80167
1.80588
1.81053
1.81518
1.81942
1.82284
1.82513
1.82606
1.82555
1.82375
1.82103
1.81807
1.81574
1.81493
1.81624
1.81979
1.82515
1.83154
1.83807
1.84396
1.84868
1.85195
1.8537
1.85404
1.85323
1.85158
1.84945
1.84713
1.84482
1.84256
1.84035
1.83812
1.83585
1.8335
1.83108
1.82852
1.82572
1.82253
1.81887
1.81479
1.81051
1.8065
1.80332
1.8015
1.80138
1.80296
1.8059
1.80962
1.81344
1.81674
1.81903
1.82003
1.81964
1.81797
1.81522
1.81163
1.8074
1.80271
1.79779
1.79293
1.78866
1.78559
1.78434
1.78526
1.78826
1.79282
1.79814
1.8034
1.8079
1.81126
1.81331
1.81416
1.81405
1.8133
1.81229
1.81134
1.81067
1.81041
1.81056
1.81103
1.81168
1.81238
1.81305
1.81362
1.81411
1.81455
1.81501
1.81554
1.81617
1.8169
1.81769
1.81846
1.80054
1.80086
1.80082
1.80035
1.79945
1.7982
1.7968
1.79557
1.79488
1.79511
1.79654
1.79927
1.80316
1.8079
1.81308
1.81831
1.82329
1.8278
1.83173
1.83506
1.83777
1.83991
1.8415
1.84259
1.84319
1.84332
1.843
1.84222
1.84098
1.83931
1.83724
1.83483
1.83217
1.82941
1.82673
1.82433
1.8224
1.82106
1.82031
1.82004
1.82001
1.81991
1.81942
1.81827
1.81629
1.81346
1.80992
1.80594
1.80193
1.79838
1.7958
1.79456
1.79489
1.7967
1.79971
1.80341
1.8073
1.81092
1.81402
1.81653
1.81859
1.82039
1.82207
1.82367
1.82505
1.82603
1.82642
1.82608
1.82505
1.82344
1.82147
1.81944
1.8176
1.81618
1.81533
1.81506
1.81534
1.81604
1.81702
1.81811
1.81919
1.82017
1.82098
1.82159
1.82199
1.82219
1.8222
1.82204
1.82175
1.82134
1.82082
1.82021
1.81951
1.81872
1.81784
1.81685
1.81573
1.81446
1.81303
1.8114
1.80956
1.80752
1.80529
1.80294
1.80055
1.79826
1.79624
1.79468
1.79379
1.79371
1.79456
1.79634
1.79898
1.80234
1.80625
1.8105
1.81492
1.81938
1.82377
1.82805
1.83219
1.83617
1.84001
1.84372
1.84733
1.85085
1.85428
1.85764
1.8609
1.86403
1.86699
1.86971
1.8721
1.87406
1.87544
1.8761
1.87587
1.87457
1.87201
1.86801
1.86245
1.85531
1.84682
1.83759
1.8286
1.82101
1.81576
1.81322
1.81303
1.81448
1.80206
1.80438
1.8064
1.8077
1.80801
1.80729
1.80581
1.80419
1.80329
1.80398
1.80697
1.81255
1.82059
1.83056
1.84174
1.85336
1.86476
1.87544
1.88502
1.89325
1.89988
1.90472
1.90757
1.90825
1.90665
1.9028
1.89697
1.88988
1.88265
1.87667
1.8731
1.87231
1.87371
1.8761
1.87831
1.87966
1.88022
1.88058
1.88154
1.88374
1.88736
1.89211
1.89737
1.90252
1.90707
1.91077
1.91352
1.91539
1.91649
1.91695
1.9169
1.91644
1.91565
1.91462
1.91339
1.91202
1.91055
1.90901
1.90743
1.90582
1.90419
1.90255
1.90088
1.89916
1.89736
1.89546
1.89347
1.89138
1.88929
1.88729
1.88557
1.8843
1.88367
1.88378
1.88464
1.88618
1.88825
1.89068
1.89332
1.89607
1.89891
1.90182
1.90478
1.9077
1.91043
1.91269
1.9141
1.9142
1.91244
1.90826
1.90122
1.89123
1.87884
1.86558
1.85379
1.84588
1.84315
1.84524
1.85059
1.85752
1.86481
1.87181
1.8782
1.88384
1.8887
1.89285
1.89637
1.89929
1.90159
1.90318
1.90393
1.90376
1.90263
1.90062
1.8979
1.89471
1.89132
1.88804
1.88514
1.8828
1.88113
1.88015
1.87979
1.87994
1.88048
1.88132
1.8824
1.88368
1.88516
1.88681
1.88859
1.89044
1.89224
1.8939
1.89531
1.89637
1.89703
1.89729
1.89715
1.89666
1.89589
1.8949
1.89377
1.89256
1.89132
1.89009
1.88888
1.8877
1.88653
1.88534
1.79883
1.79754
1.79615
1.79466
1.79308
1.79146
1.78986
1.78838
1.78712
1.78618
1.78563
1.78547
1.78568
1.78616
1.78678
1.78741
1.7879
1.78815
1.78807
1.7876
1.7867
1.78538
1.78361
1.78143
1.77883
1.77585
1.77255
1.76901
1.76537
1.76186
1.75872
1.75624
1.75469
1.75421
1.75478
1.75623
1.75827
1.76057
1.76283
1.76482
1.76642
1.76755
1.76818
1.76828
1.76782
1.76676
1.76505
1.76267
1.75971
1.75635
1.75298
1.75006
1.74809
1.74741
1.74807
1.74978
1.75205
1.75433
1.75618
1.75738
1.75785
1.75767
1.75701
1.75606
1.75498
1.75392
1.75296
1.75214
1.75149
1.75103
1.75079
1.7508
1.75113
1.75179
1.75277
1.75403
1.75546
1.75692
1.75829
1.75946
1.76036
1.7609
1.76105
1.76075
1.75993
1.75855
1.75655
1.75393
1.7507
1.74694
1.74279
1.73849
1.73434
1.73075
1.72814
1.72687
1.72719
1.72911
1.73243
1.7368
1.74179
1.747
1.75208
1.7568
1.76103
1.76468
1.76776
1.77025
1.7722
1.77363
1.77458
1.77507
1.77512
1.77474
1.7739
1.77259
1.77078
1.76845
1.76561
1.7623
1.75862
1.75468
1.7506
1.74647
1.74229
1.73795
1.7333
1.72822
1.72274
1.71721
1.71231
1.70896
1.708
1.70986
1.71428
1.72047
1.72736
1.73403
1.73982
1.74438
1.7476
1.7495
1.75015
1.74962
1.748
1.74537
1.74184
1.73759
1.73287
1.72802
1.79554
1.79155
1.78874
1.78747
1.78799
1.79037
1.79442
1.79971
1.80562
1.81153
1.8169
1.82136
1.82475
1.82701
1.82821
1.82841
1.82772
1.82623
1.82399
1.82105
1.81744
1.81322
1.80845
1.80328
1.79792
1.79272
1.78811
1.78457
1.78253
1.78225
1.78373
1.78667
1.79061
1.79503
1.79948
1.80365
1.80736
1.81055
1.81322
1.8154
1.81709
1.81832
1.81906
1.81927
1.81887
1.8178
1.81595
1.81326
1.80968
1.80523
1.80002
1.79429
1.78835
1.78255
1.77726
1.7728
1.76941
1.7673
1.7666
1.7673
1.76922
1.77198
1.7751
1.77814
1.78077
1.78282
1.78428
1.78527
1.78598
1.78663
1.78744
1.78853
1.78991
1.79151
1.79316
1.79468
1.7959
1.79673
1.79713
1.79714
1.79685
1.7964
1.79591
1.79551
1.79529
1.7953
1.79555
1.79601
1.79662
1.79733
1.79807
1.79878
1.79944
1.80002
1.80053
1.80097
1.80136
1.80174
1.80213
1.80256
1.80305
1.80361
1.80425
1.80497
1.80575
1.80658
1.80745
1.80833
1.8092
1.81002
1.81078
1.81144
1.81198
1.81234
1.8125
1.81242
1.81206
1.81142
1.81051
1.80936
1.80803
1.80655
1.80496
1.80322
1.80129
1.79909
1.79665
1.79415
1.79198
1.7907
1.7908
1.79252
1.79563
1.79954
1.80344
1.80663
1.80861
1.80918
1.80838
1.80645
1.80378
1.80089
1.79829
1.79647
1.79573
1.79617
1.79762
1.7998
1.80235
1.80496
1.80226
1.80443
1.80637
1.80814
1.80979
1.81134
1.81278
1.81409
1.81517
1.81595
1.81633
1.81624
1.81561
1.81442
1.81266
1.8104
1.80777
1.80499
1.8024
1.80036
1.79929
1.79948
1.80105
1.80391
1.80777
1.81226
1.81702
1.82174
1.8262
1.83026
1.83384
1.83688
1.83936
1.84127
1.84264
1.84349
1.84385
1.84376
1.84327
1.84241
1.84121
1.83971
1.83794
1.83595
1.83378
1.83151
1.8292
1.82695
1.82485
1.82299
1.82146
1.82033
1.81963
1.81936
1.81952
1.82003
1.8208
1.82172
1.82265
1.82342
1.82386
1.82379
1.82305
1.82152
1.8191
1.81581
1.81175
1.80719
1.8025
1.79812
1.79447
1.79188
1.79048
1.79027
1.79115
1.79296
1.79552
1.79863
1.80207
1.80562
1.80911
1.81243
1.81552
1.81838
1.82101
1.82338
1.82546
1.82719
1.82846
1.82916
1.82914
1.82824
1.82625
1.82289
1.81786
1.81086
1.80173
1.79079
1.77918
1.76919
1.76379
1.76519
1.77344
1.78625
1.8004
1.81324
1.82335
1.83026
1.83402
1.83488
1.83316
1.8292
1.82348
1.8167
1.80974
1.80354
1.79877
1.79562
1.79374
1.79252
1.79144
1.79029
1.78922
1.78858
1.78875
1.78991
1.79202
1.79483
1.798
1.8012
1.80419
1.80678
1.80888
1.81043
1.81144
1.8119
1.81184
1.81128
1.81026
1.8088
1.80694
1.80471
1.80216
1.79932
1.79621
1.79288
1.78937
1.78575
1.7821
1.77855
1.79688
1.79408
1.79202
1.7909
1.7909
1.79204
1.79424
1.79725
1.80075
1.80438
1.80777
1.81063
1.81274
1.81397
1.81424
1.81356
1.81195
1.80947
1.80617
1.8021
1.79733
1.79192
1.78595
1.77962
1.77328
1.76749
1.763
1.76061
1.7609
1.76396
1.76931
1.77611
1.78339
1.79039
1.79659
1.80178
1.80592
1.80909
1.81143
1.81307
1.81416
1.81481
1.81514
1.81522
1.81512
1.81489
1.81457
1.81416
1.81369
1.81314
1.81251
1.81178
1.81092
1.80993
1.8088
1.80753
1.80613
1.80464
1.80307
1.80143
1.79972
1.79791
1.796
1.79398
1.79189
1.78987
1.78808
1.78675
1.78609
1.78626
1.78732
1.78923
1.79187
1.79507
1.79865
1.80243
1.80624
1.80996
1.81347
1.81668
1.81954
1.82203
1.82415
1.82597
1.82752
1.82889
1.83012
1.8312
1.83209
1.83265
1.83271
1.83201
1.83032
1.82738
1.82302
1.81721
1.81013
1.80227
1.79448
1.78786
1.78355
1.78238
1.78454
1.78953
1.79636
1.80389
1.81108
1.81725
1.82204
1.8254
1.82751
1.82865
1.82916
1.82934
1.8294
1.82945
1.82949
1.82947
1.82935
1.82911
1.82877
1.82842
1.82815
1.82805
1.82816
1.82846
1.82887
1.82925
1.8294
1.82911
1.82812
1.82622
1.82321
1.81898
1.81351
1.80694
1.79961
1.79207
1.78508
1.77957
1.7764
1.77622
1.7792
1.78496
1.79263
1.80107
1.80916
1.81599
1.82099
1.82389
1.80048
1.79921
1.79639
1.79238
1.78758
1.78241
1.77727
1.77262
1.76883
1.76627
1.76516
1.7656
1.76748
1.77058
1.77451
1.77886
1.7832
1.78716
1.79045
1.79285
1.79424
1.79457
1.79385
1.79217
1.78966
1.78653
1.78301
1.77937
1.77587
1.77273
1.77009
1.76801
1.76649
1.76544
1.76473
1.76421
1.76376
1.76325
1.76255
1.76155
1.76013
1.75817
1.75554
1.75214
1.7479
1.74281
1.73697
1.73058
1.72397
1.71759
1.71195
1.70756
1.70485
1.70402
1.70507
1.70776
1.71167
1.71632
1.72121
1.72593
1.73017
1.73373
1.73652
1.7385
1.7397
1.74015
1.73986
1.73882
1.73699
1.73429
1.73057
1.72569
1.71947
1.71184
1.70285
1.69291
1.68277
1.67361
1.66678
1.66338
1.6639
1.66798
1.67464
1.68263
1.69082
1.69841
1.70493
1.71024
1.71437
1.71746
1.71968
1.72121
1.72222
1.72281
1.7231
1.72313
1.72296
1.7226
1.72206
1.7213
1.72032
1.71906
1.71748
1.71551
1.71308
1.71012
1.7066
1.70253
1.69799
1.69324
1.68864
1.68473
1.68201
1.68087
1.68142
1.68344
1.68648
1.69002
1.69362
1.69697
1.69993
1.70247
1.70466
1.70663
1.70849
1.71036
1.71232
1.71438
1.71648
1.71854
1.72043
1.72207
1.72336
1.7243
1.72487
1.72514
1.72517
1.72506
1.72491
1.72479
1.7248
1.72501
1.72545
1.72615
1.7271
1.72827
1.7296
1.73101
1.73242
1.73376
1.80113
1.80212
1.80289
1.80342
1.80376
1.80392
1.80395
1.8039
1.80381
1.80375
1.80377
1.80392
1.80428
1.80489
1.80579
1.807
1.80847
1.81013
1.81187
1.81355
1.81504
1.81622
1.81698
1.81724
1.81699
1.81622
1.815
1.81343
1.8117
1.81002
1.80864
1.80778
1.8076
1.80815
1.80936
1.81107
1.81304
1.81507
1.81694
1.81853
1.81975
1.82058
1.82106
1.82127
1.82134
1.8214
1.82163
1.8222
1.82325
1.82483
1.82696
1.82953
1.83239
1.83533
1.83811
1.84053
1.84239
1.84353
1.84384
1.84324
1.84172
1.83937
1.83635
1.83296
1.82954
1.8265
1.82416
1.8227
1.82207
1.82209
1.82246
1.82291
1.82321
1.82327
1.82312
1.82286
1.82267
1.82275
1.82332
1.82458
1.82664
1.82956
1.83329
1.83772
1.84265
1.84785
1.85308
1.85815
1.86285
1.86708
1.87073
1.87376
1.87618
1.878
1.87929
1.88012
1.88057
1.88072
1.88063
1.88033
1.87977
1.87884
1.87734
1.87501
1.87152
1.86652
1.85976
1.85129
1.84178
1.83277
1.82655
1.82529
1.82978
1.83889
1.8502
1.8613
1.87064
1.87758
1.88213
1.88459
1.88534
1.88474
1.88308
1.8806
1.8775
1.87394
1.87007
1.86601
1.86187
1.85777
1.85378
1.85001
1.84654
1.84347
1.84093
1.83907
1.83806
1.83805
1.8391
1.84121
1.84424
1.84795
1.85207
1.85632
1.86047
1.86435
1.86786
1.87097
1.87369
1.87606
1.80191
1.80371
1.80535
1.80683
1.80815
1.80926
1.81008
1.81051
1.81039
1.80954
1.80777
1.80483
1.80049
1.79452
1.78678
1.77726
1.7662
1.75418
1.74217
1.73143
1.72325
1.71852
1.71744
1.71937
1.72316
1.72755
1.73161
1.73494
1.73767
1.74029
1.74335
1.74731
1.75232
1.75821
1.76459
1.77096
1.77684
1.78181
1.78559
1.78799
1.78893
1.78841
1.78652
1.78344
1.77943
1.77484
1.77004
1.76542
1.76129
1.75781
1.75499
1.75267
1.75061
1.74856
1.74637
1.74402
1.74175
1.73997
1.73926
1.74011
1.74274
1.74698
1.75226
1.75788
1.76316
1.76761
1.77091
1.77296
1.77372
1.77322
1.77151
1.76863
1.76466
1.75972
1.75402
1.7479
1.74187
1.73657
1.73262
1.73054
1.7305
1.73232
1.73551
1.73944
1.74351
1.74724
1.75031
1.75254
1.75389
1.75439
1.75415
1.75329
1.75199
1.75039
1.74863
1.74682
1.74507
1.74345
1.74203
1.7409
1.74008
1.73957
1.73935
1.73933
1.73941
1.73948
1.73945
1.73923
1.73875
1.73794
1.73673
1.73508
1.73298
1.73044
1.72752
1.72426
1.72069
1.71689
1.71302
1.70942
1.7067
1.70557
1.70669
1.71035
1.71638
1.72417
1.73299
1.74216
1.75122
1.75989
1.768
1.77546
1.78216
1.78799
1.79285
1.79663
1.79923
1.80053
1.80042
1.79879
1.79558
1.79075
1.78443
1.77691
1.76872
1.7606
1.75336
1.74769
1.74394
1.74194
1.79917
1.79877
1.79864
1.79915
1.80112
1.80525
1.81154
1.81907
1.82642
1.83226
1.83583
1.83709
1.83664
1.83544
1.83438
1.83381
1.83336
1.83215
1.82929
1.82451
1.81846
1.8126
1.80865
1.80785
1.81034
1.81525
1.82121
1.827
1.83186
1.83547
1.8378
1.83903
1.83941
1.83927
1.839
1.83901
1.83972
1.84144
1.84432
1.84824
1.8529
1.85786
1.86268
1.86702
1.87068
1.87356
1.87569
1.87711
1.87789
1.87811
1.87783
1.87708
1.8759
1.87431
1.87232
1.86996
1.86726
1.86425
1.861
1.85759
1.85414
1.85078
1.84769
1.84506
1.84303
1.84172
1.84115
1.84125
1.84184
1.84275
1.84377
1.84476
1.84564
1.84639
1.84705
1.84769
1.8484
1.84925
1.85028
1.85151
1.85294
1.85452
1.85621
1.85796
1.85974
1.86149
1.86321
1.86487
1.86646
1.86798
1.86941
1.87072
1.87183
1.87263
1.87292
1.87234
1.87039
1.86629
1.85905
1.84762
1.83152
1.81201
1.79324
1.78148
1.78117
1.7912
1.80612
1.82072
1.83254
1.84147
1.8483
1.85375
1.85817
1.8616
1.86392
1.86499
1.86474
1.86317
1.86037
1.85651
1.85181
1.8466
1.84128
1.83636
1.83238
1.82987
1.82924
1.83066
1.83396
1.83872
1.84432
1.85012
1.85555
1.86024
1.86395
1.86656
1.86801
1.86827
1.86739
1.86549
1.86284
1.85992
1.85729
1.85552
1.85492
1.85536
1.85628
1.85683
1.8562
1.85381
1.79564
1.78966
1.78299
1.77664
1.77157
1.76846
1.76756
1.76866
1.77127
1.77474
1.77849
1.78206
1.78516
1.78771
1.78976
1.79144
1.79291
1.79431
1.79572
1.79717
1.7986
1.79991
1.80099
1.80172
1.80201
1.8018
1.80107
1.79983
1.79814
1.79608
1.79377
1.79135
1.789
1.78686
1.78507
1.78369
1.78275
1.78217
1.78184
1.78161
1.78133
1.78084
1.78005
1.77886
1.77723
1.77516
1.77267
1.76982
1.76673
1.7636
1.76067
1.75823
1.75655
1.75583
1.75614
1.7574
1.7594
1.76184
1.76443
1.76693
1.76918
1.77109
1.77263
1.77382
1.77469
1.7753
1.77568
1.77589
1.77596
1.77593
1.77582
1.77566
1.77549
1.77532
1.77519
1.77514
1.77518
1.77534
1.7756
1.77594
1.77625
1.7764
1.77619
1.77535
1.77358
1.77057
1.76606
1.75988
1.75207
1.74297
1.73328
1.72398
1.71624
1.71101
1.70881
1.70957
1.71271
1.71742
1.72293
1.72862
1.73411
1.73915
1.74363
1.7475
1.75074
1.75339
1.75549
1.7571
1.75829
1.75913
1.75969
1.76002
1.76017
1.76017
1.76005
1.75983
1.75954
1.75918
1.75877
1.75832
1.75784
1.75732
1.75674
1.75609
1.75534
1.75443
1.75329
1.75185
1.74999
1.7476
1.74456
1.74078
1.73621
1.73093
1.72512
1.71914
1.71348
1.70868
1.70525
1.70355
1.70373
1.70575
1.70937
1.71423
1.71988
1.72585
1.73174
1.73725
1.74221
1.74658
