-0.0406869
-0.0407078
-0.0407297
-0.0407643
-0.040807
-0.0408649
-0.0409213
-0.0409859
-0.0410683
-0.0411471
-0.0412438
-0.0413512
-0.0414671
-0.0415868
-0.0417294
-0.0418571
-0.0420032
-0.0421606
-0.0423246
-0.0424978
-0.0426779
-0.0428653
-0.0430669
-0.043276
-0.0435022
-0.0437435
-0.0439954
-0.0442484
-0.0445171
-0.0447945
-0.0450738
-0.0453791
-0.045694
-0.0460116
-0.0463512
-0.0467037
-0.0470623
-0.0474416
-0.0478278
-0.0482378
-0.0486625
-0.0490953
-0.0495389
-0.0500057
-0.0504868
-0.0509801
-0.0514956
-0.0520337
-0.0525855
-0.0531516
-0.0537467
-0.0543595
-0.0549834
-0.0556355
-0.0563116
-0.0570171
-0.057736
-0.0584759
-0.0592396
-0.060023
-0.0608314
-0.0616723
-0.0625463
-0.0634515
-0.0643765
-0.0653289
-0.0663068
-0.0673177
-0.068348
-0.0694096
-0.070508
-0.0716293
-0.0727833
-0.0739729
-0.0751892
-0.0764325
-0.0777104
-0.0790282
-0.0803769
-0.0817523
-0.0831692
-0.0846093
-0.0861038
-0.0876203
-0.0891877
-0.0907829
-0.0924207
-0.0940872
-0.0957948
-0.097539
-0.099334
-0.101159
-0.103024
-0.104926
-0.10686
-0.108828
-0.11084
-0.112885
-0.114963
-0.117058
-0.119187
-0.121336
-0.123489
-0.125641
-0.12779
-0.129915
-0.132022
-0.134071
-0.136076
-0.138012
-0.13988
-0.141655
-0.143343
-0.144953
-0.146481
-0.147958
-0.149427
-0.150958
-0.152598
-0.154437
-0.156528
-0.158946
-0.161709
-0.164825
-0.168269
-0.171987
-0.175901
-0.179943
-0.184025
-0.18809
-0.192089
-0.195968
-0.199722
-0.203328
-0.206756
-0.210007
-0.213078
-0.21595
-0.218625
-0.221061
-0.223267
-0.225234
-0.226927
-0.228348
-0.229465
-0.230272
-0.230769
-0.230936
-0.230769
-0.230259
-0.229359
-0.228274
-0.226954
-0.225428
-0.223734
-0.221911
-0.220013
-0.218083
-0.216194
-0.214438
-0.212942
-0.211886
-0.211504
-0.212047
-0.213727
-0.216672
-0.22087
-0.226163
-0.232237
-0.238671
-0.245052
-0.250993
-0.256171
-0.260366
-0.263439
-0.265307
-0.265919
-0.265304
-0.263501
-0.260616
-0.256795
-0.25219
-0.246997
-0.241299
-0.235202
-0.228852
-0.222635
-0.217212
-0.21354
-0.212473
-0.214361
-0.218913
-0.225319
-0.232653
-0.240168
-0.24745
-0.254285
-0.260594
-0.266323
-0.271412
-0.275774
-0.279387
-0.282207
-0.284249
-0.285546
-0.286149
-0.286132
-0.285583
-0.284584
-0.283255
-0.281709
-0.280065
-0.278457
-0.27699
-0.275776
-0.274909
-0.274415
-0.274294
-0.274488
-0.274937
-0.275502
-0.276081
-0.27653
-0.276722
-0.276576
-0.276002
-0.274961
-0.273461
-0.27152
-0.269212
-0.266605
-0.2638
-0.260882
-0.257942
-0.255031
-0.252181
-0.249422
-0.2468
-0.244382
-0.242321
-0.240788
-0.239946
-0.239939
-0.24082
-0.242585
-0.245184
-0.248498
-0.252394
-0.256662
-0.26108
-0.265384
-0.269312
-0.272673
-0.27529
-0.277116
-0.278134
-0.27848
-0.278333
-0.277933
-0.277553
-0.277446
-0.277804
-0.278695
-0.280082
-0.281836
-0.283772
-0.285681
-0.287387
-0.288772
-0.289752
-0.290304
-0.290431
-0.290174
-0.289589
-0.288734
-0.287723
-0.28668
-0.285721
-0.284999
-0.284652
-0.284758
-0.285361
-0.286439
-0.287899
-0.289621
-0.291445
-0.293242
-0.294916
-0.296416
-0.297761
-0.298985
-0.300173
-0.30138
-0.302678
-0.304049
-0.305456
-0.306803
-0.307962
-0.308785
-0.309168
-0.308953
-0.308091
-0.30654
-0.304272
-0.301349
-0.297955
-0.294454
-0.29134
-0.289215
-0.288604
-0.289746
-0.292519
-0.296498
-0.301099
-0.305788
-0.310129
-0.31376
-0.316357
-0.317591
-0.317179
-0.314969
-0.311071
-0.305976
-0.300613
-0.296271
-0.294172
-0.295081
-0.298896
-0.304788
-0.311596
-0.318221
-0.323931
-0.328399
-0.33162
-0.333796
-0.335219
-0.336195
-0.336965
-0.337689
-0.338423
-0.339178
-0.339942
-0.340708
-0.341533
-0.342535
-0.343821
-0.345447
-0.347405
-0.349628
-0.351972
-0.354282
-0.3564
-0.358205
-0.359583
-0.360499
-0.360913
-0.360846
-0.360315
-0.359337
-0.358002
-0.356365
-0.35454
-0.352646
-0.350855
-0.349334
-0.348248
-0.347748
-0.347953
-0.348926
-0.350676
-0.353134
-0.356192
-0.359696
-0.363485
-0.367377
-0.371211
-0.374822
-0.378094
-0.380941
-0.383301
-0.38512
-0.386389
-0.387104
-0.387247
-0.386823
-0.385847
-0.384312
-0.382264
-0.379763
-0.376909
-0.373873
-0.370922
-0.368378
-0.366619
-0.366009
-0.366839
-0.36922
-0.373049
-0.378039
-0.383765
-0.389781
-0.395705
-0.401255
-0.406277
-0.410672
-0.414424
-0.417535
-0.42004
-0.421954
-0.423295
-0.424069
-0.424305
-0.423991
-0.423142
-0.421768
-0.419855
-0.417399
-0.414324
-0.410543
-0.405948
-0.400448
-0.394014
-0.386932
-0.379803
-0.373633
-0.36961
-0.368653
-0.37101
-0.376148
-0.383086
-0.39084
-0.398669
-0.406125
-0.41296
-0.419046
-0.424282
-0.428607
-0.432
-0.434459
-0.436037
-0.436792
-0.436785
-0.436088
-0.434724
-0.432704
-0.429968
-0.426423
-0.421935
-0.416385
-0.409682
-0.401024
-0.392044
-0.382053
-0.371231
-0.359917
-0.34876
-0.338727
-0.331037
-0.326871
-0.326898
-0.330975
-0.338145
-0.346982
-0.356083
-0.364361
-0.371169
-0.376263
-0.379631
-0.381487
-0.382155
-0.382012
-0.381427
-0.380693
-0.379967
-0.379178
-0.378207
-0.376897
-0.375218
-0.373274
-0.371307
-0.369625
-0.368391
-0.367563
-0.366837
-0.365717
-0.363641
-0.36014
-0.354909
-0.347926
-0.339519
-0.330359
-0.321395
-0.313784
-0.308579
-0.306506
-0.307735
-0.31187
-0.318056
-0.32533
-0.332728
-0.339535
-0.345231
-0.349571
-0.352434
-0.353829
-0.353795
-0.352418
-0.349797
-0.346031
-0.341319
-0.335896
-0.330135
-0.324504
-0.319551
-0.315802
-0.313636
-0.313241
-0.314515
-0.317192
-0.320854
-0.325057
-0.329421
-0.333619
-0.337421
-0.340659
-0.343226
-0.345043
-0.346094
-0.346354
-0.345827
-0.344553
-0.342628
-0.340206
-0.337482
-0.334683
-0.332065
-0.329842
-0.32817
-0.327054
-0.326378
-0.325979
-0.325622
-0.32511
-0.324263
-0.323039
-0.321554
-0.320101
-0.319118
-0.319061
-0.320318
-0.323084
-0.327287
-0.332568
-0.33839
-0.344182
-0.349373
-0.353469
-0.356098
-0.35702
-0.356135
-0.353551
-0.349707
-0.345351
-0.341518
-0.339241
-0.339139
-0.341159
-0.344605
-0.348442
-0.351667
-0.353596
-0.353866
-0.352441
-0.349495
-0.345384
-0.340634
-0.335889
-0.33191
-0.329408
-0.328906
-0.33058
-0.334224
-0.339335
-0.345286
-0.351464
-0.357441
-0.362935
-0.367825
-0.372072
-0.375701
-0.37877
-0.38134
-0.383469
-0.385191
-0.386587
-0.387667
-0.388464
-0.389011
-0.389312
-0.389387
-0.389221
-0.388852
-0.388267
-0.387445
-0.386387
-0.385067
-0.383429
-0.381442
-0.379045
-0.376202
-0.372925
-0.36919
-0.365062
-0.360695
-0.356304
-0.352213
-0.348778
-0.346393
-0.34536
-0.345809
-0.347666
-0.35067
-0.354423
-0.358484
-0.362436
-0.365893
-0.36857
-0.370239
-0.370759
-0.370084
-0.36825
-0.365399
-0.361763
-0.357621
-0.353277
-0.348965
-0.344931
-0.34146
-0.338991
-0.338168
-0.339647
-0.343773
-0.350298
-0.358442
-0.367112
-0.375321
-0.382406
-0.388086
-0.392322
-0.395252
-0.397041
-0.397893
-0.397943
-0.397347
-0.39619
-0.394575
-0.392595
-0.390369
-0.388012
-0.385623
-0.383271
-0.380975
-0.378701
-0.376383
-0.373977
-0.371506
-0.369133
-0.367128
-0.365768
-0.365238
-0.365528
-0.366443
-0.367624
-0.368702
-0.369402
-0.36952
-0.368968
-0.367704
-0.365695
-0.362899
-0.359262
-0.354814
-0.349706
-0.34438
-0.33949
-0.335854
-0.334199
-0.334905
-0.33786
-0.342503
-0.348094
-0.353909
-0.359374
-0.364106
-0.367961
-0.370882
-0.372967
-0.374363
-0.375272
-0.375828
-0.376121
-0.376139
-0.37581
-0.375043
-0.373758
-0.371917
-0.369545
-0.366722
-0.363578
-0.360242
-0.356848
-0.353578
-0.350604
-0.34815
-0.346429
-0.345581
-0.345683
-0.346687
-0.348439
-0.350665
-0.353066
-0.35531
-0.357098
-0.358116
-0.358158
-0.357043
-0.35467
-0.35102
-0.346151
-0.340219
-0.333532
-0.326539
-0.319815
-0.314023
-0.309842
-0.307731
-0.307848
-0.309983
-0.3136
-0.318
-0.322507
-0.326551
-0.329765
-0.331972
-0.333193
-0.333562
-0.333325
-0.332748
-0.33211
-0.331615
-0.331409
-0.331619
-0.332185
-0.333064
-0.334138
-0.335292
-0.336461
-0.337563
-0.338532
-0.339374
-0.340075
-0.340641
-0.341074
-0.34139
-0.34161
-0.341747
-0.341822
-0.341826
-0.341787
-0.341686
-0.341519
-0.341295
-0.340989
-0.340597
-0.340118
-0.339532
-0.338836
-0.33804
-0.337136
-0.336142
-0.335104
-0.334047
-0.333038
-0.332175
-0.331568
-0.331314
-0.33152
-0.332202
-0.333339
-0.334814
-0.336445
-0.338022
-0.339353
-0.340235
-0.340545
-0.340248
-0.339345
-0.337893
-0.336005
-0.333849
-0.331588
-0.329427
-0.327572
-0.326233
-0.325617
-0.325923
-0.327286
-0.329739
-0.333182
-0.337393
-0.342039
-0.346692
-0.350929
-0.354354
-0.356654
-0.357576
-0.357079
-0.355264
-0.352561
-0.349597
-0.347271
-0.346466
-0.347776
-0.351336
-0.356692
-0.363078
-0.369608
-0.375488
-0.38022
-0.383492
-0.385238
-0.385578
-0.384757
-0.383105
-0.380988
-0.378664
-0.376353
-0.374106
-0.371897
-0.369673
-0.367395
-0.365049
-0.362622
-0.360057
-0.357266
-0.35408
-0.350421
-0.346338
-0.342067
-0.338042
-0.334859
-0.33304
-0.332923
-0.334499
-0.33743
-0.341152
-0.344972
-0.34827
-0.350559
-0.351558
-0.351165
-0.349496
-0.346748
-0.343144
-0.338914
-0.334241
-0.329315
-0.324458
-0.320177
-0.317116
-0.315867
-0.316788
-0.3198
-0.324349
-0.329679
-0.334933
-0.339448
-0.342794
-0.344844
-0.34569
-0.345566
-0.344827
-0.343812
-0.342854
-0.342181
-0.34193
-0.342076
-0.342544
-0.343204
-0.343906
-0.344571
-0.345138
-0.345627
-0.346068
-0.346532
-0.347054
-0.347688
-0.34843
-0.349224
-0.349982
-0.350631
-0.350953
-0.350914
-0.350441
-0.349538
-0.348292
-0.346899
-0.345658
-0.344954
-0.345182
-0.346618
-0.349351
-0.353249
-0.357986
-0.363161
-0.368396
-0.373382
-0.377894
-0.381828
-0.385148
-0.387865
-0.389997
-0.391589
-0.392679
-0.393281
-0.393414
-0.393093
-0.392309
-0.391081
-0.389417
-0.387335
-0.384922
-0.382258
-0.379491
-0.376808
-0.374398
-0.372465
-0.371116
-0.370366
-0.370102
-0.370071
-0.369969
-0.369485
-0.368336
-0.366361
-0.363542
-0.359984
-0.356004
-0.351999
-0.348462
-0.345873
-0.344641
-0.344955
-0.346767
-0.34977
-0.353476
-0.357367
-0.360989
-0.364086
-0.366608
-0.368675
-0.370466
-0.372156
-0.373741
-0.375132
-0.376108
-0.376488
-0.376158
-0.375119
-0.37351
-0.371548
-0.36951
-0.367675
-0.366259
-0.365404
-0.365139
-0.365422
-0.366128
-0.367101
-0.368198
-0.369283
-0.370266
-0.371073
-0.371682
-0.372097
-0.372298
-0.372304
-0.372159
-0.371866
-0.371444
-0.370924
-0.370317
-0.369623
-0.368838
-0.367953
-0.366967
-0.365845
-0.364576
-0.363143
-0.361505
-0.359671
-0.357629
-0.355402
-0.35306
-0.350674
-0.348385
-0.346357
-0.344796
-0.343892
-0.343811
-0.344649
-0.346427
-0.349068
-0.352423
-0.356318
-0.360569
-0.364991
-0.369457
-0.37386
-0.378139
-0.382272
-0.386248
-0.390088
-0.393801
-0.397412
-0.400939
-0.40437
-0.407724
-0.410977
-0.414109
-0.41707
-0.419797
-0.422191
-0.424151
-0.425532
-0.426193
-0.425963
-0.424668
-0.422106
-0.418108
-0.412546
-0.405401
-0.396924
-0.387696
-0.378693
-0.371102
-0.36586
-0.363316
-0.363135
-0.364592
-0.366985
-0.369316
-0.371332
-0.372637
-0.372948
-0.372228
-0.370751
-0.369126
-0.368205
-0.368901
-0.371884
-0.377474
-0.385504
-0.395476
-0.406653
-0.418272
-0.429679
-0.440357
-0.449936
-0.458162
-0.464796
-0.469641
-0.472486
-0.473164
-0.47157
-0.46771
-0.461886
-0.45479
-0.447561
-0.441581
-0.438006
-0.437207
-0.438611
-0.441003
-0.443201
-0.444563
-0.445124
-0.44548
-0.446446
-0.448641
-0.452255
-0.457007
-0.46227
-0.467421
-0.471969
-0.475654
-0.478407
-0.480288
-0.48139
-0.481858
-0.4818
-0.481337
-0.480548
-0.479514
-0.478289
-0.476911
-0.475437
-0.4739
-0.472308
-0.470701
-0.469064
-0.467426
-0.465762
-0.464041
-0.462237
-0.460347
-0.458353
-0.456269
-0.454173
-0.45217
-0.450447
-0.449172
-0.44854
-0.448635
-0.4495
-0.451039
-0.453117
-0.455548
-0.458193
-0.460954
-0.463802
-0.466719
-0.469674
-0.472605
-0.47533
-0.47759
-0.479003
-0.479104
-0.477335
-0.473156
-0.466109
-0.456107
-0.443726
-0.43046
-0.41868
-0.410772
-0.408051
-0.410139
-0.415483
-0.422405
-0.429696
-0.436702
-0.443082
-0.448712
-0.453579
-0.457731
-0.461242
-0.464168
-0.466478
-0.468061
-0.468811
-0.468636
-0.467507
-0.465508
-0.462791
-0.459603
-0.456232
-0.452952
-0.450043
-0.447692
-0.446025
-0.445047
-0.444685
-0.444837
-0.445386
-0.446224
-0.447297
-0.448578
-0.450053
-0.451707
-0.453491
-0.455326
-0.457132
-0.458786
-0.460191
-0.461243
-0.461909
-0.462159
-0.462014
-0.46153
-0.460758
-0.459776
-0.458643
-0.457429
-0.456179
-0.454948
-0.453745
-0.45257
-0.451399
-0.45021
-0.448859
-0.447567
-0.446175
-0.444684
-0.443097
-0.441463
-0.439867
-0.438388
-0.437118
-0.436177
-0.435627
-0.435475
-0.435682
-0.436141
-0.436769
-0.4374
-0.437892
-0.438144
-0.438054
-0.437578
-0.436681
-0.435354
-0.43358
-0.431389
-0.428786
-0.425806
-0.422502
-0.418962
-0.415329
-0.411811
-0.408676
-0.406195
-0.404641
-0.404165
-0.404719
-0.40617
-0.40821
-0.410509
-0.412767
-0.414763
-0.416365
-0.417489
-0.418119
-0.418212
-0.417753
-0.4167
-0.414987
-0.412617
-0.409637
-0.406286
-0.402903
-0.399983
-0.398016
-0.397335
-0.397992
-0.399706
-0.401965
-0.404243
-0.406099
-0.40729
-0.407756
-0.407584
-0.406912
-0.405957
-0.404873
-0.403809
-0.402854
-0.402031
-0.401377
-0.400913
-0.400666
-0.400678
-0.400998
-0.40166
-0.402651
-0.403906
-0.405337
-0.406801
-0.408168
-0.409352
-0.410247
-0.410801
-0.410948
-0.410649
-0.409831
-0.408451
-0.406455
-0.403825
-0.400587
-0.396827
-0.392676
-0.388372
-0.384223
-0.380624
-0.378012
-0.376744
-0.377062
-0.378978
-0.382305
-0.386681
-0.391673
-0.396875
-0.401962
-0.406686
-0.410917
-0.414579
-0.417642
-0.420132
-0.422088
-0.423523
-0.424476
-0.424965
-0.425015
-0.42463
-0.423786
-0.42248
-0.42067
-0.418344
-0.415503
-0.41219
-0.408494
-0.40455
-0.400479
-0.396352
-0.392168
-0.387818
-0.383168
-0.378086
-0.372609
-0.367074
-0.362172
-0.358822
-0.357873
-0.35973
-0.364149
-0.37034
-0.377228
-0.383899
-0.389689
-0.394245
-0.397477
-0.399374
-0.400014
-0.399488
-0.39787
-0.39523
-0.39171
-0.387444
-0.382723
-0.377871
-0.372709
-0.368722
-0.365895
-0.364625
-0.365159
-0.367536
-0.37159
-0.376874
-0.382791
-0.388701
-0.394064
-0.398538
-0.401932
-0.404194
-0.4054
-0.405607
-0.404919
-0.403421
-0.401179
-0.398237
-0.394637
-0.390408
-0.385639
-0.380462
-0.375111
-0.369924
-0.365308
-0.361764
-0.359728
-0.359448
-0.360917
-0.363858
-0.367794
-0.372218
-0.376659
-0.380823
-0.384528
-0.387714
-0.390386
-0.392565
-0.394263
-0.395491
-0.396229
-0.396438
-0.396043
-0.394984
-0.393158
-0.39046
-0.386878
-0.38243
-0.37722
-0.371483
-0.36553
-0.359734
-0.354447
-0.349981
-0.346581
-0.344477
-0.343777
-0.344483
-0.346403
-0.349155
-0.352271
-0.355314
-0.357951
-0.360001
-0.361475
-0.36246
-0.363165
-0.363817
-0.364627
-0.365722
-0.367105
-0.368706
-0.370354
-0.371868
-0.373083
-0.373904
-0.374301
-0.374315
-0.374031
-0.373576
-0.373092
-0.372698
-0.372486
-0.372495
-0.372744
-0.3732
-0.373812
-0.374518
-0.37526
-0.375985
-0.376643
-0.377227
-0.377736
-0.378176
-0.378572
-0.378944
-0.379318
-0.379752
-0.380236
-0.380801
-0.381438
-0.382161
-0.382942
-0.383778
-0.384656
-0.385529
-0.386406
-0.387227
-0.387983
-0.388644
-0.389179
-0.38954
-0.389695
-0.389613
-0.389263
-0.38861
-0.387699
-0.386548
-0.385204
-0.383736
-0.38214
-0.380409
-0.378473
-0.376278
-0.373834
-0.37133
-0.369153
-0.367878
-0.36798
-0.369696
-0.37281
-0.376707
-0.380612
-0.383806
-0.385789
-0.386362
-0.385561
-0.383637
-0.380979
-0.378086
-0.375492
-0.373668
-0.372936
-0.373366
-0.37482
-0.377
-0.379549
-0.382153
-0.3848
-0.386964
-0.388908
-0.390682
-0.39233
-0.393878
-0.395328
-0.396636
-0.39771
-0.398482
-0.39886
-0.398774
-0.398146
-0.396951
-0.395188
-0.392932
-0.390304
-0.387521
-0.384917
-0.382892
-0.381822
-0.382014
-0.383589
-0.386443
-0.390299
-0.394784
-0.399542
-0.404256
-0.408712
-0.412779
-0.416366
-0.419402
-0.421877
-0.423799
-0.425171
-0.42601
-0.426376
-0.426286
-0.425798
-0.424932
-0.423734
-0.422233
-0.420471
-0.418488
-0.416318
-0.414048
-0.411751
-0.409493
-0.407391
-0.405537
-0.404012
-0.402881
-0.402179
-0.40192
-0.40207
-0.402579
-0.403357
-0.404285
-0.405217
-0.405986
-0.406418
-0.406348
-0.405614
-0.404085
-0.401666
-0.398372
-0.394314
-0.389749
-0.385062
-0.380682
-0.37704
-0.374441
-0.373043
-0.372838
-0.373722
-0.375518
-0.378089
-0.381205
-0.38464
-0.388189
-0.391673
-0.394987
-0.398079
-0.400935
-0.403562
-0.405934
-0.408018
-0.409745
-0.411017
-0.411713
-0.411706
-0.410807
-0.408804
-0.405452
-0.400425
-0.393429
-0.384307
-0.373354
-0.361749
-0.351765
-0.346352
-0.347763
-0.356015
-0.368829
-0.382979
-0.395828
-0.405948
-0.412857
-0.416616
-0.417486
-0.415761
-0.411814
-0.4061
-0.399318
-0.392363
-0.386157
-0.381385
-0.378223
-0.376348
-0.375129
-0.374051
-0.372902
-0.371826
-0.37119
-0.371361
-0.37252
-0.374636
-0.37745
-0.380623
-0.383836
-0.386821
-0.389414
-0.391514
-0.393078
-0.394073
-0.39454
-0.394485
-0.393926
-0.392895
-0.391442
-0.389589
-0.387368
-0.384826
-0.381978
-0.378874
-0.375543
-0.372037
-0.36841
-0.364756
-0.361207
-0.357576
-0.354781
-0.352725
-0.351615
-0.351609
-0.352747
-0.354948
-0.357961
-0.361468
-0.365087
-0.368486
-0.371342
-0.37345
-0.374681
-0.374954
-0.374273
-0.37267
-0.370175
-0.36688
-0.362812
-0.358034
-0.352624
-0.346657
-0.34032
-0.333978
-0.328185
-0.323684
-0.321296
-0.321591
-0.324642
-0.329996
-0.336789
-0.344071
-0.351066
-0.357275
-0.362463
-0.36661
-0.369778
-0.372109
-0.373755
-0.374839
-0.375495
-0.375823
-0.375895
-0.375792
-0.375557
-0.37523
-0.374818
-0.37435
-0.373808
-0.373182
-0.372436
-0.371586
-0.3706
-0.369468
-0.36819
-0.366789
-0.365284
-0.363717
-0.36209
-0.360376
-0.358571
-0.356657
-0.354638
-0.352564
-0.350543
-0.34875
-0.347426
-0.346768
-0.346943
-0.348006
-0.349917
-0.352564
-0.355768
-0.359359
-0.363146
-0.366956
-0.370661
-0.374162
-0.377373
-0.380229
-0.382723
-0.384851
-0.38667
-0.388221
-0.389592
-0.390822
-0.391905
-0.392782
-0.393348
-0.393396
-0.392699
-0.391006
-0.388068
-0.383719
-0.377908
-0.370826
-0.362964
-0.355159
-0.348534
-0.344224
-0.343047
-0.345209
-0.350207
-0.357045
-0.364566
-0.371757
-0.37793
-0.382725
-0.386089
-0.388192
-0.389333
-0.389843
-0.390026
-0.390085
-0.390129
-0.390166
-0.390157
-0.39004
-0.389793
-0.389457
-0.389108
-0.388829
-0.388729
-0.388841
-0.389147
-0.389564
-0.389941
-0.390097
-0.389793
-0.388801
-0.386902
-0.3839
-0.379667
-0.374194
-0.367619
-0.360288
-0.352744
-0.345757
-0.340233
-0.337063
-0.336885
-0.339858
-0.345634
-0.353305
-0.361746
-0.369841
-0.376669
-0.381662
-0.384563
-0.385303
-0.384031
-0.381201
-0.37719
-0.372394
-0.367204
-0.362077
-0.357421
-0.353639
-0.351069
-0.349957
-0.350383
-0.352279
-0.355373
-0.359305
-0.363657
-0.367995
-0.371955
-0.37525
-0.377642
-0.379036
-0.379357
-0.378648
-0.376963
-0.374463
-0.371337
-0.367825
-0.364193
-0.360686
-0.357536
-0.354898
-0.352826
-0.351303
-0.350255
-0.349533
-0.349016
-0.348574
-0.348063
-0.347366
-0.34637
-0.344954
-0.342991
-0.340364
-0.33696
-0.332719
-0.327636
-0.321799
-0.315406
-0.308797
-0.302417
-0.296776
-0.292383
-0.28967
-0.288845
-0.289901
-0.292591
-0.296506
-0.301151
-0.306044
-0.31076
-0.314998
-0.318554
-0.321352
-0.323335
-0.324529
-0.324981
-0.324682
-0.323632
-0.321801
-0.319091
-0.315378
-0.310501
-0.304283
-0.296646
-0.287665
-0.277715
-0.267577
-0.258421
-0.251588
-0.248184
-0.24869
-0.25277
-0.25944
-0.26744
-0.275638
-0.283222
-0.289747
-0.29506
-0.299192
-0.302278
-0.3045
-0.306038
-0.307039
-0.307633
-0.307917
-0.307968
-0.307799
-0.307444
-0.306903
-0.306154
-0.305162
-0.303902
-0.302312
-0.300341
-0.297912
-0.294959
-0.291445
-0.287373
-0.282837
-0.278082
-0.273494
-0.269574
-0.266859
-0.265718
-0.266272
-0.268293
-0.271344
-0.274893
-0.278491
-0.281836
-0.284788
-0.287331
-0.289523
-0.291483
-0.293347
-0.295224
-0.297187
-0.299243
-0.301353
-0.30341
-0.305299
-0.306927
-0.308221
-0.309146
-0.309727
-0.309993
-0.310022
-0.30991
-0.309747
-0.309642
-0.309651
-0.309867
-0.310303
-0.311002
-0.311946
-0.313113
-0.314439
-0.315849
-0.317273
-0.318609
-0.319939
-0.320943
-0.321701
-0.322234
-0.322564
-0.322729
-0.32277
-0.322719
-0.322645
-0.32258
-0.322596
-0.32275
-0.323101
-0.323716
-0.324619
-0.325825
-0.327299
-0.328962
-0.330698
-0.332376
-0.333865
-0.335048
-0.335802
-0.33607
-0.335822
-0.335048
-0.333828
-0.332261
-0.330534
-0.328864
-0.327484
-0.326633
-0.326451
-0.327006
-0.328215
-0.329924
-0.331898
-0.333925
-0.335798
-0.337386
-0.338604
-0.339444
-0.339926
-0.340132
-0.340198
-0.340257
-0.340496
-0.341076
-0.342121
-0.343703
-0.345824
-0.348396
-0.351252
-0.354182
-0.356968
-0.359393
-0.361257
-0.362401
-0.362706
-0.362109
-0.360587
-0.358225
-0.355201
-0.351812
-0.348392
-0.345351
-0.343006
-0.341536
-0.340903
-0.340915
-0.341288
-0.341736
-0.342037
-0.342108
-0.341954
-0.341689
-0.341488
-0.341568
-0.342143
-0.343391
-0.345457
-0.348365
-0.352103
-0.356531
-0.361451
-0.366651
-0.371891
-0.376947
-0.381659
-0.385885
-0.389536
-0.392565
-0.394982
-0.396804
-0.398094
-0.398924
-0.399378
-0.399535
-0.399447
-0.399138
-0.398566
-0.397635
-0.396137
-0.393805
-0.390304
-0.385302
-0.378541
-0.370073
-0.36057
-0.351561
-0.345345
-0.344085
-0.348585
-0.357692
-0.369006
-0.380111
-0.389461
-0.396403
-0.400957
-0.403417
-0.404161
-0.403563
-0.401893
-0.399417
-0.396321
-0.392766
-0.388889
-0.384819
-0.380681
-0.376576
-0.372574
-0.368796
-0.365321
-0.362251
-0.359716
-0.357856
-0.356843
-0.356829
-0.357874
-0.35998
-0.363005
-0.366715
-0.370833
-0.375068
-0.379222
-0.383102
-0.38661
-0.389721
-0.392438
-0.394815
-0.39705
-0.398858
-0.400491
-0.401972
-0.403287
-0.404396
-0.405213
-0.405644
-0.405523
-0.404678
-0.402903
-0.399971
-0.395633
-0.389666
-0.381927
-0.372404
-0.361337
-0.349313
-0.337299
-0.326563
-0.318375
-0.313657
-0.312565
-0.314505
-0.318296
-0.322677
-0.326736
-0.330065
-0.332806
-0.335417
-0.338486
-0.342442
-0.347445
-0.353329
-0.359713
-0.366098
-0.371978
-0.376959
-0.380735
-0.383143
-0.384082
-0.383564
-0.381693
-0.378607
-0.374597
-0.370007
-0.365213
-0.36059
-0.356456
-0.35298
-0.350154
-0.347828
-0.345776
-0.343737
-0.341541
-0.339191
-0.33691
-0.335138
-0.334442
-0.335294
-0.337927
-0.342164
-0.347449
-0.353065
-0.35835
-0.362794
-0.366102
-0.368141
-0.368896
-0.368392
-0.366671
-0.363787
-0.359818
-0.354883
-0.349171
-0.343055
-0.337026
-0.331723
-0.327769
-0.325686
-0.325652
-0.327472
-0.330669
-0.334601
-0.338671
-0.3424
-0.345467
-0.347706
-0.349055
-0.349556
-0.349302
-0.34844
-0.347133
-0.345532
-0.343774
-0.341967
-0.340215
-0.338589
-0.337175
-0.336043
-0.335216
-0.334713
-0.33448
-0.334465
-0.334539
-0.334608
-0.334571
-0.334348
-0.333863
-0.333051
-0.331845
-0.330194
-0.328099
-0.325567
-0.322639
-0.319382
-0.315802
-0.311995
-0.308122
-0.304527
-0.301803
-0.300677
-0.301785
-0.305448
-0.311471
-0.319257
-0.328072
-0.337248
-0.34631
-0.35498
-0.363088
-0.370536
-0.377233
-0.383066
-0.387936
-0.391707
-0.394297
-0.395605
-0.395492
-0.393869
-0.390654
-0.385818
-0.37949
-0.371971
-0.363786
-0.355655
-0.348416
-0.342762
-0.339004
-0.337013
-0.336013
-0.33562
-0.33549
-0.335998
-0.337969
-0.342104
-0.348394
-0.355926
-0.363274
-0.369112
-0.372687
-0.373957
-0.373501
-0.37231
-0.37125
-0.370682
-0.370245
-0.369036
-0.366183
-0.361409
-0.355348
-0.349482
-0.345533
-0.344726
-0.34723
-0.352137
-0.358096
-0.363888
-0.368742
-0.372348
-0.374683
-0.375912
-0.376292
-0.376154
-0.375883
-0.375886
-0.376595
-0.378319
-0.381194
-0.385114
-0.389772
-0.394724
-0.399544
-0.403882
-0.407534
-0.410429
-0.412544
-0.413963
-0.414742
-0.414966
-0.414678
-0.413937
-0.412755
-0.411167
-0.409181
-0.406825
-0.404122
-0.40111
-0.397856
-0.394453
-0.391006
-0.38765
-0.38456
-0.381926
-0.379907
-0.378602
-0.378029
-0.378125
-0.37873
-0.379635
-0.380662
-0.381648
-0.382525
-0.383276
-0.383933
-0.38457
-0.385275
-0.386123
-0.387152
-0.388394
-0.389813
-0.391389
-0.393083
-0.394841
-0.39662
-0.398375
-0.400091
-0.401743
-0.403336
-0.404855
-0.406277
-0.407584
-0.408698
-0.409504
-0.409788
-0.409216
-0.407261
-0.403166
-0.395929
-0.384499
-0.368402
-0.348892
-0.330116
-0.318344
-0.318031
-0.328058
-0.342994
-0.357594
-0.369424
-0.378359
-0.385172
-0.390617
-0.395038
-0.398472
-0.400789
-0.401854
-0.401603
-0.400035
-0.397232
-0.393375
-0.38867
-0.383461
-0.378141
-0.37321
-0.369226
-0.366712
-0.366087
-0.367497
-0.370816
-0.375584
-0.381186
-0.386979
-0.392422
-0.397102
-0.400817
-0.403423
-0.404872
-0.405138
-0.404251
-0.402349
-0.399707
-0.396774
-0.394156
-0.392393
-0.391799
-0.392239
-0.393151
-0.393706
-0.393073
-0.390696
-0.385807
-0.379823
-0.373155
-0.366804
-0.361726
-0.358619
-0.357713
-0.358806
-0.361419
-0.364898
-0.368649
-0.372212
-0.375323
-0.377876
-0.379923
-0.381605
-0.383066
-0.384457
-0.385878
-0.387321
-0.388754
-0.390067
-0.39114
-0.391869
-0.392177
-0.391962
-0.391229
-0.389985
-0.388303
-0.386239
-0.38393
-0.381519
-0.379156
-0.377013
-0.375222
-0.37385
-0.372909
-0.372335
-0.372006
-0.37177
-0.37149
-0.37101
-0.370214
-0.369024
-0.367394
-0.365324
-0.362823
-0.359978
-0.356901
-0.353766
-0.350834
-0.348394
-0.346715
-0.346001
-0.34632
-0.347588
-0.349588
-0.352029
-0.354619
-0.357115
-0.35937
-0.361282
-0.362824
-0.364016
-0.364889
-0.365497
-0.365888
-0.366094
-0.366167
-0.366136
-0.366016
-0.365856
-0.365674
-0.365507
-0.365383
-0.365324
-0.365365
-0.365519
-0.365784
-0.366122
-0.366437
-0.366593
-0.366378
-0.365541
-0.363771
-0.360758
-0.356251
-0.35008
-0.342277
-0.333176
-0.323478
-0.314179
-0.30643
-0.3012
-0.299005
-0.299754
-0.302889
-0.307602
-0.313104
-0.31879
-0.324279
-0.329323
-0.333802
-0.337653
-0.340906
-0.34355
-0.345655
-0.347259
-0.348448
-0.349284
-0.34984
-0.350177
-0.35032
-0.350318
-0.350201
-0.349983
-0.349693
-0.349341
-0.348927
-0.348479
-0.347999
-0.347465
-0.346891
-0.346244
-0.345485
-0.344577
-0.343438
-0.341997
-0.340136
-0.337749
-0.33471
-0.330931
-0.326364
-0.321075
-0.31526
-0.309279
-0.303616
-0.298823
-0.295395
-0.293694
-0.293871
-0.295878
-0.29951
-0.304374
-0.310014
-0.315992
-0.321881
-0.327392
-0.332358
-0.336724
