1.75933
1.75933
1.75933
1.75933
1.75934
1.75933
1.75934
1.75934
1.75934
1.75934
1.75934
1.75934
1.75933
1.75933
1.75932
1.75933
1.75933
1.75933
1.75933
1.75933
1.75933
1.75933
1.75933
1.75933
1.75933
1.75932
1.75931
1.75931
1.75931
1.7593
1.75931
1.7593
1.7593
1.7593
1.7593
1.75929
1.7593
1.75929
1.75929
1.75929
1.75928
1.75928
1.75929
1.75928
1.75928
1.75929
1.75929
1.75928
1.75928
1.75929
1.75928
1.75928
1.75929
1.75929
1.75929
1.75928
1.75928
1.75928
1.75928
1.75929
1.75929
1.75929
1.75929
1.75928
1.75927
1.75927
1.75926
1.75926
1.75926
1.75926
1.75925
1.75925
1.75925
1.75924
1.75924
1.75924
1.75924
1.75924
1.75923
1.75923
1.75923
1.75924
1.75922
1.75923
1.75921
1.75921
1.7592
1.75921
1.75921
1.75921
1.7592
1.7592
1.7592
1.7592
1.7592
1.75921
1.75921
1.7592
1.7592
1.7592
1.75919
1.75918
1.75917
1.75916
1.75916
1.75916
1.75915
1.75916
1.75916
1.75916
1.75916
1.75916
1.75916
1.75915
1.75915
1.75915
1.75916
1.75916
1.75916
1.75916
1.75917
1.75916
1.75917
1.75917
1.75917
1.75916
1.75916
1.75915
1.75915
1.75915
1.75915
1.75916
1.75916
1.75915
1.75916
1.75917
1.75917
1.75918
1.75917
1.75918
1.75919
1.75918
1.75918
1.75917
1.75917
1.75918
1.75918
1.75918
1.75918
1.75918
1.56985
1.56985
1.56986
1.56986
1.56986
1.56986
1.56986
1.56986
1.56986
1.56986
1.56986
1.56987
1.56987
1.56987
1.56987
1.56987
1.56987
1.56987
1.56987
1.56987
1.56987
1.56986
1.56986
1.56986
1.56986
1.56985
1.56986
1.56986
1.56985
1.56984
1.56984
1.56986
1.56986
1.56987
1.56988
1.56988
1.56987
1.56988
1.56988
1.56988
1.56989
1.5699
1.56989
1.56988
1.56989
1.56988
1.56989
1.56989
1.56989
1.56987
1.56988
1.56987
1.56988
1.56988
1.56988
1.56988
1.56988
1.56987
1.56987
1.56987
1.56987
1.56987
1.56986
1.56987
1.56988
1.56987
1.56986
1.56986
1.56986
1.56985
1.56985
1.56984
1.56983
1.56983
1.56982
1.56982
1.56983
1.56983
1.56984
1.56983
1.56983
1.56983
1.56983
1.56983
1.56983
1.56982
1.56982
1.56981
1.56982
1.56982
1.56981
1.56981
1.5698
1.5698
1.56981
1.56981
1.56981
1.56981
1.56981
1.56982
1.56982
1.56983
1.56982
1.56982
1.56981
1.56982
1.56982
1.56982
1.56982
1.56982
1.56982
1.56982
1.56982
1.56982
1.56983
1.56982
1.56981
1.56981
1.56981
1.56981
1.56982
1.56983
1.56983
1.56982
1.56982
1.56983
1.56982
1.56983
1.56984
1.56983
1.56983
1.56983
1.56983
1.56983
1.56982
1.56982
1.56983
1.56983
1.56984
1.56984
1.56985
1.56984
1.56985
1.56985
1.56985
1.56985
1.56984
1.56984
1.56985
1.56984
1.49081
1.49081
1.49081
1.49081
1.49082
1.49083
1.49082
1.49082
1.49083
1.49082
1.49082
1.49083
1.49082
1.49083
1.49083
1.49083
1.49082
1.49082
1.49082
1.49083
1.49084
1.49084
1.49083
1.49084
1.49084
1.49085
1.49084
1.49084
1.49085
1.49085
1.49085
1.49085
1.49085
1.49085
1.49085
1.49084
1.49084
1.49084
1.49085
1.49086
1.49085
1.49083
1.49082
1.49082
1.49082
1.49082
1.49081
1.49081
1.49081
1.49081
1.49081
1.49081
1.4908
1.49081
1.49081
1.49081
1.49081
1.4908
1.49081
1.49079
1.49079
1.49078
1.49079
1.49079
1.49079
1.49078
1.49078
1.49078
1.49078
1.49078
1.49078
1.49078
1.49079
1.49079
1.4908
1.49079
1.49079
1.49079
1.49079
1.49079
1.49079
1.49079
1.49079
1.49079
1.49079
1.49078
1.49079
1.49079
1.49079
1.49079
1.4908
1.4908
1.4908
1.4908
1.4908
1.4908
1.4908
1.4908
1.4908
1.49079
1.49079
1.49079
1.49079
1.49078
1.49078
1.49078
1.49078
1.49078
1.49078
1.49078
1.49078
1.49077
1.49077
1.49078
1.49078
1.49079
1.49079
1.49078
1.49078
1.49078
1.49076
1.49077
1.49077
1.49077
1.49077
1.49078
1.49078
1.49078
1.49077
1.49077
1.49077
1.49077
1.49077
1.49077
1.49076
1.49076
1.49075
1.49075
1.49075
1.49075
1.49075
1.49076
1.49076
1.49076
1.49076
1.49076
1.49076
1.49076
1.49076
1.49074
1.39145
1.39144
1.39144
1.39143
1.39143
1.39142
1.39141
1.39141
1.39141
1.39141
1.39141
1.39141
1.39141
1.39141
1.39141
1.39142
1.39141
1.39141
1.39141
1.39141
1.39141
1.39142
1.39142
1.39141
1.39141
1.39141
1.39142
1.39142
1.39142
1.39143
1.39142
1.39142
1.39143
1.39143
1.39143
1.39144
1.39143
1.39143
1.39144
1.39144
1.39143
1.39143
1.39143
1.39143
1.39143
1.39143
1.39142
1.39144
1.39143
1.39144
1.39142
1.39142
1.39141
1.39141
1.3914
1.3914
1.3914
1.3914
1.3914
1.3914
1.3914
1.3914
1.3914
1.3914
1.3914
1.3914
1.3914
1.39141
1.3914
1.39139
1.39139
1.39138
1.39138
1.39139
1.3914
1.3914
1.39141
1.39141
1.3914
1.39139
1.39139
1.3914
1.3914
1.39139
1.39139
1.3914
1.3914
1.39139
1.39137
1.39137
1.39137
1.39137
1.39136
1.39136
1.39136
1.39137
1.39139
1.39139
1.39139
1.39139
1.39139
1.39139
1.39138
1.39139
1.39139
1.39139
1.39139
1.39139
1.39139
1.39138
1.39139
1.39139
1.39139
1.3914
1.39139
1.39138
1.39138
1.39138
1.39137
1.39137
1.39137
1.39137
1.39137
1.39137
1.39138
1.39137
1.39138
1.39138
1.39138
1.39137
1.39137
1.39137
1.39137
1.39136
1.39136
1.39136
1.39136
1.39136
1.39136
1.39136
1.39136
1.39136
1.39137
1.39138
1.39138
1.39138
1.39139
1.39138
1.39138
1.39138
1.41062
1.41062
1.41062
1.41062
1.41063
1.41062
1.41062
1.41062
1.41062
1.41063
1.41061
1.41061
1.41061
1.4106
1.41059
1.41058
1.41058
1.41059
1.41059
1.41058
1.41058
1.41057
1.41057
1.41057
1.41056
1.41056
1.41056
1.41056
1.41056
1.41057
1.41057
1.41058
1.41058
1.41058
1.41057
1.41057
1.41057
1.41057
1.41057
1.41056
1.41055
1.41055
1.41056
1.41055
1.41055
1.41055
1.41056
1.41055
1.41056
1.41055
1.41056
1.41055
1.41056
1.41056
1.41056
1.41056
1.41057
1.41058
1.41058
1.41058
1.41058
1.41058
1.41059
1.41059
1.41058
1.41059
1.41059
1.4106
1.4106
1.41059
1.4106
1.41059
1.41058
1.41058
1.41057
1.41057
1.41057
1.41057
1.41058
1.41057
1.41057
1.41056
1.41057
1.41057
1.41058
1.41057
1.41057
1.41057
1.41057
1.41057
1.41057
1.41056
1.41055
1.41056
1.41056
1.41056
1.41056
1.41057
1.41056
1.41056
1.41055
1.41055
1.41056
1.41056
1.41057
1.41057
1.41057
1.41058
1.41057
1.41057
1.41057
1.41056
1.41057
1.41057
1.41057
1.41057
1.41057
1.41058
1.41057
1.41057
1.41058
1.41058
1.41057
1.41058
1.41058
1.41058
1.41059
1.41059
1.41059
1.41059
1.41059
1.41058
1.41058
1.41058
1.41058
1.41058
1.41057
1.41057
1.41056
1.41056
1.41056
1.41055
1.41055
1.41055
1.41055
1.41056
1.41056
1.41056
1.41056
1.41057
1.46843
1.46843
1.46844
1.46843
1.46843
1.46844
1.46844
1.46843
1.46845
1.46846
1.46846
1.46845
1.46845
1.46845
1.46845
1.46846
1.46845
1.46846
1.46846
1.46846
1.46847
1.46847
1.46848
1.46849
1.46848
1.46849
1.46849
1.46849
1.46849
1.4685
1.46849
1.46849
1.4685
1.4685
1.4685
1.46851
1.4685
1.4685
1.4685
1.4685
1.4685
1.46851
1.4685
1.4685
1.46851
1.46851
1.4685
1.4685
1.46851
1.46851
1.46851
1.46851
1.46851
1.4685
1.4685
1.4685
1.46849
1.46849
1.46849
1.46849
1.46849
1.46849
1.46849
1.46849
1.46848
1.46848
1.46847
1.46848
1.46847
1.46847
1.46847
1.46846
1.46846
1.46845
1.46846
1.46846
1.46846
1.46847
1.46846
1.46846
1.46846
1.46846
1.46847
1.46847
1.46846
1.46847
1.46846
1.46846
1.46845
1.46845
1.46845
1.46845
1.46846
1.46847
1.46845
1.46845
1.46845
1.46845
1.46845
1.46846
1.46846
1.46846
1.46846
1.46846
1.46847
1.46847
1.46847
1.46847
1.46847
1.46847
1.46848
1.46848
1.46847
1.46848
1.46848
1.46847
1.46847
1.46847
1.46848
1.46847
1.46848
1.46847
1.46846
1.46847
1.46847
1.46846
1.46846
1.46846
1.46847
1.46847
1.46848
1.46847
1.46848
1.46848
1.46849
1.46848
1.46849
1.46848
1.46848
1.46848
1.46848
1.46848
1.46848
1.46848
1.46848
1.46848
1.46848
1.46847
1.46847
1.46848
1.44991
1.44991
1.44991
1.44991
1.44991
1.44991
1.4499
1.44991
1.44992
1.44993
1.44993
1.44992
1.44991
1.44991
1.44992
1.44991
1.4499
1.4499
1.44991
1.44991
1.44991
1.44991
1.44991
1.44991
1.44991
1.44991
1.4499
1.44991
1.4499
1.4499
1.44991
1.4499
1.44991
1.44992
1.44992
1.44994
1.44994
1.44994
1.44994
1.44994
1.44994
1.44994
1.44993
1.44993
1.44993
1.44992
1.44994
1.44993
1.44993
1.44992
1.44992
1.44992
1.44993
1.44994
1.44994
1.44994
1.44993
1.44993
1.44993
1.44993
1.44992
1.44993
1.44992
1.44993
1.44992
1.44993
1.44993
1.44993
1.44993
1.44993
1.44993
1.44993
1.44993
1.44993
1.44992
1.44992
1.44992
1.44991
1.44991
1.44991
1.44991
1.44991
1.44991
1.44991
1.44989
1.44989
1.44989
1.44989
1.44989
1.44989
1.4499
1.44989
1.44989
1.44988
1.44989
1.44988
1.44989
1.44989
1.44988
1.44989
1.44989
1.44989
1.44989
1.44988
1.44988
1.44988
1.44988
1.44989
1.4499
1.4499
1.44991
1.44991
1.44991
1.44992
1.44993
1.44993
1.44993
1.44992
1.44991
1.44991
1.44991
1.44992
1.44992
1.44992
1.44992
1.44991
1.44991
1.44991
1.44992
1.44992
1.44992
1.44991
1.44991
1.44991
1.44991
1.44991
1.44991
1.4499
1.4499
1.4499
1.4499
1.44991
1.4499
1.4499
1.44991
1.4499
1.4499
1.4499
1.4499
1.44989
1.43507
1.43507
1.43507
1.43506
1.43506
1.43506
1.43506
1.43507
1.43508
1.43508
1.43508
1.43508
1.43509
1.43509
1.43509
1.43509
1.43508
1.43508
1.43509
1.43508
1.43508
1.43508
1.43508
1.43509
1.43508
1.43508
1.43509
1.43509
1.43509
1.43509
1.4351
1.4351
1.4351
1.4351
1.4351
1.4351
1.4351
1.4351
1.4351
1.4351
1.43511
1.4351
1.4351
1.4351
1.4351
1.43511
1.43511
1.43511
1.4351
1.4351
1.4351
1.4351
1.4351
1.4351
1.4351
1.43511
1.43512
1.43511
1.43512
1.43512
1.43513
1.43512
1.43512
1.43511
1.43512
1.43512
1.43511
1.43511
1.43512
1.43512
1.43512
1.43513
1.43513
1.43514
1.43514
1.43514
1.43513
1.43513
1.43512
1.43512
1.43511
1.43511
1.43511
1.4351
1.4351
1.4351
1.4351
1.4351
1.4351
1.4351
1.43511
1.43512
1.43512
1.43512
1.43511
1.43511
1.4351
1.4351
1.43511
1.43511
1.43512
1.43511
1.43512
1.43512
1.43512
1.43512
1.43513
1.43512
1.43512
1.43512
1.43512
1.43512
1.43512
1.43512
1.43511
1.4351
1.43509
1.43509
1.43509
1.43511
1.43511
1.4351
1.4351
1.4351
1.43509
1.4351
1.4351
1.43511
1.43511
1.4351
1.4351
1.43511
1.43511
1.43512
1.43511
1.43512
1.43512
1.43513
1.43513
1.43513
1.43513
1.43513
1.43513
1.43513
1.43514
1.43514
1.43513
1.43513
1.43513
1.43513
1.34997
1.34997
1.34998
1.34998
1.34999
1.35
1.34999
1.34999
1.35
1.35
1.35
1.35
1.35
1.35002
1.35001
1.35001
1.35001
1.35001
1.35001
1.35002
1.35002
1.35002
1.35004
1.35004
1.35004
1.35004
1.35004
1.35004
1.35004
1.35004
1.35004
1.35005
1.35005
1.35004
1.35006
1.35006
1.35006
1.35006
1.35006
1.35006
1.35005
1.35006
1.35006
1.35007
1.35007
1.35006
1.35006
1.35005
1.35007
1.35007
1.35007
1.35007
1.35007
1.35008
1.35008
1.35008
1.35008
1.35008
1.35008
1.35009
1.35009
1.35009
1.3501
1.3501
1.35011
1.35011
1.3501
1.35011
1.35012
1.35012
1.35012
1.35013
1.35013
1.35013
1.35012
1.35013
1.35012
1.35012
1.35012
1.35011
1.35011
1.3501
1.35011
1.3501
1.3501
1.3501
1.3501
1.3501
1.35011
1.35011
1.35012
1.35012
1.35012
1.35013
1.35012
1.35013
1.35013
1.35013
1.35013
1.35012
1.35012
1.35012
1.35012
1.35012
1.35011
1.35011
1.35011
1.35012
1.35011
1.35011
1.35011
1.35011
1.35011
1.35011
1.35011
1.35011
1.35011
1.35011
1.35011
1.35011
1.35012
1.35013
1.35012
1.35012
1.35012
1.35013
1.35013
1.35013
1.35013
1.35014
1.35014
1.35013
1.35013
1.35013
1.35013
1.35013
1.35014
1.35013
1.35013
1.35013
1.35012
1.35012
1.35013
1.35013
1.35013
1.35014
1.35013
1.35015
1.35015
1.35015
1.42283
1.42283
1.42284
1.42284
1.42283
1.42283
1.42283
1.42283
1.42283
1.42283
1.42283
1.42282
1.42282
1.42282
1.42281
1.4228
1.42281
1.42281
1.42281
1.42281
1.4228
1.42281
1.42281
1.42282
1.42281
1.4228
1.4228
1.4228
1.4228
1.42281
1.42281
1.42282
1.42282
1.42281
1.42282
1.42282
1.42283
1.42284
1.42284
1.42283
1.42283
1.42283
1.42283
1.42283
1.42283
1.42282
1.4228
1.4228
1.4228
1.4228
1.4228
1.42281
1.42282
1.42282
1.42282
1.42282
1.42283
1.42282
1.42282
1.42282
1.42282
1.42282
1.42282
1.42282
1.42282
1.42282
1.42281
1.42281
1.42281
1.42282
1.42281
1.42281
1.42281
1.42281
1.42281
1.42281
1.42282
1.42282
1.42282
1.42282
1.42282
1.42283
1.42282
1.42281
1.4228
1.4228
1.4228
1.42281
1.42281
1.42281
1.42281
1.4228
1.4228
1.4228
1.42279
1.42279
1.42279
1.4228
1.42282
1.42281
1.42281
1.42281
1.42281
1.4228
1.42281
1.42281
1.4228
1.4228
1.42279
1.42279
1.4228
1.4228
1.4228
1.4228
1.42281
1.4228
1.4228
1.42281
1.42281
1.42282
1.42282
1.42282
1.42282
1.42282
1.42282
1.42281
1.42282
1.42282
1.42283
1.42282
1.42282
1.42282
1.42282
1.42283
1.42283
1.42282
1.42282
1.42282
1.42282
1.42281
1.42281
1.4228
1.4228
1.4228
1.4228
1.4228
1.4228
1.4228
1.4228
1.4228
1.41746
1.41746
1.41746
1.41746
1.41746
1.41746
1.41746
1.41745
1.41746
1.41747
1.41747
1.41747
1.41747
1.41747
1.41747
1.41746
1.41746
1.41747
1.41748
1.41747
1.41746
1.41746
1.41746
1.41747
1.41747
1.41748
1.41748
1.41748
1.41749
1.41748
1.41748
1.41748
1.41748
1.41747
1.41747
1.41748
1.41747
1.41748
1.41747
1.41747
1.41747
1.41747
1.41747
1.41746
1.41747
1.41746
1.41745
1.41745
1.41745
1.41745
1.41745
1.41745
1.41745
1.41744
1.41745
1.41745
1.41744
1.41744
1.41744
1.41743
1.41744
1.41744
1.41744
1.41743
1.41743
1.41743
1.41744
1.41744
1.41744
1.41744
1.41743
1.41744
1.41744
1.41743
1.41742
1.41744
1.41743
1.41743
1.41743
1.41743
1.41744
1.41744
1.41744
1.41745
1.41744
1.41745
1.41745
1.41744
1.41744
1.41744
1.41744
1.41744
1.41744
1.41744
1.41743
1.41743
1.41742
1.41743
1.41743
1.41743
1.41743
1.41743
1.41743
1.41742
1.41742
1.41742
1.41741
1.4174
1.4174
1.4174
1.4174
1.41738
1.41738
1.41738
1.41738
1.41738
1.41739
1.41739
1.41739
1.41739
1.41739
1.41739
1.41739
1.41739
1.41739
1.41739
1.41738
1.41738
1.41737
1.41737
1.41737
1.41737
1.41736
1.41735
1.41737
1.41736
1.41736
1.41736
1.41736
1.41735
1.41735
1.41734
1.41734
1.41734
1.41734
1.41734
1.41734
1.41734
1.41735
1.41734
1.4393
1.4393
1.43929
1.43929
1.43929
1.43929
1.43929
1.43929
1.43928
1.43929
1.43928
1.43929
1.43929
1.43929
1.43929
1.43929
1.43928
1.43929
1.43929
1.43929
1.4393
1.43929
1.43929
1.4393
1.4393
1.4393
1.43931
1.43931
1.43931
1.43931
1.43932
1.43932
1.43932
1.43932
1.43932
1.43932
1.43931
1.43932
1.43932
1.43931
1.43932
1.43932
1.43932
1.43933
1.43933
1.43934
1.43934
1.43934
1.43934
1.43933
1.43933
1.43934
1.43934
1.43933
1.43933
1.43934
1.43934
1.43936
1.43935
1.43934
1.43934
1.43934
1.43934
1.43934
1.43933
1.43933
1.43933
1.43932
1.43932
1.43931
1.43931
1.43931
1.4393
1.4393
1.43929
1.43928
1.43929
1.4393
1.4393
1.4393
1.43931
1.4393
1.4393
1.4393
1.4393
1.4393
1.4393
1.4393
1.43931
1.43931
1.43931
1.43931
1.43931
1.43931
1.4393
1.43931
1.43931
1.43931
1.43932
1.43932
1.43933
1.43933
1.43933
1.43932
1.43932
1.43932
1.43932
1.43932
1.43931
1.43931
1.43932
1.43932
1.43932
1.43931
1.43932
1.43932
1.43932
1.43932
1.43931
1.43932
1.43932
1.43931
1.43932
1.43932
1.43932
1.43931
1.43931
1.43931
1.43931
1.43931
1.43932
1.43931
1.43931
1.43931
1.43932
1.43932
1.43932
1.43932
1.43933
1.43933
1.43934
1.43934
1.43935
1.43933
1.43933
1.43933
1.43932
1.43932
1.43932
1.43932
1.41518
1.41518
1.41519
1.41519
1.41519
1.4152
1.4152
1.4152
1.4152
1.4152
1.41521
1.41521
1.4152
1.4152
1.41521
1.4152
1.41521
1.41521
1.4152
1.41521
1.4152
1.41521
1.4152
1.41521
1.4152
1.41519
1.41519
1.41518
1.41519
1.41519
1.41519
1.41519
1.41519
1.41518
1.41519
1.4152
1.41519
1.41519
1.41518
1.41518
1.41518
1.41518
1.41518
1.41518
1.41518
1.41518
1.41517
1.41518
1.41517
1.41517
1.41517
1.41518
1.41518
1.41518
1.41517
1.41517
1.41517
1.41517
1.41517
1.41517
1.41517
1.41517
1.41516
1.41517
1.41518
1.41517
1.41517
1.41518
1.41519
1.4152
1.4152
1.41519
1.41519
1.41519
1.41519
1.41519
1.41519
1.41519
1.41519
1.4152
1.41521
1.41521
1.4152
1.41519
1.41519
1.41519
1.41519
1.41518
1.41518
1.41518
1.41518
1.41518
1.41518
1.41518
1.41518
1.41517
1.41516
1.41516
1.41515
1.41515
1.41516
1.41516
1.41517
1.41517
1.41516
1.41516
1.41516
1.41515
1.41516
1.41515
1.41515
1.41515
1.41515
1.41516
1.41515
1.41515
1.41513
1.41513
1.41513
1.41513
1.41514
1.41514
1.41514
1.41514
1.41514
1.41514
1.41514
1.41514
1.41513
1.41513
1.41513
1.41514
1.41514
1.41515
1.41514
1.41515
1.41515
1.41515
1.41516
1.41515
1.41515
1.41514
1.41515
1.41515
1.41515
1.41515
1.41516
1.41516
1.41515
1.41515
1.48119
1.48118
1.48118
1.48119
1.48119
1.48119
1.48118
1.48118
1.48117
1.48117
1.48117
1.48117
1.48117
1.48117
1.48117
1.48117
1.48117
1.48117
1.48117
1.48118
1.48118
1.48117
1.48117
1.48117
1.48117
1.48117
1.48117
1.48117
1.48117
1.48116
1.48116
1.48115
1.48115
1.48115
1.48115
1.48114
1.48115
1.48114
1.48115
1.48114
1.48114
1.48114
1.48114
1.48114
1.48114
1.48114
1.48114
1.48113
1.48113
1.48113
1.48113
1.48114
1.48114
1.48114
1.48114
1.48114
1.48113
1.48113
1.48113
1.48113
1.48114
1.48115
1.48115
1.48114
1.48115
1.48115
1.48116
1.48116
1.48117
1.48118
1.48118
1.48117
1.48117
1.48116
1.48117
1.48117
1.48118
1.48118
1.48118
1.48118
1.48118
1.48119
1.48119
1.48119
1.4812
1.4812
1.48119
1.4812
1.4812
1.48119
1.48119
1.4812
1.4812
1.4812
1.4812
1.48119
1.48119
1.48118
1.48119
1.48119
1.48121
1.4812
1.48121
1.48121
1.48122
1.48122
1.48122
1.48122
1.48121
1.48121
1.4812
1.4812
1.4812
1.4812
1.48119
1.48119
1.48118
1.48118
1.48118
1.48118
1.48118
1.48118
1.48118
1.48118
1.48118
1.48118
1.48118
1.48119
1.48119
1.48119
1.48121
1.48121
1.48122
1.48122
1.48121
1.48122
1.48122
1.48122
1.48123
1.48123
1.48123
1.48123
1.48124
1.48125
1.48125
1.48125
1.48125
1.48125
1.48125
1.48125
1.40486
1.40485
1.40486
1.40486
1.40486
1.40486
1.40487
1.40486
1.40486
1.40487
1.40487
1.40486
1.40485
1.40485
1.40485
1.40485
1.40486
1.40487
1.40487
1.40487
1.40487
1.40486
1.40487
1.40487
1.40487
1.40487
1.40487
1.40487
1.40487
1.40487
1.40487
1.40487
1.40487
1.40488
1.40487
1.40486
1.40486
1.40486
1.40486
1.40485
1.40485
1.40484
1.40483
1.40484
1.40484
1.40483
1.40483
1.40483
1.40483
1.40483
1.40483
1.40484
1.40483
1.40483
1.40483
1.40483
1.40484
1.40483
1.40482
1.40482
1.40482
1.40481
1.40481
1.40482
1.40481
1.40481
1.40481
1.40482
1.40482
1.40483
1.40483
1.40484
1.40484
1.40484
1.40484
1.40485
1.40485
1.40484
1.40486
1.40486
1.40485
1.40485
1.40484
1.40484
1.40484
1.40484
1.40484
1.40484
1.40484
1.40484
1.40484
1.40485
1.40485
1.40485
1.40485
1.40485
1.40485
1.40486
1.40486
1.40485
1.40486
1.40486
1.40487
1.40486
1.40487
1.40487
1.40488
1.40488
1.40489
1.40488
1.40488
1.40488
1.40488
1.40488
1.40488
1.40488
1.40489
1.4049
1.40489
1.4049
1.4049
1.4049
1.40491
1.40491
1.4049
1.40491
1.40491
1.40491
1.40491
1.40491
1.40492
1.40493
1.40493
1.40493
1.40492
1.40493
1.40493
1.40492
1.40492
1.40492
1.40492
1.40493
1.40494
1.40494
1.40494
1.40494
1.40494
1.40493
1.40493
1.40493
1.46315
1.46315
1.46315
1.46315
1.46315
1.46315
1.46315
1.46314
1.46314
1.46315
1.46314
1.46313
1.46314
1.46313
1.46313
1.46313
1.46312
1.46311
1.46311
1.46311
1.46312
1.46311
1.46312
1.46312
1.46312
1.46311
1.46311
1.46311
1.46312
1.46312
1.46312
1.46312
1.46312
1.46312
1.46311
1.46312
1.46312
1.46312
1.46312
1.46313
1.46313
1.46313
1.46313
1.46314
1.46314
1.46314
1.46315
1.46314
1.46315
1.46315
1.46315
1.46315
1.46315
1.46314
1.46314
1.46314
1.46313
1.46314
1.46314
1.46314
1.46313
1.46313
1.46313
1.46313
1.46312
1.46312
1.46312
1.46312
1.46311
1.46311
1.46311
1.46311
1.46311
1.46311
1.46311
1.46312
1.46312
1.46312
1.46313
1.46312
1.46312
1.46313
1.46312
1.46312
1.46312
1.46312
1.46312
1.46313
1.46313
1.46313
1.46313
1.46313
1.46313
1.46313
1.46313
1.46313
1.46313
1.46313
1.46312
1.46312
1.46312
1.46312
1.46313
1.46313
1.46314
1.46314
1.46313
1.46313
1.46312
1.46311
1.46313
1.46313
1.46314
1.46313
1.46313
1.46313
1.46313
1.46314
1.46314
1.46313
1.46314
1.46314
1.46314
1.46315
1.46315
1.46316
1.46315
1.46316
1.46315
1.46314
1.46314
1.46314
1.46313
1.46314
1.46314
1.46314
1.46313
1.46313
1.46314
1.46314
1.46314
1.46314
1.46313
1.46313
1.46312
1.46312
1.46313
1.46312
1.46312
1.46312
1.40984
1.40983
1.40984
1.40984
1.40985
1.40984
1.40985
1.40986
1.40985
1.40985
1.40984
1.40984
1.40984
1.40984
1.40984
1.40983
1.40984
1.40985
1.40984
1.40985
1.40984
1.40984
1.40985
1.40985
1.40983
1.40984
1.40984
1.40985
1.40984
1.40984
1.40984
1.40984
1.40985
1.40985
1.40985
1.40985
1.40984
1.40984
1.40984
1.40984
1.40984
1.40983
1.40983
1.40984
1.40984
1.40984
1.40984
1.40984
1.40983
1.40984
1.40984
1.40984
1.40983
1.40982
1.40982
1.40981
1.40981
1.40981
1.40981
1.40982
1.40981
1.40981
1.40981
1.4098
1.4098
1.4098
1.4098
1.4098
1.4098
1.4098
1.4098
1.40981
1.40981
1.40981
1.40981
1.40981
1.40982
1.40982
1.40982
1.40981
1.40981
1.40981
1.40981
1.40981
1.40981
1.40981
1.40981
1.4098
1.40979
1.4098
1.4098
1.4098
1.40981
1.40981
1.40981
1.40981
1.40982
1.40982
1.40982
1.40983
1.40983
1.40983
1.40983
1.40984
1.40984
1.40984
1.40984
1.40984
1.40984
1.40984
1.40985
1.40984
1.40984
1.40985
1.40984
1.40985
1.40984
1.40984
1.40984
1.40984
1.40984
1.40985
1.40985
1.40985
1.40985
1.40985
1.40986
1.40985
1.40985
1.40985
1.40985
1.40984
1.40985
1.40985
1.40986
1.40986
1.40986
1.40986
1.40986
1.40986
1.40986
1.40987
1.40986
1.40986
1.40987
1.40986
1.40986
1.40985
1.40986
1.40986
