1.80355
1.80678
1.80958
1.81201
1.81412
1.81592
1.81741
1.81855
1.81928
1.8195
1.81909
1.81788
1.8157
1.81233
1.80759
1.8013
1.79339
1.78396
1.77334
1.76216
1.7513
1.74171
1.73428
1.72958
1.72789
1.72918
1.7332
1.73949
1.74737
1.75602
1.76463
1.7725
1.77917
1.78444
1.78829
1.79077
1.79186
1.7913
1.7885
1.78253
1.77236
1.75749
1.7391
1.7211
1.70929
1.70792
1.71634
1.73007
1.74468
1.75791
1.76926
1.77881
1.78664
1.79274
1.79719
1.80016
1.80194
1.80281
1.80304
1.80282
1.80227
1.80142
1.80025
1.7987
1.79667
1.79408
1.79086
1.78703
1.78274
1.77829
1.77415
1.77088
1.76897
1.76869
1.76994
1.77229
1.77512
1.77777
1.77972
1.78062
1.78027
1.77864
1.77579
1.77194
1.76744
1.76279
1.75863
1.75564
1.75441
1.75526
1.75812
1.76254
1.76784
1.77327
1.77818
1.78213
1.78488
1.78639
1.78678
1.78633
1.7854
1.78439
1.78368
1.78353
1.78411
1.78543
1.78743
1.78998
1.79298
1.79628
1.79976
1.80326
1.80664
1.80979
1.81263
1.81518
1.81753
1.8198
1.82214
1.82461
1.82722
1.82986
1.83236
1.83451
1.8361
1.83695
1.83692
1.8359
1.83391
1.83103
1.82751
1.82377
1.82038
1.81805
1.81741
1.81892
1.82263
1.82817
1.83485
1.84186
1.84841
1.85393
1.85808
1.8607
1.86183
1.86158
1.86015
1.85777
1.85468
1.85113
1.84742
1.84392
1.84106
1.83919
1.83845
1.83868
1.83935
1.83977
1.83931
1.83759
1.83464
1.83083
1.82682
1.82339
1.8212
1.82067
1.8219
1.82468
1.82863
1.83332
1.83832
1.84332
1.84805
1.85235
1.85613
1.85934
1.86197
1.86404
1.86557
1.86661
1.86721
1.86739
1.8672
1.86665
1.86577
1.86456
1.86306
1.86128
1.85924
1.85693
1.8543
1.85122
1.84755
1.84318
1.83812
1.83264
1.82722
1.82255
1.81928
1.81784
1.81835
1.82067
1.82446
1.82933
1.83478
1.84029
1.84533
1.84942
1.85224
1.85357
1.85332
1.8515
1.84818
1.84347
1.83757
1.83075
1.82337
1.81589
1.80883
1.80271
1.79794
1.79481
1.7934
1.79365
1.79537
1.79827
1.80194
1.8059
1.80966
1.81276
1.81489
1.81594
1.81601
1.8154
1.81456
1.81392
1.81383
1.81446
1.81573
1.8174
1.81915
1.82075
1.82206
1.82305
1.82384
1.82456
1.82535
1.82631
1.82745
1.82875
1.83008
1.83131
1.83226
1.83278
1.83269
1.83188
1.83025
1.82784
1.82478
1.82143
1.81827
1.81591
1.81488
1.81543
1.81748
1.8206
1.8242
1.82771
1.83069
1.83288
1.83417
1.83455
1.83407
1.8328
1.8308
1.82817
1.82497
1.82132
1.81734
1.8132
1.80911
1.80526
1.80187
1.79909
1.79707
1.7959
1.79564
1.7963
1.79781
1.80001
1.80267
1.80552
1.80829
1.8108
1.81295
1.81469
1.81606
1.8171
1.81785
1.81835
1.8186
1.81858
1.81826
1.81757
1.81643
1.81475
1.81243
1.80936
1.80549
1.80086
1.79565
1.7903
1.7855
1.78205
1.7807
1.7818
1.78518
1.79018
1.79593
1.80163
1.80668
1.81074
1.81369
1.81553
1.81635
1.81625
1.81536
1.81381
1.81172
1.80925
1.80654
1.80377
1.80112
1.79874
1.79675
1.79521
1.79407
1.79317
1.79221
1.79085
1.78873
1.7857
1.78192
1.77803
1.77507
1.77417
1.77606
1.78067
1.78715
1.79429
1.80098
1.8064
1.81011
1.81188
1.81156
1.80907
1.80439
1.7977
1.78955
1.78089
1.77296
1.7668
1.76279
1.76049
1.759
1.75767
1.75649
1.75607
1.75729
1.76071
1.76631
1.77344
1.78112
1.7884
1.79459
1.79932
1.80251
1.80427
1.80479
1.80429
1.803
1.80115
1.79894
1.79654
1.79413
1.79185
1.7898
1.78807
1.78669
1.78567
1.78495
1.78447
1.78416
1.7839
1.78361
1.78323
1.78269
1.78197
1.78108
1.78002
1.77884
1.77761
1.77637
1.7752
1.77412
1.77319
1.77238
1.7717
1.7711
1.77052
1.76988
1.76909
1.76808
1.76676
1.76505
1.76295
1.7605
1.75785
1.7553
1.75321
1.75203
1.75208
1.75351
1.75619
1.75976
1.76376
1.7677
1.77121
1.77407
1.77617
1.77752
1.77819
1.77827
1.77787
1.77712
1.77612
1.77496
1.77369
1.77237
1.77102
1.76963
1.76822
1.76678
1.76534
1.76394
1.76269
1.76171
1.76116
1.76116
1.76182
1.76315
1.76506
1.76743
1.77007
1.77279
1.77546
1.77796
1.78024
1.78225
1.78402
1.78553
1.78681
1.78784
1.78861
1.78907
1.78917
1.78881
1.7879
1.78633
1.78399
1.78084
1.7769
1.77228
1.76727
1.76219
1.75742
1.75318
1.74952
1.74626
1.74311
1.73989
1.73662
1.73363
1.73142
1.73048
1.73109
1.73321
1.73654
1.7407
1.74538
1.75042
1.75567
1.76095
1.76591
1.77012
1.77317
1.77476
1.77487
1.77375
1.7719
1.76992
1.76837
1.76764
1.76787
1.76905
1.77109
1.77388
1.77735
1.78137
1.78575
1.79026
1.79463
1.79862
1.80207
1.80486
1.80694
1.80828
1.80892
1.80885
1.80809
1.8066
1.80431
1.80107
1.79672
1.79108
1.78413
1.77616
1.7679
1.76053
1.75534
1.75317
1.75405
1.75722
1.76161
1.76631
1.77085
1.77516
1.77933
1.78349
1.78771
1.79189
1.79589
1.79952
1.80259
1.80496
1.80655
1.80732
1.80732
1.80664
1.80544
1.8039
1.80226
1.80071
1.7994
1.7984
1.79769
1.79719
1.7968
1.79647
1.79618
1.79593
1.79574
1.79561
1.79546
1.79522
1.79476
1.79402
1.79293
1.79153
1.78988
1.7881
1.78633
1.7847
1.78336
1.78239
1.78186
1.78174
1.78201
1.78259
1.78337
1.78425
1.78516
1.78601
1.78679
1.78747
1.78807
1.78863
1.78917
1.78973
1.79033
1.79096
1.79164
1.79231
1.79295
1.79349
1.79389
1.79407
1.79396
1.79353
1.79272
1.79154
1.79003
1.78829
1.78649
1.78487
1.78369
1.7832
1.78355
1.78477
1.78674
1.78922
1.79191
1.79454
1.79687
1.79873
1.80003
1.80074
1.80089
1.80056
1.79986
1.79895
1.79797
1.79711
1.7965
1.79625
1.79643
1.79704
1.79806
1.79944
1.80113
1.80306
1.80518
1.80739
1.80964
1.81186
1.81397
1.81595
1.81775
1.81939
1.82086
1.82219
1.8234
1.82452
1.82555
1.82651
1.8274
1.82818
1.82884
1.82932
1.82959
1.82962
1.82939
1.82892
1.82826
1.82754
1.8269
1.82651
1.82654
1.82708
1.82818
1.82974
1.83162
1.83362
1.83554
1.83719
1.83848
1.83937
1.83991
1.84021
1.8404
1.8406
1.84089
1.84126
1.84165
1.84198
1.84222
1.8424
1.84271
1.84339
1.84475
1.84707
1.85047
1.85488
1.86008
1.86568
1.8713
1.87657
1.88119
1.88496
1.88772
1.88938
1.88989
1.88921
1.88739
1.88449
1.88062
1.87591
1.87055
1.8649
1.85959
1.85558
1.85391
1.85521
1.85927
1.86501
1.87085
1.87536
1.87753
1.8769
1.87354
1.86811
1.86179
1.85613
1.85248
1.85139
1.85241
1.8545
1.85672
1.85873
1.86081
1.86349
1.86709
1.8715
1.87621
1.88053
1.88388
1.88593
1.88663
1.88617
1.8849
1.88321
1.88148
1.87998
1.87887
1.87818
1.87788
1.87787
1.87805
1.87828
1.87843
1.87838
1.87804
1.8774
1.87655
1.87563
1.87481
1.87423
1.87394
1.87392
1.87406
1.87421
1.87424
1.87407
1.87364
1.87298
1.87214
1.8712
1.87025
1.86938
1.86867
1.86817
1.86793
1.86794
1.86818
1.86858
1.86906
1.86954
1.86992
1.87012
1.87009
1.86979
1.86922
1.86845
1.86757
1.86669
1.86596
1.8655
1.86535
1.86548
1.86576
1.86597
1.86584
1.86511
1.86352
1.8609
1.85717
1.8524
1.84685
1.84096
1.83534
1.8306
1.82714
1.82498
1.8237
1.82263
1.82105
1.81853
1.81527
1.81219
1.81081
1.81251
1.81772
1.8256
1.83447
1.84265
1.84901
1.85309
1.85491
1.85476
1.85305
1.85023
1.8468
1.84321
1.83993
1.83735
1.83574
1.83526
1.83587
1.83741
1.83962
1.84221
1.8449
1.84745
1.8497
1.85155
1.85295
1.85391
1.85443
1.85457
1.85438
1.85392
1.85325
1.85242
1.8515
1.85054
1.84959
1.84869
1.84785
1.84709
1.8464
1.84575
1.84512
1.84448
1.84379
1.84305
1.8423
1.84158
1.84098
1.84063
1.84061
1.841
1.84183
1.84304
1.84456
1.84627
1.84804
1.84975
1.85129
1.85258
1.85355
1.85417
1.85444
1.85441
1.85416
1.85384
1.85353
1.85331
1.85312
1.85281
1.85213
1.8508
1.84858
1.84539
1.84138
1.837
1.8329
1.8298
1.82832
1.82877
1.83117
1.83527
1.84069
1.84692
1.85341
1.8596
1.86507
1.86956
1.87299
1.87542
1.87701
1.87795
1.87842
1.87856
1.87849
1.87828
1.87797
1.87759
1.87714
1.87659
1.87589
1.87499
1.87377
1.87215
1.87003
1.86738
1.86422
1.86063
1.85674
1.85272
1.84872
1.8449
1.84152
1.83901
1.83797
1.83895
1.84208
1.84689
1.85225
1.85674
1.85907
1.85838
1.85459
1.84851
1.84183
1.83678
1.83521
1.83779
1.84376
1.85151
1.85943
1.86639
1.87183
1.87562
1.87788
1.8788
1.87859
1.87742
1.87537
1.87246
1.8687
1.86407
1.85865
1.85264
1.8464
1.84044
1.8354
1.8319
1.83032
1.83072
1.8327
1.83555
1.83843
1.8406
1.84163
1.84153
1.84079
1.84025
1.84082
1.84308
1.84705
1.85222
1.85777
1.86293
1.86719
1.87034
1.87236
1.87341
1.87366
1.87332
1.87257
1.87157
1.87043
1.86924
1.86808
1.86699
1.86599
1.86508
1.86426
1.86351
1.86282
1.86215
1.86149
1.86082
1.86013
1.8594
1.85863
1.85781
1.85693
1.856
1.85498
1.85387
1.85264
1.85129
1.8498
1.84823
1.84663
1.84511
1.84383
1.84295
1.84263
1.84299
1.84407
1.84584
1.84821
1.85102
1.85411
1.85732
1.86048
1.86344
1.86609
1.86829
1.86994
1.87096
1.8713
1.87095
1.86996
1.86845
1.8666
1.86461
1.86269
1.861
1.85959
1.85849
1.85763
1.85699
1.8566
1.85657
1.85708
1.85832
1.86043
1.86344
1.86728
1.87174
1.87655
1.88143
1.88612
1.8904
1.8941
1.8971
1.8993
1.90065
1.90111
1.90062
1.89919
1.89678
1.8934
1.88905
1.88374
1.87748
1.8703
1.86221
1.85333
1.84387
1.83428
1.82527
1.81784
1.81303
1.81165
1.81384
1.819
1.82594
1.83338
1.84029
1.8461
1.85072
1.85443
1.85768
1.86098
1.8647
1.86903
1.8739
1.879
1.88394
1.88826
1.89154
1.89342
1.89362
1.89193
1.8883
1.88292
1.87634
1.86954
1.86382
1.86035
1.85972
1.86164
1.86514
1.86908
1.87249
1.87487
1.87604
1.87606
1.87513
1.87347
1.87132
1.86891
1.8665
1.86434
1.86262
1.86149
1.86101
1.86115
1.86183
1.86297
1.86452
1.86648
1.86887
1.87172
1.87501
1.87866
1.88254
1.88648
1.89031
1.89391
1.89717
1.9
1.90237
1.90425
1.90564
1.90654
1.90695
1.9069
1.90639
1.90545
1.90407
1.90228
1.90007
1.89745
1.89446
1.89114
1.88754
1.88377
1.87993
1.8761
1.87237
1.86878
1.86541
1.86248
1.86043
1.85986
1.86134
1.86508
1.87076
1.87758
1.88461
1.89105
1.89643
1.90055
1.90343
1.90518
1.9059
1.90564
1.90437
1.90198
1.89832
1.89329
1.88698
1.87985
1.87286
1.86733
1.86458
1.8653
1.86925
1.8754
1.88246
1.88938
1.8955
1.90045
1.90406
1.90611
1.90634
1.90438
1.89992
1.8929
1.88391
1.87453
1.86719
1.86418
1.86627
1.87219
1.87943
1.88568
1.88966
1.89111
1.89047
1.88838
1.8855
1.88229
1.87907
1.87597
1.87307
1.87045
1.86822
1.8665
1.86541
1.86504
1.86541
1.86646
1.86812
1.87026
1.87282
1.87576
1.87907
1.88273
1.88669
1.89082
1.89492
1.89875
1.90206
1.90462
1.90627
1.90692
1.90657
1.90533
1.90346
1.90128
1.8992
1.89755
1.89651
1.89605
1.89593
1.89582
1.89539
1.89443
1.89292
1.89103
1.88906
1.88734
1.88614
1.88556
1.88554
1.8859
1.88644
1.88702
1.8876
1.88823
1.88897
1.8899
1.89099
1.89221
1.89346
1.89464
1.89565
1.8964
1.89684
1.89692
1.89664
1.89601
1.89507
1.89388
1.89251
1.89104
1.88955
1.88811
1.88679
1.88563
1.88465
1.88389
1.88332
1.88296
1.88277
1.88275
1.88286
1.88308
1.88338
1.88372
1.88409
1.88446
1.88479
1.88505
1.88524
1.88533
1.88531
1.88519
1.88496
1.88465
1.88429
1.88388
1.88346
1.88304
1.8826
1.88209
1.88146
1.8806
1.87937
1.87763
1.87525
1.87215
1.86836
1.86411
1.85982
1.85612
1.8537
1.85317
1.85485
1.85862
1.86403
1.87039
1.87698
1.88317
1.88842
1.89235
1.89456
1.89466
1.8922
1.88681
1.87842
1.86773
1.85662
1.84798
1.84448
1.84689
1.85345
1.86104
1.86682
1.86899
1.8667
1.85957
1.8475
1.83105
1.81242
1.79619
1.78823
1.79202
1.8058
1.82407
1.84162
1.85573
1.86585
1.87255
1.87671
1.87916
1.88063
1.88166
1.88262
1.88366
1.88479
1.88587
1.8867
1.88713
1.88704
1.88644
1.8854
1.88408
1.88264
1.8813
1.88025
1.87963
1.87956
1.88009
1.88121
1.88283
1.88486
1.88714
1.88953
1.89187
1.89405
1.89596
1.89752
1.89864
1.89929
1.89942
1.89898
1.89795
1.89629
1.89398
1.89101
1.8874
1.88322
1.87862
1.87382
1.86917
1.86513
1.86217
1.86068
1.86084
1.86253
1.8653
1.86851
1.87148
1.87364
1.8746
1.87424
1.87276
1.87056
1.86829
1.86658
1.866
1.86687
1.86928
1.87313
1.87813
1.88385
1.8898
1.89544
1.90034
1.90419
1.90685
1.90829
1.90859
1.90789
1.90634
1.90412
1.9014
1.89832
1.89506
1.89176
1.88856
1.88562
1.88308
1.88108
1.87973
1.87913
1.87931
1.88025
1.88187
1.88406
1.88664
1.88941
1.89219
1.89478
1.89702
1.89875
1.89986
1.90023
1.89975
1.89836
1.89606
1.89293
1.88922
1.88532
1.88173
1.87899
1.87746
1.87723
1.87813
1.87978
1.88175
1.88373
1.88558
1.88733
1.88909
1.89101
1.89321
1.89571
1.89847
1.90139
1.90433
1.90718
1.90983
1.91222
1.91433
1.91614
1.91768
1.91895
1.91998
1.92076
1.92128
1.92153
1.92147
1.92105
1.92025
1.91903
1.91737
1.91526
1.91275
1.9099
1.90682
1.90365
1.90056
1.89775
1.89541
1.89375
1.89298
1.89329
1.89478
1.89745
1.90112
1.90544
1.90997
1.91421
1.91771
1.92013
1.9213
1.92119
1.91993
1.91769
1.91459
1.9106
1.90545
1.89877
1.89053
1.88142
1.87318
1.86802
1.86743
1.87113
1.87731
1.88372
1.88879
1.89188
1.89301
1.8925
1.89073
1.88803
1.88467
1.8809
1.87699
1.8732
1.86986
1.86729
1.86576
1.86541
1.8661
1.86743
1.86871
1.86915
1.86801
1.86475
1.85919
1.85163
1.84288
1.83419
1.82693
1.82204
1.8197
1.8194
1.82034
1.82192
1.82388
1.8262
1.82889
1.83182
1.83473
1.8373
1.83927
1.84051
1.841
1.84082
1.8401
1.839
1.83768
1.83625
1.83484
1.83352
1.83234
1.83133
1.8305
1.82984
1.82932
1.82893
1.82861
1.82834
1.82808
1.82777
1.8274
1.82691
1.82628
1.82546
1.82442
1.82313
1.82154
1.81962
1.81737
1.81478
1.81189
1.80877
1.80556
1.80248
1.79976
1.79768
1.79645
1.79623
1.79703
1.79876
1.8012
1.80408
1.80713
1.81003
1.81253
1.81435
1.81521
1.8148
1.81275
1.8087
1.80239
1.79383
1.78372
1.77367
1.76613
1.76346
1.76671
1.77494
1.78589
1.79724
1.80743
1.81581
1.8223
1.82717
1.83072
1.83328
1.8351
1.83639
1.8373
1.83794
1.8384
1.83874
1.83897
1.83913
1.83921
1.83921
1.8391
1.83885
1.83843
1.83779
1.83691
1.83575
1.83432
1.83266
1.83083
1.829
1.82735
1.82614
1.82563
1.82603
1.82743
1.82974
1.8327
1.83586
1.8387
1.84069
1.84143
1.84063
1.83826
1.83449
1.82972
1.82448
1.81928
1.81452
1.81039
1.807
1.8045
1.8032
1.80351
1.80563
1.80941
1.81426
1.81941
1.82414
1.82802
1.83093
1.83298
1.83435
1.83526
1.83585
1.83619
1.83635
1.83637
1.8363
1.83619
1.83606
1.83592
1.83571
1.83538
1.8349
1.83428
1.83355
1.83276
1.83188
1.83087
1.82972
1.82853
1.82761
1.82735
1.82811
1.83
1.83275
1.83584
1.83859
1.84043
1.84097
1.84008
1.83779
1.83434
1.83008
1.82543
1.82078
1.81643
1.81255
1.80914
1.80612
1.80336
1.80074
1.7982
1.7957
1.79332
1.79123
1.78972
1.78914
1.78979
1.79176
1.79487
1.79873
1.80283
1.80675
1.81015
1.81289
1.81492
1.81629
1.81709
1.81743
1.81741
1.81712
1.81663
1.816
1.81528
1.81449
1.81364
1.81274
1.81178
1.81075
1.80963
1.8084
1.80705
1.80556
1.80396
1.80226
1.80052
1.79879
1.79717
1.79572
1.79452
1.79357
1.79286
1.79228
1.79167
1.79081
1.78942
1.7872
1.78387
1.77916
1.77298
1.76543
1.75698
1.74853
1.74126
1.73631
1.73431
1.73506
1.73776
1.74151
1.74572
1.75029
1.75539
1.76123
1.76776
1.77466
1.78137
1.78737
1.79231
1.79608
1.7988
1.80068
1.80198
1.8029
1.80355
1.804
1.80426
1.80434
1.80425
1.80401
1.80363
1.80308
1.80234
1.80133
1.79994
1.79807
1.7956
1.79249
1.78876
1.78455
1.78013
1.77593
1.77241
1.77005
1.76916
1.76982
1.77183
1.77477
1.77813
1.78141
1.78426
1.78647
1.788
1.78893
1.78945
1.78979
1.79017
1.79077
1.79171
1.79303
1.79468
1.79654
1.79849
1.80038
1.80209
1.80355
1.80474
1.80567
1.80639
1.80701
1.80762
1.80831
1.80917
1.81023
1.81151
1.81299
1.81462
1.81634
1.81808
1.8198
1.82145
1.82299
1.8244
1.82568
1.82683
1.82785
1.82875
1.82953
1.8302
1.83077
1.83124
1.83161
1.83188
1.83204
1.83209
1.83203
1.83186
1.8316
1.83126
1.83089
1.83053
1.83027
1.83017
1.83032
1.8308
1.83165
1.83289
1.8345
1.8364
1.8385
1.84069
1.84284
1.84482
1.84654
1.84791
1.8489
1.84949
1.84971
1.84959
1.84921
1.84866
1.848
1.84731
1.84666
1.84609
1.84566
1.84537
1.84523
1.84521
1.84521
1.84516
1.84492
1.84442
1.84358
1.84242
1.84095
1.83929
1.83755
1.83588
1.83443
1.83337
1.83283
1.83291
1.83367
1.83512
1.83725
1.84
1.84327
1.84693
1.85079
1.85465
1.85826
1.8614
1.86383
1.86533
1.86575
1.86496
1.86298
1.85994
1.85618
1.8522
1.84856
1.8457
1.84373
1.84236
1.84102
1.8391
1.83617
1.83218
1.82737
1.82227
1.81751
1.81369
1.81137
1.81092
1.81249
1.81591
1.82076
1.82641
1.83218
1.8375
1.842
1.84548
1.8479
1.84936
1.85
1.85004
1.84964
1.84897
1.84809
1.84704
1.84575
1.84417
1.84222
1.83987
1.83714
1.83408
1.83077
1.82731
1.82375
1.82008
1.81626
1.81218
1.80779
1.80313
1.79851
1.79447
1.79175
1.79108
1.79286
1.79696
1.80271
1.80911
1.81508
1.81974
1.82249
1.82308
1.8215
1.81794
1.8127
1.80616
1.79869
1.79062
1.78238
1.77462
1.76835
1.76483
1.7652
1.76996
1.77863
1.78992
1.80214
1.81376
1.82369
1.83137
1.83665
1.83969
1.84078
1.84028
1.83854
1.83589
1.8326
1.82895
1.82514
1.82136
1.81775
1.81442
1.81146
1.80895
1.80694
1.80548
1.80458
1.80422
1.80429
1.80463
1.80502
1.80518
1.80484
1.80378
1.8019
1.79928
1.79615
1.79294
1.79018
1.78839
1.78799
1.78914
1.79175
1.79548
1.79986
1.80441
1.80872
1.81248
1.81554
1.81784
1.8194
1.82031
1.82068
1.82061
1.82024
1.81966
1.81899
1.81832
1.81773
1.81728
1.81703
1.81702
1.81726
1.81778
1.81856
1.81958
1.82082
1.82223
1.82375
1.82532
1.82686
1.82829
1.82952
1.83045
1.831
1.83106
1.83054
1.82939
1.82756
1.82504
1.82186
1.8181
1.81386
1.80928
1.80449
1.79966
1.79503
1.79089
1.78763
1.78562
1.78512
1.78616
1.78847
1.79154
1.79478
1.79766
1.79983
1.80127
1.8022
1.80305
1.80427
1.80617
1.80885
1.81211
1.81567
1.81919
1.8224
1.82515
1.82737
1.82909
1.83035
1.8312
1.83172
1.83193
1.83185
1.83146
1.83072
1.82957
1.82792
1.82568
1.8228
1.8193
1.8154
1.81154
1.80838
1.80663
1.8068
1.80894
1.81257
1.81688
1.82105
1.82447
1.82684
1.8282
1.82879
1.82898
1.82907
1.8293
1.82974
1.83029
1.8307
1.83068
1.82992
1.82819
1.82541
1.82173
1.81759
1.81376
1.81118
1.81076
1.81306
1.81801
1.82501
1.83308
1.84118
1.84854
1.85465
1.85934
1.86263
1.86462
1.86548
1.86532
1.86424
1.86226
1.85941
1.8558
1.85165
1.84739
1.84362
1.84104
1.84015
1.84109
1.8435
1.84671
1.84995
1.8526
1.85429
1.85491
1.85456
1.85347
1.85195
1.85034
1.84895
1.84806
1.84788
1.84855
1.85008
1.85239
1.85532
1.85864
1.86206
1.86532
1.86823
1.87062
1.87247
1.87378
1.87465
1.87523
1.87567
1.87616
1.87683
1.87778
1.87904
1.88053
1.8821
1.88353
1.88456
1.88491
1.88435
1.88272
1.87998
1.87622
1.87166
1.86667
1.86174
1.8574
1.85419
1.85253
1.85263
1.85449
1.85785
1.86228
1.86727
1.87232
1.87704
1.88112
1.88443
1.88689
1.88852
1.88938
1.88954
1.88909
1.88809
1.8866
1.88466
1.88229
1.87951
1.87637
1.87292
1.86924
1.86548
1.86182
1.85849
1.85572
1.85369
1.85251
1.85217
1.85249
1.85321
1.85391
1.85417
1.85356
1.85174
1.84863
1.84451
1.8401
1.83649
1.83474
1.83541
1.8383
1.84255
1.84714
1.8513
1.85463
1.85705
1.85862
1.85941
1.85941
1.85855
1.85671
1.85383
1.84988
1.84494
1.8392
1.83295
1.82661
1.82063
1.81544
1.81141
1.80869
1.80727
1.80697
1.80759
1.80893
1.81095
1.81363
1.81699
1.82095
1.82531
1.82979
1.83406
1.83785
1.84099
1.84336
1.84494
1.84577
1.8459
1.84539
1.84432
1.84278
1.84087
1.8387
1.83642
1.83418
1.83211
1.83036
1.82898
1.82799
1.82735
1.82699
1.82683
1.82682
1.82696
1.82728
1.82781
1.82857
1.82951
1.83052
1.83141
1.8319
1.83169
1.83043
1.82779
1.82347
1.81728
1.80931
1.80003
1.79041
1.7818
1.77551
1.77227
1.77187
1.77336
1.77557
1.77766
1.7793
1.78066
1.78214
1.78419
1.78707
1.79074
1.79492
1.79919
1.80315
1.80649
1.80909
1.81095
1.81218
1.81294
1.81338
1.81365
1.81385
1.81401
1.81413
1.81417
1.81403
1.81361
1.81282
1.8116
1.80991
1.80785
1.80557
1.80334
1.80149
1.80036
1.80021
1.80114
1.80308
1.80581
1.80907
1.81257
1.81607
1.81941
1.82244
1.82508
1.82722
1.82878
1.82963
1.82964
1.82872
1.82685
1.82411
1.8208
1.81744
1.81467
1.8131
1.81302
1.81425
1.81619
1.81797
1.81876
1.818
1.81544
1.81123
1.80584
1.79991
1.79418
1.78921
1.78535
1.78268
1.78114
1.78072
1.78148
1.78358
1.78714
1.79214
1.79841
1.80562
1.81333
1.82109
1.82849
1.83515
1.84077
1.84511
1.84796
1.84916
1.84867
1.84655
1.84307
1.83875
1.83434
1.8307
1.82859
1.8284
1.83003
1.83296
1.83647
1.83992
1.84285
1.84507
1.8466
1.84754
1.84804
1.84823
1.84819
1.848
1.84769
1.84731
1.84691
1.84655
1.84625
1.84601
1.84575
1.84537
1.84466
1.84342
1.84137
1.8382
1.8336
1.82721
1.81869
1.80788
1.79495
1.7807
1.76674
1.75523
1.7482
1.74669
1.75029
1.75747
1.76645
1.7759
1.78513
1.79388
1.80203
1.80936
1.81558
1.82038
1.82352
1.82493
1.8247
1.82305
1.82037
1.8171
1.81376
1.81085
1.8088
1.80789
1.80822
1.80974
1.81228
1.81557
1.81934
1.82332
1.82728
1.83103
1.83444
1.83742
1.83989
1.84179
1.84307
1.84364
1.84338
1.84214
1.83968
1.83569
1.82979
1.82152
1.81042
1.79618
1.77896
1.75984
1.74121
1.72655
1.71909
1.72001
1.72785
1.73972
1.75296
1.76601
1.77815
1.78909
1.79866
1.80674
1.81328
1.81832
1.822
1.82453
1.82613
1.82704
1.82743
1.82745
1.82721
1.82675
1.82611
1.8253
1.82435
1.82329
1.82219
1.82116
1.82031
1.81975
1.81954
1.81971
1.8202
1.82087
1.82155
1.82201
1.82203
1.82141
1.81998
1.81765
1.81439
1.81028
1.80551
1.80037
1.79526
1.79061
1.78684
1.7843
1.78319
1.78354
1.78527
1.78814
1.79189
1.79621
1.80081
1.80542
1.80983
1.81386
1.81738
1.82026
1.82238
1.82364
1.8239
1.82304
1.82096
1.81761
1.81304
1.80743
1.80114
1.79468
1.78863
1.78347
1.77941
1.77631
1.77377
1.77135
1.76894
1.76701
1.76663
1.76894
1.77452
1.78283
1.79241
1.8016
1.80911
1.81426
1.81693
1.81732
1.81579
1.81272
1.80852
1.80354
1.79812
1.7926
1.78728
1.78247
1.77847
1.77552
1.77376
1.77322
1.77383
1.77539
1.77766
1.78038
1.78332
1.78627
1.78909
1.79169
1.79402
1.79607
1.79786
1.79944
1.80086
1.80217
1.80343
1.80469
1.80596
1.80726
1.8086
1.80997
1.81135
1.81274
1.81412
1.81547
1.81679
1.81804
1.81921
1.82027
1.82118
1.82188
1.82234
1.82248
1.82222
1.8215
1.82023
1.81836
1.81586
1.81276
1.80916
1.80529
1.80139
1.79779
1.79476
1.79245
1.79091
1.79007
1.78982
1.79008
1.79082
1.79209
1.79395
1.79642
1.79945
1.8029
1.80658
1.81029
1.81381
1.81699
1.81971
1.82193
1.82361
1.82477
1.82543
1.82564
1.82545
1.82492
1.82412
1.82313
1.82205
1.82096
1.81996
1.81914
1.81858
1.8183
1.81835
1.8187
1.81932
1.82014
1.82108
1.82209
1.82309
1.82402
1.82483
1.82549
1.82599
1.82632
1.82648
1.82652
1.82649
1.82648
1.8266
1.827
1.82778
1.829
1.83062
1.83248
1.83425
1.83555
1.83593
1.83498
1.83238
1.828
1.82189
1.81444
1.80643
1.79918
1.79439
1.79352
1.79699
1.80388
1.81238
1.82074
1.8279
1.83352
1.83767
1.84056
1.8424
1.84327
1.84327
1.84253
1.84129
1.83988
1.83868
1.83798
1.83794
1.83851
1.83946
1.8405
1.84129
1.84154
1.84098
1.83939
1.8366
1.83249
1.8271
1.82064
1.81355
1.80653
1.8004
1.796
1.794
1.7947
1.79802
1.80348
1.81037
1.81786
1.82519
1.83178
1.83727
1.84152
1.84454
1.84645
1.84743
1.84767
1.84735
1.84662
1.8456
1.8444
1.84305
1.84161
1.84009
1.83849
1.83683
1.83514
1.83345
1.83184
1.83042
1.82929
1.82856
1.82831
1.82858
1.82936
1.83059
1.83215
1.83395
1.83585
1.83775
1.83956
1.8412
1.8426
1.84371
1.84445
1.84477
1.84461
1.84392
1.84269
1.84097
1.83888
1.83666
1.83464
1.83317
1.83254
1.8329
1.83415
1.83601
1.83805
1.83983
1.84096
1.84112
1.84009
1.83773
1.83408
1.82942
1.82445
1.82032
1.81853
1.82033
1.82607
1.83486
1.84489
1.85414
1.86103
1.86464
1.86464
1.8612
1.85491
1.84674
1.83803
1.83027
1.8248
1.82247
1.82345
1.82728
1.83315
1.84014
1.84744
1.85439
1.86047
1.86523
1.86836
1.86978
1.86974
1.86898
1.86851
1.86927
1.87164
1.87526
1.87929
1.88292
1.88572
1.88762
1.88864
1.88873
1.88762
1.88494
1.88042
1.87403
1.86612
1.85741
1.84894
1.84193
1.83756
1.83661
1.83925
1.84487
1.8523
1.86011
1.867
1.87197
1.87438
1.87394
1.87077
1.86536
1.85857
1.85141
1.84487
1.83988
1.83756
1.83916
1.8455
1.85613
1.8692
1.88237
1.8938
1.9026
1.90866
1.91231
1.91403
1.9143
1.91348
1.91188
1.90967
1.90699
1.90391
1.90046
1.89666
1.89253
1.88805
1.88326
1.87821
1.87298
1.86771
1.8626
1.85791
1.85394
1.85097
1.84925
1.84891
1.84995
1.85224
1.85556
1.85964
1.86419
1.86897
1.87371
1.87819
1.88223
1.88572
1.88863
1.89101
1.89298
1.8947
1.89629
1.89779
1.89912
1.90006
1.90023
1.89916
1.89628
1.89106
1.88311
1.87249
1.8601
1.84788
1.83843
1.83388
1.83465
1.83927
1.84544
1.85126
1.85574
1.85863
1.86009
1.86036
1.85963
1.85806
1.85576
1.8529
1.84977
1.84687
1.84483
1.84432
1.84587
1.84963
1.85535
1.86244
1.87014
1.87771
1.88458
1.89036
1.89485
1.89799
1.8998
1.90037
1.89984
1.89832
1.896
1.89306
1.88972
1.88625
1.88295
1.88012
1.87801
1.87677
1.87644
1.87692
1.87805
1.87961
1.88143
1.88336
1.88533
1.8873
1.88929
1.89128
1.8933
1.89535
1.89741
1.89945
1.90145
1.90338
1.90521
1.90694
1.90854
1.91002
1.91138
1.91263
1.91377
1.91482
1.91577
1.91659
1.91727
1.91778
1.91808
1.91815
1.91796
1.91754
1.9169
1.91612
1.91525
1.91438
1.91355
1.9128
1.91215
1.91164
1.91133
1.91135
1.91184
1.91288
1.91448
1.91649
1.91859
1.92037
1.92144
1.92147
1.92034
1.91822
1.91552
1.91289
1.91099
1.91025
1.91071
1.91201
1.91355
1.91478
1.91531
1.91498
1.91381
1.9119
1.90939
1.90643
1.90324
1.90014
1.89756
1.89601
1.89597
1.89778
1.90144
1.90654
1.91234
1.91794
1.92253
1.9255
1.92659
1.92576
1.92323
1.91933
1.91449
1.90919
1.90389
1.89905
1.89502
1.89208
1.8904
1.89001
1.89083
1.89264
1.89514
1.89795
1.90068
1.903
1.90467
1.90563
1.90596
1.90588
1.90567
1.90556
1.90568
1.90599
1.90631
1.90639
1.906
1.90497
1.90321
1.90068
1.89734
1.89311
1.88782
1.88134
1.87371
1.86543
1.85765
1.85198
1.84986
1.8518
1.85696
1.86373
1.87048
1.87617
1.88038
1.88314
1.88473
1.88544
1.88556
1.88533
1.88492
1.88446
1.88406
1.88379
1.88369
1.88379
1.88409
1.88457
1.88522
1.88601
1.88689
1.88784
1.88882
1.88981
1.89078
1.89173
1.89264
1.89351
1.89434
1.89513
1.89588
1.89657
1.89718
1.89766
1.89796
1.89797
1.89761
1.89672
1.89514
1.89271
1.88925
1.88461
1.87872
1.87165
1.86367
1.8553
1.84732
1.84066
1.83616
1.83441
1.8355
1.83899
1.84411
1.84994
1.85566
1.86068
1.8647
1.86766
1.86966
1.87084
1.87133
1.87121
1.87048
1.86915
1.86728
1.86503
1.86274
1.86089
1.86007
1.86086
1.86363
1.86848
1.87508
1.88279
1.89082
1.89834
1.90465
1.90926
1.91186
1.9123
1.91059
1.90683
1.90123
1.89415
1.8861
1.87769
1.86963
1.86255
1.85688
1.85279
1.85019
1.84888
1.84872
1.8497
1.85191
1.85548
1.8604
1.86649
1.87343
1.88078
1.88813
1.89509
1.90142
1.90693
1.91156
1.91528
1.91812
1.92011
1.92127
1.92165
1.92127
1.92015
1.91835
1.91593
1.91305
1.90991
1.90679
1.904
1.90188
1.90067
1.90049
1.90134
1.90304
1.90537
1.90802
1.91074
1.91331
1.91556
1.91742
1.91884
1.91983
1.92042
1.92063
1.9205
1.92004
1.9193
1.91832
1.91723
1.91614
1.91523
1.91461
1.91432
1.9143
1.91435
1.91421
1.91363
1.91244
1.91059
1.9082
1.9055
1.90276
1.90023
1.89813
1.89662
1.89582
1.8958
1.89661
1.89826
1.90071
1.90388
1.90757
1.91153
1.91544
1.91903
1.92211
1.92467
1.9268
1.92871
1.93064
1.93273
1.93507
1.93762
1.94028
1.94292
1.94544
1.94773
1.94971
1.95132
1.9525
1.95318
1.9533
1.95278
1.95156
1.94954
1.94662
1.94272
1.93775
1.93166
1.92447
1.91631
1.90749
1.89852
1.89005
1.88282
1.87738
1.87386
1.87184
1.8704
1.8684
1.86483
1.85929
1.85233
1.84561
1.84144
1.84173
1.84689
1.85569
1.86607
1.87621
1.88504
1.89216
1.89756
1.90143
1.90394
1.90525
1.90547
1.90469
1.90298
1.90051
1.89754
1.89452
1.89202
1.89068
1.89096
1.89297
1.89642
1.9007
1.90508
1.90891
1.91172
1.91321
1.9132
1.91154
1.90812
1.90281
1.89549
1.88618
1.87508
1.86268
1.84985
1.83767
1.82732
1.81995
1.81653
1.8177
1.82339
1.83262
1.84377
1.85512
1.86542
1.87399
1.88068
1.88561
1.88904
1.89125
1.89246
1.89287
1.89264
1.89187
1.89064
1.88903
1.8871
1.8849
1.88248
1.87989
1.87717
1.87432
1.87136
1.86824
1.86494
1.86141
1.85766
1.85378
1.84998
1.84659
1.844
1.84254
1.84237
1.84342
1.84543
1.84799
1.85073
1.85333
1.85559
1.85743
1.85881
1.85978
1.86037
1.86065
1.86067
1.86047
1.86009
1.85955
1.85895
1.8584
1.858
1.85783
1.85791
1.85818
1.85854
1.85889
1.85917
1.85936
1.85947
1.85953
1.85963
1.85989
1.86044
1.86143
1.86294
1.86498
1.86745
1.87018
1.87294
1.8755
1.87768
1.87933
1.88037
1.88076
1.88054
1.87977
1.87855
1.87703
1.87542
1.87391
1.87272
1.87203
1.87196
1.87254
1.8737
1.87527
1.87702
1.87873
1.88015
1.88105
1.88124
1.88052
1.87871
1.87565
1.87122
1.86538
1.85826
1.85022
1.8419
1.83416
1.82794
1.82399
1.82265
1.82385
1.82716
1.83206
1.83803
1.84464
1.85146
1.85814
1.86436
1.86988
1.87457
1.87836
1.88129
1.8834
1.88479
1.88552
1.88568
1.88531
1.88446
1.88315
1.88142
1.8793
1.87684
1.87411
1.8712
1.86819
1.8652
1.86231
1.85961
1.85714
1.85491
1.85294
1.85123
1.84976
1.8485
1.84739
1.84632
1.84518
1.84395
1.84276
1.84192
1.8418
1.84271
1.84476
1.84777
1.85137
1.85504
1.85826
1.8606
1.86174
1.8615
1.85987
1.85695
1.85296
1.84823
1.84317
1.83826
1.83396
1.83064
1.82849
1.82746
1.82736
1.82792
1.82889
1.83018
1.83189
1.83433
1.83792
1.84304
1.84976
1.85781
1.86654
1.87522
1.88316
1.88996
1.8954
1.89951
1.90239
1.90421
1.90514
1.90532
1.90487
1.90387
1.9024
1.90049
1.89821
1.89561
1.89275
1.88971
1.88662
1.88361
1.88088
1.87863
1.87706
1.87631
1.87642
1.87729
1.87873
1.88044
1.88218
1.88375
1.88502
1.88596
1.88652
1.88669
1.88643
1.8857
1.88447
1.88281
1.88085
1.87885
1.87712
1.87601
1.87583
1.87676
1.87884
1.88196
1.88586
1.89025
1.89478
1.89916
1.90309
1.90633
1.90865
1.90984
1.90974
1.90825
1.90532
1.90107
1.89567
1.88947
1.88293
1.87666
1.87138
1.86779
1.86644
1.86748
1.87064
1.87528
1.88063
1.88598
1.8908
1.89479
1.8978
1.89981
1.90088
1.90114
1.90076
1.89994
1.89892
1.89791
1.8971
1.89662
1.89654
1.89685
1.89747
1.89829
1.89916
1.89991
1.90041
1.90053
1.90016
1.89922
1.89764
1.89537
1.89239
1.8887
1.88436
1.87951
1.87437
1.86929
1.86465
1.86083
1.85809
1.85644
1.85571
1.85554
1.85557
1.85547
1.8551
1.85445
1.85362
1.85277
1.8521
1.85174
1.85181
1.85233
1.85331
1.85469
1.85638
1.85826
1.86021
1.8621
1.86381
1.86526
1.86638
1.86714
1.86753
1.86758
1.8673
1.86673
1.86592
1.86492
1.86376
1.86251
1.86122
1.85996
1.85882
1.85786
1.85716
1.85678
1.85675
1.85706
1.85769
1.85856
1.85955
1.86055
1.8614
1.86197
1.86212
1.86174
1.86074
1.85906
1.8567
1.85371
1.85022
1.84643
1.84257
1.83892
1.83574
1.83322
1.83147
1.83052
1.83033
1.83086
1.83207
1.8339
1.83631
1.83916
1.84228
1.84546
1.8485
1.85129
1.85378
1.85597
1.85788
1.85945
1.86051
1.86079
1.85999
1.85792
1.85456
1.85018
1.8453
1.84068
1.83715
1.8354
1.83581
1.83836
1.84259
1.84783
1.85339
1.8587
1.86342
1.86745
1.87083
1.87366
1.87606
1.8781
1.87978
1.88105
1.88188
1.88224
1.88211
1.8815
1.88043
1.87886
1.87674
1.87401
1.87059
1.86649
1.8618
1.85674
1.85164
1.84688
1.84282
1.83959
1.83701
1.83447
1.83101
1.82554
1.81733
1.80679
1.79614
1.78927
1.78975
1.79817
1.81161
1.82587
1.83786
1.84633
1.85139
1.85372
1.85413
1.85331
1.85181
1.85004
1.84829
1.84681
1.84579
1.84534
1.8455
1.84608
1.84671
1.84682
1.84583
1.84329
1.83908
1.8335
1.82722
1.82101
1.81536
1.81011
1.80437
1.79689
1.78668
1.77389
1.76048
1.74999
1.74576
1.74868
1.75671
1.76672
1.77649
1.78525
1.79317
1.8006
1.80773
1.81449
1.82065
1.826
1.83035
1.83365
1.83592
1.83727
1.83783
1.83775
1.83717
1.8362
1.83493
1.83341
1.83166
1.8297
1.82749
1.82504
1.82232
1.81932
1.81608
1.81262
1.80902
1.80538
1.80182
1.79849
1.79553
1.79307
1.7912
1.78997
1.78937
1.78931
1.78967
1.79027
1.79094
1.79146
1.79167
1.79141
1.79058
1.78914
1.78714
1.78469
1.78203
1.77947
1.77734
1.7759
1.77532
1.77552
1.77628
1.77724
1.77801
1.7783
1.77801
1.77725
1.77634
1.7757
1.7757
1.77651
1.778
1.77979
1.78142
1.78251
1.7829
1.78269
1.78214
1.78162
1.78148
1.78187
1.7828
1.78409
1.7855
1.78677
1.78773
1.78829
1.78843
1.78821
1.78772
1.78708
1.78637
1.78569
1.78508
1.78454
1.78403
1.78347
1.78275
1.78176
1.78038
1.77852
1.77611
1.77311
1.76954
1.76544
1.76089
1.75602
1.75101
1.74607
1.74146
1.73742
1.73422
1.73203
1.73095
1.73097
1.73196
1.73373
1.73602
1.73861
1.7413
1.74392
1.74638
1.74859
1.75052
1.75216
1.75351
1.75459
1.75543
1.75604
1.75645
1.75668
1.75677
1.75673
1.75659
1.75635
1.75602
1.75563
1.75517
1.75464
1.75404
1.75336
1.7526
1.75174
1.75076
1.74964
1.74837
1.74692
1.74527
1.74343
1.74138
1.73915
1.73679
1.73436
1.73198
1.72976
1.72782
1.72624
1.7251
1.7244
1.7241
1.72412
1.72437
1.72478
1.72528
1.72584
1.72645
1.72714
1.72792
1.72882
1.72983
1.73097
1.73221
1.73352
1.73488
1.73625
1.73758
1.73884
1.74
1.74105
1.74197
1.74275
1.74338
1.74388
1.74425
1.74451
1.74466
1.74472
1.7447
1.74464
1.74454
1.74443
1.74432
1.74423
1.74417
1.74415
1.74415
1.74417
1.74419
1.74415
1.74402
1.74374
1.74325
1.74249
1.7414
1.73994
1.73811
1.73591
1.73342
1.73071
1.72793
1.72521
1.72268
1.72046
1.71863
1.71723
1.71636
1.71616
1.71683
1.71858
1.72156
1.72572
1.73084
1.73649
1.74225
1.7477
1.75257
1.75671
1.76008
1.76272
1.76472
1.76617
1.76717
1.7678
1.76814
1.76825
1.76816
1.76791
1.76752
1.76701
1.7664
1.7657
1.76494
1.76414
1.76335
1.76262
1.76201
1.76162
1.76152
1.76183
1.7626
1.76389
1.76568
1.76793
1.77052
1.77331
1.77614
1.77886
1.78135
1.78353
1.78536
1.78685
1.78805
1.78905
1.78994
1.79082
1.79175
1.79277
1.79387
1.79501
1.79608
1.79698
1.79753
1.79753
1.79674
1.79487
1.79159
1.78663
1.77991
1.77175
1.76306
1.7554
1.75052
1.74968
1.753
1.75942
1.7674
1.77559
1.78318
1.78985
1.79562
1.80063
1.80502
1.80892
1.81238
1.81543
1.81806
1.82025
1.82197
1.82321
1.82397
1.82424
1.82406
1.82349
1.82259
1.82145
1.82016
1.81884
1.81756
1.8164
1.81543
1.81464
1.81404
1.81354
1.81304
1.81239
1.81139
1.80978
1.80726
1.80352
1.7983
1.79159
1.78388
1.7764
1.771
1.76957
1.77302
1.78083
1.79135
1.80275
1.81365
1.8233
1.8314
1.83794
1.84303
1.84687
1.84963
1.8515
1.85265
1.85322
1.85331
1.85301
1.85238
1.85145
1.85022
1.84869
1.84681
1.84452
1.84171
1.83825
1.83401
1.82884
1.8227
1.81565
1.80797
1.80017
1.79293
1.787
1.78303
1.78144
1.78238
1.78568
1.79095
1.79754
1.80474
1.81189
1.81849
1.82432
1.82939
1.83385
1.8379
1.84165
1.84513
1.84822
1.85075
1.85262
1.85378
1.85431
1.85436
1.85406
1.85344
1.85241
1.85075
1.84821
1.84458
1.83981
1.83411
1.82794
1.82199
1.8171
1.81404
1.81333
1.81514
1.81922
1.82503
1.83183
1.83884
1.84539
1.85093
1.85507
1.8576
1.85842
1.85756
1.85515
1.85143
1.84675
1.84159
1.83652
1.83216
1.82905
1.82756
1.82773
1.82928
1.83168
1.83427
1.83646
1.83782
1.83816
1.8375
1.83602
1.83407
1.83199
1.83012
1.82866
1.82765
1.827
1.82653
1.82605
1.82541
1.82458
1.82358
1.82249
1.82142
1.82044
1.81961
1.81899
1.8186
1.81846
1.81855
1.81878
1.81903
1.81915
1.81901
1.8185
1.81755
1.81609
1.81408
1.81148
1.80825
1.8044
1.79997
1.79504
1.78978
1.78439
1.77913
1.77428
1.77015
1.76698
1.76497
1.7642
1.76465
1.76616
1.76844
1.77119
1.77406
1.77678
1.77916
1.78108
1.78251
1.78347
1.784
1.78416
1.78402
1.78364
1.78307
1.78234
1.78148
1.78052
1.77947
1.77834
1.77716
1.77595
1.77473
1.77355
1.77244
1.77148
1.77072
1.77022
1.77003
1.77019
1.77071
1.77157
1.77275
1.77421
1.77589
1.77774
1.77969
1.78171
1.78376
1.78578
1.78775
1.78961
1.79128
1.79267
1.79363
1.79394
1.79332
1.79136
1.78758
1.78151
1.7728
1.76165
1.74918
1.73766
1.72984
1.72759
1.73067
1.73694
1.7438
1.74939
1.75294
1.75451
1.7545
1.75342
1.75174
1.74981
1.74792
1.74627
1.74503
1.74437
1.74444
1.74541
1.74737
1.7504
1.75447
1.75944
1.76513
1.7713
1.77766
1.78398
1.79001
1.7956
1.80062
1.80499
1.80869
1.81174
1.81416
1.81601
1.81734
1.81821
1.81869
1.81881
1.81861
1.81814
1.8174
1.81639
1.81512
1.81355
1.81165
1.80938
1.80668
1.80353
1.79991
1.7959
1.79163
1.78738
1.78353
1.78055
1.77892
1.77895
1.78071
1.78391
1.78797
1.79213
1.79558
1.79762
1.7977
1.79549
1.79099
1.78462
1.77736
1.77066
1.76608
1.76466
1.76656
1.77103
1.77693
1.78322
1.7892
1.79456
1.79918
1.8031
1.80635
1.80898
1.81103
1.81251
1.81345
1.81391
1.81399
1.81385
1.81368
1.81369
1.81402
1.81474
1.81581
1.81708
1.81833
1.81929
1.8197
1.81938
1.81818
1.81603
1.81298
1.80914
1.80474
1.80007
1.79546
1.79124
1.78769
1.785
1.7833
1.78261
1.7829
1.78408
1.786
1.78847
1.79126
1.79418
1.79704
1.79972
1.80211
1.80416
1.80583
1.80711
1.80799
1.80849
1.80862
1.80841
1.80789
1.80711
1.80614
1.80505
1.80395
1.80296
1.80219
1.80174
1.80171
1.80212
1.80299
1.80426
1.80588
1.80775
1.80978
1.81189
1.814
1.81606
1.81802
1.81986
1.82156
1.82313
1.82459
1.82594
1.82721
1.82843
1.8296
1.83075
1.83187
1.83296
1.834
1.83496
1.83582
1.83653
1.83708
1.83742
1.83752
1.83736
1.83691
1.83615
1.83504
1.83357
1.83172
1.82947
1.82683
1.82382
1.82051
1.81699
1.81341
1.80997
1.80689
1.80439
1.80265
1.80183
1.80201
1.80323
1.8055
1.80883
1.81317
1.81838
1.82423
1.83043
1.83662
1.84249
1.84775
1.85218
1.85561
1.85785
1.85869
1.85787
1.85506
1.84991
1.84219
1.83195
1.81986
1.80747
1.79706
1.79109
1.79104
1.79668
1.80627
1.81745
1.82819
1.83723
1.84405
1.84863
1.8512
1.8521
1.85163
1.85001
1.84743
1.84398
1.83979
1.83498
1.82976
1.82441
1.81934
1.81498
1.81178
1.81008
1.81007
1.81176
1.81502
1.81956
1.82498
1.83082
1.83655
1.84164
1.84564
1.84819
1.84902
1.84802
1.84523
1.84091
1.83563
1.83023
1.82572
1.82307
1.82283
1.82497
1.82894
1.83392
1.8391
1.84388
1.84785
1.85083
1.85271
1.85344
1.85298
1.85129
1.84831
1.84397
1.83825
1.83116
1.82283
1.81359
1.80399
1.7948
1.78696
1.78132
1.77843
1.77837
1.78075
1.78485
1.78985
1.795
1.79971
1.8036
1.80646
1.80823
1.80896
1.80879
1.80792
1.80658
1.80502
1.80344
1.80203
1.80089
1.80006
1.7995
1.79914
1.79888
1.79865
1.79837
1.79801
1.79756
1.79702
1.79641
1.79576
1.79507
1.79437
1.79365
1.79293
1.79219
1.79145
1.79068
1.78992
1.78915
1.7884
1.78769
1.78702
1.78643
1.78592
1.78548
1.78512
1.78481
1.78449
1.78412
1.7836
1.78285
1.78177
1.78025
1.77823
1.77565
1.77255
1.76903
1.76531
1.76171
1.75859
1.75631
1.75511
1.75506
1.75596
1.75742
1.75893
1.75994
1.75997
1.75868
1.75592
1.75169
1.74618
1.73984
1.73342
1.72802
1.72497
1.72538
1.72957
1.73684
1.7458
1.75494
1.76318
1.76995
1.77512
1.77879
1.78118
1.7825
1.78292
1.78259
1.78157
1.77994
1.77772
1.77498
1.77177
1.76826
1.76463
1.76117
1.75819
1.75599
1.75478
1.75462
1.75539
1.75684
1.75861
1.76035
1.76172
1.76248
1.7625
1.76177
1.76046
1.75884
1.75735
1.75644
1.7565
1.75772
1.76008
1.7633
1.76703
1.77087
1.77454
1.77782
1.78063
1.78294
1.78476
1.78611
1.787
1.78742
1.78734
1.78669
1.78537
1.78328
1.78029
1.77633
1.77137
1.76547
1.75887
1.75197
1.74529
1.73936
1.73456
1.73101
1.72855
1.72685
1.72565
1.7249
1.7248
1.72573
1.728
1.73169
1.73655
1.74206
1.74755
1.75246
1.75637
1.75905
1.76047
1.76067
1.7598
1.75805
1.75563
1.75281
1.74987
1.74715
1.74496
1.74358
1.74318
1.7438
1.7453
1.74746
1.74999
1.75262
1.75511
1.75731
1.75913
1.76053
1.76151
1.76207
1.76225
1.76206
1.7615
1.76059
1.7593
1.75761
1.7555
1.75297
1.75003
1.74678
1.74341
1.74022
1.73761
1.73598
1.73563
1.73666
1.73885
1.74177
1.74481
1.74737
1.74891
1.74905
1.7476
1.74462
1.74051
1.73602
1.73212
1.7297
1.72917
1.73025
1.73201
1.73335
1.7333
1.7314
1.7277
1.72275
1.71744
1.71282
1.70986
1.70918
1.71096
1.7149
1.72036
1.72652
1.73268
1.7383
1.7431
1.74699
1.75
1.75222
1.75376
1.75472
1.75514
1.75508
1.75451
1.75343
1.75177
1.74949
1.74652
1.74289
1.73869
1.73423
1.73002
1.72674
1.72509
1.72553
1.72814
1.73252
1.738
1.74386
1.74949
1.75453
1.75878
1.76215
1.76461
1.76617
1.7668
1.76649
1.76526
1.76318
1.76046
1.75741
1.75448
1.75217
1.75088
1.75083
1.75199
1.75409
1.75676
1.75964
1.76247
1.7651
1.7675
1.76969
1.77175
1.77372
1.77567
1.77761
1.77954
1.78143
1.78323
1.78487
1.78622
1.7871
1.78724
1.78623
1.78356
1.77861
1.77084
1.76011
1.7472
1.73431
1.72479
1.7216
1.72538
1.73405
1.74431
1.75358
1.76064
1.7654
1.7683
1.7699
1.77068
1.77102
1.77114
1.77123
1.77138
1.77167
1.77217
1.77291
1.7739
1.77513
1.77658
1.77821
1.77996
1.78178
1.78362
1.78543
1.78718
1.78884
1.7904
1.79184
1.79317
1.79439
1.79549
1.79647
1.79733
1.79807
1.79866
1.79909
1.79931
1.7993
1.79899
1.79836
1.79735
1.79595
1.79418
1.79212
1.78991
1.78778
1.78599
1.78478
1.78431
1.78463
1.7856
1.78699
1.7885
1.78983
1.79076
1.79117
1.79098
1.79022
1.78897
1.78732
1.78542
1.78341
1.78146
1.77973
1.77836
1.77748
1.77718
1.77747
1.77829
1.77951
1.78093
1.78229
1.78335
1.78389
1.78374
1.78284
1.7812
1.77893
1.77619
1.77317
1.77008
1.76716
1.76474
1.76322
1.76307
1.76465
1.76808
1.77313
1.77924
1.7857
1.79182
1.79708
1.80119
1.80406
1.8058
1.80663
1.80683
1.80668
1.80634
1.80583
1.80499
1.80352
1.80119
1.79792
1.79408
1.79054
1.7885
1.78903
1.79253
1.79847
1.80562
1.81265
1.81853
1.82273
1.82512
1.82583
1.82512
1.82331
1.82076
1.81784
1.81492
1.81231
1.81031
1.80909
1.80871
1.80915
1.81027
1.81193
1.81394
1.81614
1.81838
1.82052
1.82247
1.82411
1.82535
1.82611
1.82637
1.82614
1.82556
1.82481
1.82413
1.8237
1.82357
1.82355
1.82326
1.82219
1.81991
1.81628
1.81166
1.8069
1.80317
1.80148
1.80227
1.8053
1.80987
1.81514
1.82035
1.82483
1.82805
1.82972
1.82985
1.82882
1.82723
1.82569
1.82454
1.82368
1.82269
1.82104
1.81838
1.81475
1.81055
1.80646
1.80321
1.80127
1.8008
1.80163
1.80341
1.80578
1.80851
1.8115
1.81473
1.81823
1.82196
1.82584
1.82967
1.83323
1.83631
1.83875
1.84047
1.84148
1.84186
1.84176
1.84131
1.84065
1.83984
1.8389
1.83776
1.83629
1.83435
1.83181
1.8286
1.8248
1.82064
1.81659
1.81323
1.81115
1.81071
1.8119
1.81433
1.81737
1.82037
1.82281
1.82436
1.82488
1.82437
1.8229
1.8206
1.8176
1.81401
1.80993
1.80543
1.80058
1.79546
1.79021
1.78514
1.78071
1.77747
1.77593
1.77631
1.77843
1.78174
1.78548
1.789
1.79189
1.79406
1.79563
1.79689
1.79806
1.79925
1.80039
1.80122
1.80138
1.80048
1.79825
1.79455
1.7896
1.78402
1.77888
1.77545
1.7748
1.77729
1.78238
1.78892
1.79566
1.80161
1.80625
1.80937
1.81104
1.81141
1.81071
1.80919
1.80713
1.80478
1.80238
1.80008
1.79789
1.79568
1.79316
1.79007
1.78624
1.78189
1.77763
1.77449
1.77353
1.77539
1.77995
1.78642
1.79371
1.80086
1.80726
1.81266
1.81705
1.82055
1.82332
1.8255
1.82723
1.82859
1.82966
1.83048
1.83109
1.83153
1.83179
1.8319
1.83183
1.83158
1.83112
1.83043
1.8295
1.82837
1.82714
1.82596
1.82501
1.82446
1.82445
1.82498
1.82597
1.82722
1.8285
1.8296
1.83032
1.83058
1.83034
1.82963
1.82851
1.82707
1.82539
1.82352
1.82145
1.81918
1.81663
1.8138
1.81074
1.80766
1.80495
1.80313
1.8027
1.80394
1.80681
1.81091
1.81569
1.82058
1.82513
1.8291
1.83237
1.83497
1.83693
1.83832
1.83921
1.83964
1.83965
1.83928
1.83858
1.83761
1.83646
1.83522
1.83401
1.83293
1.83207
1.83148
1.8312
1.8312
1.83142
1.83178
1.83222
1.83266
1.83302
1.83326
1.83336
1.83329
1.83305
1.83264
1.83207
1.83135
1.83047
1.82945
1.82827
1.8269
1.82532
1.82347
1.82128
1.81868
1.81562
1.81206
1.80807
1.80377
1.79939
1.79525
1.79164
1.78883
1.78702
1.78634
1.78689
1.7888
1.79214
1.79686
1.80274
1.80937
1.81626
1.82295
1.8291
1.83452
1.83913
1.84297
1.84609
1.84859
1.85055
1.85205
1.85312
1.8538
1.85407
1.85394
1.85335
1.85229
1.85074
1.84871
1.84626
1.84353
1.84073
1.83812
1.83598
1.83457
1.83401
1.83427
1.8352
1.83651
1.83791
1.83916
1.84008
1.84064
1.84091
1.84102
1.84108
1.84114
1.84114
1.84092
1.84023
1.8388
1.83645
1.83308
1.82877
1.82373
1.81833
1.81304
1.80845
1.80516
1.80373
1.80449
1.80739
1.81195
1.81733
1.82257
1.82688
1.82981
1.83135
1.83179
1.83161
1.83122
1.8308
1.83024
1.82924
1.8275
1.82488
1.82147
1.81764
1.81395
1.81105
1.80954
1.80983
1.81203
1.8159
1.82095
1.82655
1.8321
1.83717
1.84148
1.84492
1.8475
1.8493
1.85044
1.85106
1.85127
1.85116
1.85075
1.84993
1.84838
1.84553
1.84042
1.83181
1.81855
1.80071
1.78132
1.76705
1.765
1.77668
1.79645
1.81675
1.83302
1.84423
1.8512
1.85517
1.85712
1.85762
1.85689
1.85493
1.8517
1.84738
1.8425
1.83804
1.83527
1.83524
1.83826
1.84368
1.85026
1.85667
1.86196
1.8657
1.86789
1.86883
1.86892
1.8686
1.86821
1.86793
1.86777
1.86755
1.86697
1.86567
1.86338
1.85995
1.85542
1.85013
1.84467
1.83983
1.83639
1.83491
1.83547
1.83773
1.84111
1.84502
1.84906
1.85298
1.85657
1.85957
1.8616
1.86225
1.86125
1.85871
1.85533
1.85237
1.85126
1.85291
1.85721
1.86313
1.86926
1.8745
1.87833
1.88078
1.8823
1.88346
1.88485
1.88691
1.88981
1.89353
1.89781
1.90229
1.90663
1.91052
1.91375
1.9162
1.91783
1.91865
1.91869
1.918
1.91663
1.91462
1.91201
1.90884
1.90512
1.90085
1.89601
1.89054
1.88432
1.87725
1.86922
1.86034
1.85095
1.84179
1.83385
1.82818
1.82543
1.82558
1.82806
1.83196
1.83649
1.84114
1.84567
1.85008
1.85441
1.85874
1.86302
1.86715
1.87092
1.87415
1.87673
1.87864
1.87998
1.88086
1.88144
1.88181
1.882
1.88201
1.88182
1.88141
1.88079
1.87999
1.87912
1.87826
1.87754
1.877
1.87665
1.87643
1.87624
1.87595
1.87543
1.87463
1.87356
1.8723
1.87103
1.86996
1.86928
1.86915
1.86961
1.87056
1.8718
1.87308
1.87411
1.87467
1.87455
1.87364
1.87189
1.86932
1.86603
1.86222
1.85815
1.85415
1.85049
1.84734
1.84474
1.8426
1.84076
1.83911
1.83761
1.83623
1.83495
1.8337
1.83247
1.83141
1.83107
1.83214
1.83508
1.83974
1.84545
1.85154
1.85773
1.86413
1.87082
1.87766
1.88419
1.88992
1.89451
1.89789
1.90018
1.90163
1.90248
1.90292
1.90302
1.90271
1.90181
1.90008
1.89725
1.89307
1.88739
1.88018
1.8716
1.86198
1.85179
1.84155
1.83172
1.82265
1.81466
1.80813
1.80353
1.80127
1.80148
1.80393
1.80815
1.81357
1.81962
1.82571
1.83133
1.83603
1.83954
1.84175
1.84274
1.84276
1.84219
1.84155
1.84134
1.84198
1.84364
1.84628
1.84967
1.85352
1.85758
1.8616
1.86538
1.86876
1.87157
1.87369
1.87506
1.87563
1.87545
1.87459
1.87317
1.87133
1.86921
1.86694
1.86462
1.86228
1.85991
1.85742
1.85466
1.85147
1.84769
1.84324
1.83814
1.83256
1.82686
1.82154
1.81713
1.81411
1.81271
1.81289
1.81435
1.81661
1.81916
1.8216
1.82366
1.8252
1.82622
1.82672
1.82674
1.82627
1.82525
1.8236
1.82126
1.81822
1.81461
1.81073
1.80704
1.80408
1.80232
1.80196
1.80291
1.80487
1.8074
1.81016
1.81291
1.8155
1.81788
1.82002
1.82189
1.82345
1.8247
1.82563
1.82627
1.82663
1.82676
1.82668
1.82642
1.82599
1.82538
1.82456
1.82349
1.8221
1.82035
1.81819
1.81561
1.81265
1.80938
1.80596
1.80259
1.79944
1.79668
1.79436
1.79245
1.79087
1.78956
1.78854
1.78797
1.7881
1.78924
1.79158
1.7951
1.79957
1.80461
1.80976
1.81467
1.81905
1.82276
1.82577
1.8281
1.8298
1.83096
1.83162
1.83185
1.83169
1.83116
1.83027
1.82903
1.82744
1.82551
1.82326
1.82072
1.81798
1.81514
1.81233
1.80972
1.80748
1.80576
1.8047
1.80434
1.8047
1.80568
1.80715
1.80893
1.81083
1.81262
1.8141
1.81511
1.81553
1.81531
1.81452
1.81335
1.81215
1.81132
1.81131
1.8124
1.81468
1.81798
1.82195
1.82617
1.83025
1.83392
1.83699
1.83938
1.84109
1.84211
1.84245
1.84214
1.84116
1.8395
1.83716
1.83414
1.83051
1.82637
1.82194
1.81755
1.81363
1.81066
1.8091
1.80923
1.81103
1.81412
1.81783
1.82131
1.82365
1.82407
1.82197
1.81708
1.80959
1.80036
1.79096
1.78346
1.7797
1.78051
1.78536
1.79278
1.80111
1.80907
1.81594
1.82145
1.8256
1.82853
1.83043
1.83151
1.83197
1.83196
1.83166
1.83119
1.83068
1.83023
1.82994
1.82986
1.83003
1.83048
1.83118
1.8321
1.83318
1.83434
1.83552
1.83665
1.83767
1.83852
1.83913
1.83942
1.83933
1.83876
1.83763
1.83588
1.83346
1.83044
1.82696
1.8233
1.81986
1.81712
1.8155
1.81528
1.81652
1.81903
1.82247
1.82646
1.83063
1.8347
1.83848
1.84185
1.84474
1.84714
1.84904
1.85046
1.85145
1.85203
1.85224
1.85212
1.85171
1.85102
1.85007
1.84886
1.84735
1.84548
1.84318
1.84037
1.83702
1.83321
1.82921
1.82557
1.82303
1.82237
1.8241
1.82819
1.83403
1.84066
1.84707
1.85242
1.85616
1.85795
1.85765
1.8552
1.85067
1.8442
1.83612
1.82697
1.81752
1.80868
1.80138
1.7963
1.79372
1.7935
1.79516
1.79814
1.80193
1.80614
1.81049
1.81477
1.81874
1.82214
1.8247
1.82627
1.82691
1.82701
1.82726
1.82851
1.83145
1.83623
1.84246
1.84931
1.85592
1.86164
1.8661
1.86921
1.87104
1.87175
1.87152
1.8705
1.86883
1.86662
1.86397
1.86095
1.85765
1.85414
1.85048
1.84675
1.843
1.83929
1.83563
1.83203
1.82847
1.82494
1.8214
1.81788
1.81447
1.81138
1.80892
1.80747
1.80735
1.80869
1.81137
1.81496
1.81888
1.82252
1.82532
1.82691
1.82718
1.82633
1.825
1.82422
1.8252
1.82884
1.83527
1.84376
1.85303
1.86177
1.86901
1.87419
1.87707
1.87756
1.87566
1.87132
1.86451
1.85522
1.84368
1.83049
1.81691
1.80476
1.79607
1.79226
1.79351
1.79868
1.80587
1.81322
1.81935
1.82342
1.82494
1.82346
1.81859
1.81032
1.79977
1.78998
1.78524
1.78875
1.80016
1.81595
1.8321
1.84606
1.857
1.86504
1.87065
1.87421
1.87604
1.87628
1.87507
1.87249
1.86873
1.86402
1.85876
1.85349
1.84878
1.84514
1.84281
1.8417
1.8414
1.84134
1.841
1.8401
1.83873
1.83727
1.8363
1.83635
1.8377
1.84026
1.84359
1.84713
1.85035
1.85286
1.85446
1.85507
1.85473
1.85349
1.85144
1.84867
1.84526
1.8413
1.8369
1.8322
1.82735
1.82249
1.81781
1.81345
1.80953
1.80615
1.80342
1.80143
1.80033
1.80025
1.80133
1.8036
1.80695
1.81112
1.81572
1.82033
1.8245
1.82788
1.8302
1.83126
1.83099
1.82943
1.82675
1.82328
1.81943
1.81563
1.81218
1.80915
1.80638
1.80363
1.80076
1.79787
1.79537
1.79382
1.79375
1.79548
1.79894
1.80374
1.80929
1.81493
1.82013
1.82451
1.82789
1.83023
1.83158
1.83209
1.8319
1.83118
1.83009
1.82876
1.82733
1.8259
1.82459
1.82348
1.82264
1.82211
1.82194
1.8221
1.82258
1.82329
1.82415
1.82505
1.82588
1.82656
1.82701
1.82721
1.82716
1.82692
1.82659
1.82627
1.82609
1.82615
1.82651
1.82718
1.82811
1.82922
1.83038
1.83148
1.83239
1.83302
1.83329
1.83316
1.83258
1.83156
1.83011
1.82827
1.82611
1.82373
1.82126
1.81885
1.81667
1.81486
1.81356
1.81281
1.81264
1.81296
1.81369
1.81471
1.81589
1.81716
1.81842
1.81961
1.82069
1.82159
1.82228
1.82274
1.82293
1.82284
1.82245
1.82174
1.8207
1.81933
1.81764
1.81569
1.81357
1.81137
1.80923
1.80725
1.80553
1.80413
1.8031
1.80249
1.80233
1.80264
1.80343
1.80466
1.80628
1.80818
1.81026
1.81241
1.81455
1.81659
1.81851
1.82028
1.82188
1.82331
1.82456
1.82564
1.82652
1.82719
1.82762
1.82775
1.82756
1.82697
1.82593
1.82438
1.82229
1.81965
1.81651
1.81298
1.80929
1.80577
1.80282
1.80087
1.80027
1.80117
1.80349
1.80691
1.81092
1.81501
1.8187
1.82163
1.82357
1.82439
1.82404
1.82259
1.82022
1.81726
1.81425
1.81188
1.81081
1.81142
1.81365
1.81687
1.82018
1.82265
1.82365
1.82298
1.82092
1.81808
1.81517
1.81274
1.81099
1.80974
1.80867
1.80756
1.80647
1.80576
1.80587
1.80712
1.8095
1.81264
1.81599
1.81896
1.82117
1.82249
1.82312
1.82346
1.82409
1.82553
1.82811
1.83187
1.83657
1.84176
1.84697
1.85181
1.85602
1.85952
1.86232
1.86452
1.86624
1.86761
1.86872
1.86962
1.87032
1.87077
1.87094
1.87075
1.87016
1.86917
1.86781
1.86623
1.86462
1.86325
1.86242
1.86239
1.86331
1.86523
1.86804
1.87156
1.87557
1.87985
1.88421
1.88851
1.89266
1.89656
1.90017
1.90341
1.90624
1.90859
1.91042
1.91166
1.91224
1.91211
1.91122
1.90953
1.90703
1.90381
1.89999
1.89585
1.89172
1.88802
1.88514
1.88339
1.88292
1.88368
1.88549
1.88795
1.89057
1.89274
1.89384
1.89338
1.89113
1.8873
1.88264
1.87836
1.87582
1.87605
1.87939
1.88539
1.89315
1.90168
1.91017
1.91804
1.92486
1.93032
1.93422
1.93644
1.93699
1.93601
1.93373
1.93043
1.92636
1.9217
1.91652
1.91082
1.90455
1.8978
1.8909
1.88452
1.87955
1.87681
1.87676
1.87925
1.88363
1.88901
1.89455
1.89961
1.90379
1.90688
1.90884
1.90972
1.90966
1.90882
1.90739
1.90555
1.90342
1.90104
1.89837
1.89531
1.89173
1.88757
1.88286
1.87779
1.87266
1.86782
1.8636
1.86014
1.85743
1.85529
1.85346
1.85171
1.84989
1.84802
1.84623
1.84474
1.84375
1.84341
1.84373
1.84462
1.84586
1.84718
1.8483
1.84898
1.84907
1.8485
1.84732
1.8456
1.84348
1.84109
1.83854
1.83595
1.83337
1.83087
1.82849
1.82625
1.82415
1.82215
1.82016
1.81805
1.81566
1.81283
1.80945
1.80544
1.80084
1.79581
1.79063
1.78571
1.78155
1.77859
1.77705
1.77685
1.77765
1.77894
1.78029
1.78147
1.78248
1.78347
1.78465
1.78614
1.78795
1.78998
1.79205
1.79398
1.79563
1.79692
1.79782
1.79834
1.79853
1.79844
1.79811
1.79759
1.79693
1.79615
1.79527
1.7943
1.79325
1.79212
1.79091
1.78961
1.78823
1.78677
1.78523
1.7836
1.78189
1.7801
1.7782
1.77619
1.77404
1.77173
1.76923
1.76655
1.7637
1.76073
1.75774
1.75484
1.75218
1.74993
1.74825
1.74726
1.74705
1.74763
1.74896
1.75095
1.75348
1.75639
1.75954
1.76278
1.766
1.76911
1.77203
1.77472
1.77717
1.77936
1.7813
1.783
1.78451
1.78583
1.78701
1.78806
1.78901
1.78988
1.79069
1.79144
1.79213
1.79275
1.79329
1.79372
1.79399
1.79407
1.79392
1.7935
1.79279
1.7918
1.7906
1.78928
1.78802
1.78697
1.78632
1.78613
1.78641
1.78701
1.78773
1.78833
1.78861
1.78844
1.78783
1.78683
1.78555
1.7841
1.78258
1.78103
1.77954
1.77819
1.77715
1.77659
1.77666
1.77744
1.77887
1.78081
1.78301
1.78521
1.78722
1.78894
1.7904
1.79173
1.79311
1.79475
1.79678
1.79926
1.80215
1.80536
1.80878
1.8123
1.81583
1.81932
1.82272
1.826
1.82913
1.83209
1.83484
1.83736
1.83961
1.84155
1.84314
1.84435
1.84517
1.84558
1.84558
1.84519
1.84442
1.84332
1.84193
1.84034
1.83866
1.837
1.83552
1.83435
1.8336
1.83333
1.83355
1.83419
1.83515
1.83631
1.83755
1.83874
1.83983
1.84076
1.84154
1.84218
1.8427
1.84315
1.84358
1.84405
1.84459
1.84527
1.8461
1.84712
1.84834
1.84975
1.85131
1.85298
1.8547
1.8564
1.85803
1.85954
1.86091
1.86212
1.86322
1.86425
1.86527
1.86636
1.8676
1.86904
1.87071
1.87262
1.87474
1.87698
1.87925
1.8814
1.88325
1.88461
1.88529
1.88509
1.88391
1.8817
1.87855
1.87471
1.87061
1.86679
1.86384
1.86229
1.8625
1.86458
1.86831
1.87329
1.87892
1.88463
1.88986
1.89419
1.89733
1.89906
1.89926
1.89783
1.89475
1.89005
1.88389
1.87654
1.86845
1.86022
1.85255
1.84613
1.8415
1.83891
1.83829
1.83922
1.84103
1.84297
1.84434
1.84467
1.84386
1.84215
1.84007
1.83826
1.83736
1.8378
1.83981
1.84335
1.84818
1.85391
1.86012
1.86635
1.87218
1.87727
1.88134
1.88423
1.88584
1.8862
1.88543
1.88379
1.88166
1.87952
1.87786
1.87707
1.87734
1.8786
1.88055
1.88277
1.8848
1.88623
1.88674
1.88611
1.88416
1.88082
1.87614
1.87029
1.86364
1.85672
1.85014
1.84441
1.83987
1.83656
1.83438
1.83318
1.83286
1.83333
1.83446
1.83602
1.83766
1.839
1.83972
1.83966
1.83884
1.83745
1.83583
1.83432
1.83322
1.8327
1.83284
1.83366
1.83517
1.83742
1.84045
1.84423
1.84864
1.85341
1.85816
1.8625
1.86606
1.86855
1.86975
1.86956
1.86794
1.86493
1.86063
1.8552
1.8489
1.84215
1.83547
1.82956
1.82513
1.82281
1.82292
1.82546
1.83003
1.83598
1.8426
1.84923
1.85537
1.86072
1.86511
1.86853
1.87101
1.87262
1.87344
1.87354
1.873
1.87185
1.87016
1.86798
1.86536
1.86238
1.85914
1.85574
1.85228
1.84889
1.84568
1.84272
1.84009
1.83778
1.83577
1.83399
1.83234
1.83074
1.82911
1.8274
1.82561
1.82375
1.82183
1.81987
1.81783
1.81573
1.81357
1.81144
1.80948
1.8079
1.8069
1.8066
1.80701
1.80801
1.8094
1.81098
1.81256
1.81404
1.81539
1.8166
1.81768
1.81862
1.8194
1.82001
1.82046
1.82081
1.82114
1.82156
1.82213
1.82289
1.82382
1.8248
1.82568
1.82625
1.82625
1.82544
1.82355
1.8203
1.81545
1.80879
1.80031
1.79029
1.7795
1.76931
1.76145
1.75744
1.75787
1.76215
1.76879
1.77619
1.78312
1.78894
1.79346
1.79677
1.79909
1.80068
1.80176
1.80252
1.80308
1.80351
1.80385
1.80413
1.80433
1.80448
1.80456
1.80459
1.80457
1.80448
1.80431
1.804
1.80345
1.80253
1.80106
1.79878
1.79543
1.79072
1.78445
1.77665
1.76779
1.75898
1.75192
1.74842
1.74954
1.755
1.76333
1.77266
1.78147
1.78891
1.79471
1.79898
1.80198
1.804
1.80533
1.80617
1.80671
1.80707
1.80734
1.80755
1.80774
1.8079
1.80801
1.80802
1.80793
1.80768
1.80729
1.80674
1.80607
1.80533
1.80455
1.80379
1.80305
1.80234
1.8016
1.80077
1.79974
1.79843
1.79672
1.79457
1.79192
1.78882
1.78534
1.78169
1.77812
1.77496
1.77257
1.77128
1.77132
1.77281
1.77569
1.77977
1.78474
1.79022
1.79584
1.80125
1.80617
1.81041
1.81382
1.81633
1.81789
1.81851
1.81822
1.81709
1.81523
1.81283
1.81013
1.80743
1.80504
1.80323
1.80216
1.80181
1.80204
1.80258
1.80314
1.80344
1.80331
1.80264
1.80143
1.79975
1.79772
1.79548
1.7932
1.79102
1.78903
1.78729
1.78577
1.78437
1.78296
1.78139
1.77959
1.77764
1.77577
1.77444
1.77409
1.77502
1.77718
1.78012
1.78313
1.78544
1.78645
1.78579
1.78334
1.77925
1.77387
1.76772
1.76148
1.75588
1.75159
1.7491
1.74859
1.74992
1.75271
1.75644
1.76063
1.76489
1.76897
1.77272
1.77603
1.77883
1.78103
1.78254
1.78325
1.78307
1.78195
1.77991
1.77708
1.7737
1.77012
1.76673
1.76386
1.76161
1.75987
1.75829
1.75643
1.75393
1.75066
1.74675
1.74262
1.73878
1.73573
1.73379
1.73303
1.73328
1.73424
1.73547
1.73657
1.7372
1.73716
1.73636
1.73477
1.73231
1.72878
1.72391
1.71752
1.70979
1.70165
1.6949
1.69167
1.69339
1.6998
1.7091
1.71897
1.72764
1.73424
1.73868
1.74127
1.74249
1.74279
1.74252
1.74196
1.74126
1.74051
1.73973
1.73887
1.73787
1.73667
1.73518
1.73332
1.73104
1.72828
1.72505
1.7214
1.71741
1.71321
1.70896
1.70473
1.70057
1.69651
1.69273
1.6897
1.68822
1.68913
1.69288
1.69915
1.70691
1.71487
1.72191
1.72736
1.73099
1.73292
1.73345
1.73299
1.73202
1.73095
1.73015
1.72989
1.73027
1.73133
1.73297
1.73506
1.73745
1.73995
1.74239
1.7446
1.74641
1.74767
1.74826
1.7481
1.74714
1.74538
1.74286
1.73966
1.73591
1.7318
1.72759
1.72358
1.72013
1.71756
1.71612
1.71594
1.71696
1.71903
1.72191
1.72535
1.72918
1.73327
1.73752
1.74183
1.74604
1.74993
1.75327
1.75586
1.75759
1.75844
1.75853
1.75802
1.75714
1.75609
1.75496
1.75375
1.75232
1.75047
1.74796
1.7446
1.74033
1.73524
1.72959
1.72382
1.71856
1.71448
1.71222
1.71219
1.71445
1.71859
1.72392
1.72955
1.73474
1.73894
1.74194
1.74379
1.74474
1.7452
1.74554
1.74604
1.74677
1.74759
1.7481
1.74774
1.74582
1.74155
1.73417
1.72322
1.70908
1.69368
1.68077
1.67457
1.67721
1.68711
1.70035
1.71331
1.72405
1.73218
1.73808
1.74237
1.7456
1.74817
1.75031
1.75218
1.75383
1.75529
1.75654
1.75756
1.75833
1.75879
1.75893
1.7587
1.7581
1.75713
1.75585
1.75437
1.75285
1.7515
1.75059
1.75032
1.75084
1.75218
1.75425
1.75682
1.75965
1.76249
1.76512
1.76739
1.76919
1.77046
1.77118
1.77133
1.77089
1.76985
1.76819
1.76589
1.76293
1.75929
1.75496
1.74997
1.74435
1.73823
1.73178
1.7253
1.71923
1.71411
1.71051
1.70892
1.70964
1.7127
1.71783
1.72457
1.73232
1.74048
1.74852
1.75608
1.76289
1.76885
1.77393
1.77816
1.78159
1.7843
1.78635
1.78781
1.78874
1.78919
1.78921
1.78883
1.78808
1.78698
1.78556
1.78384
1.78183
1.77955
1.77704
1.77435
1.77154
1.7687
1.76595
1.76341
1.76122
1.75954
1.75847
1.7581
1.75845
1.75947
1.76106
1.76305
1.7653
1.76764
1.76994
1.77213
1.77413
1.7759
1.77741
1.77861
1.7794
1.7797
1.77937
1.77829
1.77636
1.77359
1.77013
1.76637
1.76292
1.76055
1.75993
1.7614
1.76481
1.76958
1.77495
1.78021
1.78488
1.78871
1.79163
1.79371
1.79509
1.79588
1.79619
1.79609
1.79556
1.79449
1.79272
1.78995
1.78588
1.78022
1.77295
1.76449
1.75595
1.74897
1.74522
1.74545
1.74904
1.75434
1.75946
1.76306
1.76454
1.76393
1.76169
1.75849
1.7551
1.75227
1.75061
1.75042
1.7516
1.75366
1.75589
1.75757
1.75832
1.7582
1.75787
1.75827
1.76028
1.76424
1.7698
1.77612
1.78232
1.78769
1.79192
1.79495
1.79692
1.79805
1.79857
1.79869
1.79859
1.79842
1.79829
1.79829
1.79848
1.79888
1.79951
1.80035
1.80137
1.80254
1.80379
1.80507
1.80633
1.80749
1.8085
1.80927
1.80973
1.80979
1.80933
1.80825
1.80641
1.80373
1.80013
1.79566
1.79053
1.78517
1.78022
1.77646
1.77461
1.77508
1.77783
1.78243
1.78817
1.79434
1.80033
1.80574
1.81032
1.81396
1.81662
1.81832
1.81911
1.81903
1.81817
1.81663
1.81455
1.8121
1.80952
1.80708
1.80505
1.80373
1.80334
1.80398
1.80566
1.80823
1.81148
1.81516
1.81899
1.82277
1.82631
1.82949
1.83221
1.83443
1.83612
1.83727
1.83786
1.83791
1.83745
1.83652
1.83519
1.83353
1.83167
1.82971
1.82777
1.82595
1.82429
1.82282
1.82151
1.82032
1.8192
1.81811
1.81702
1.81592
1.8148
1.81363
1.81237
1.81093
1.80921
1.80716
1.80482
1.80246
1.80063
1.80003
1.80134
1.80483
1.81023
1.81677
1.82347
1.82948
1.83426
1.83755
1.83933
1.83973
1.83894
1.83716
1.8346
1.83144
1.8279
1.8242
1.82061
1.81745
1.81501
1.81355
1.81317
1.81381
1.81519
1.81696
1.81873
1.82017
1.82109
1.82141
1.82118
1.8205
1.8195
1.81832
1.81703
1.81571
1.8144
1.81313
1.81197
1.81099
1.81028
1.80994
1.81004
1.81059
1.81155
1.81283
1.81431
1.81585
1.81728
1.81847
1.8193
1.81968
1.81955
1.81891
1.81782
1.81642
1.8149
1.81348
1.8124
1.81187
1.812
1.81278
1.81408
1.81564
1.81711
1.8181
1.81823
1.81716
1.81466
1.81074
1.80573
1.80044
1.79605
1.79381
1.79455
1.79824
1.80406
1.8108
1.81735
1.82299
1.82743
1.83066
1.83284
1.83416
1.83483
1.83504
1.83493
1.83462
1.83418
1.83369
1.83319
1.83268
1.83216
1.83158
1.83087
1.82992
1.82859
1.82677
1.82438
1.82141
1.81802
1.81453
1.81139
1.80908
1.80795
1.80811
1.80937
1.81134
1.81362
1.81593
1.81817
1.82043
1.82285
1.82559
1.82872
1.83223
1.83599
1.83983
1.84353
1.84691
1.84981
1.85213
1.85381
1.85486
1.85537
1.85548
1.85542
1.85541
1.85567
1.85628
1.85725
1.85845
1.85971
1.86085
1.86177
1.86246
1.86297
1.86339
1.86381
1.86427
1.86474
1.86518
1.86554
1.86578
1.86594
1.86609
1.86634
1.8668
1.86756
1.86868
1.8701
1.87173
1.87344
1.87514
1.87679
1.87839
1.87998
1.88158
1.8831
1.88438
1.88517
1.88523
1.88436
1.88242
1.87938
1.87532
1.87042
1.86495
1.85924
1.85366
1.84852
1.84409
1.84055
1.83796
1.83632
1.83554
1.83548
1.83601
1.83698
1.83829
1.83987
1.84173
1.84387
1.84632
1.84904
1.85197
1.85496
1.85783
1.8604
1.86252
1.8641
1.86506
1.86542
1.86519
1.86443
1.86319
1.86152
1.85946
1.85703
1.85425
1.85111
1.84763
1.84384
1.83981
1.83568
1.83161
1.82782
1.82455
1.82197
1.82021
1.8193
1.81918
1.81975
1.82086
1.82235
1.82409
1.82593
1.82776
1.82944
1.83087
1.83193
1.8325
1.83245
1.83163
1.82987
1.82698
1.82281
1.8173
1.81062
1.80328
1.79621
1.79064
1.7877
1.78795
1.79114
1.79636
1.80251
1.80867
1.8143
1.81918
1.8233
1.82674
1.82963
1.83206
1.83412
1.83588
1.8374
1.83872
1.83989
1.84093
1.84188
1.84274
1.84352
1.84421
1.8448
1.84526
1.84557
1.84567
1.84552
1.84508
1.84431
1.84319
1.84172
1.83996
1.83806
1.83621
1.83474
1.83397
1.83423
1.83571
1.83842
1.84219
1.84669
1.85152
1.85631
1.86074
1.86462
1.8678
1.8702
1.87175
1.87242
1.87217
1.87101
1.86896
1.86616
1.86285
1.85942
1.85629
1.85387
1.85242
1.85194
1.85218
1.85279
1.85343
1.85391
1.85423
1.85456
1.85513
1.85617
1.85779
1.86
1.8627
1.86572
1.86885
1.87193
1.87479
1.87735
1.87955
1.88138
1.88284
1.88396
1.88476
1.88526
1.8855
1.8855
1.8853
1.88492
1.88439
1.88371
1.88288
1.88185
1.88058
1.87899
1.877
1.87457
1.87169
1.86845
1.86498
1.86151
1.85835
1.85582
1.85422
1.85378
1.85462
1.85665
1.85963
1.86317
1.86682
1.87016
1.87286
1.87472
1.87562
1.87557
1.87464
1.87301
1.87092
1.86873
1.86686
1.86576
1.86584
1.86732
1.8702
1.87422
1.87896
1.88395
1.88878
1.89315
1.89689
1.89993
1.90223
1.90381
1.90465
1.9047
1.90384
1.90191
1.89868
1.89391
1.88745
1.87938
1.87021
1.86099
1.85322
1.84833
1.84707
1.84909
1.85323
1.85811
1.86268
1.86633
1.86885
1.87023
1.87058
1.87003
1.86872
1.86681
1.8644
1.86162
1.85855
1.85532
1.85206
1.84904
1.8466
1.84518
1.84516
1.84673
1.8498
1.85401
1.85884
1.86376
1.86838
1.87243
1.87579
1.87839
1.88019
1.88108
1.88093
1.87953
1.87672
1.87238
1.86663
1.8599
1.85296
1.84685
1.84265
1.84108
1.84227
1.84572
1.8505
1.85562
1.86023
1.86379
1.86604
1.86693
1.86653
1.86506
1.86275
1.85993
1.85693
1.85406
1.85162
1.84977
1.8486
1.84812
1.84829
1.84912
1.85067
1.85307
1.8564
1.86062
1.8655
1.87067
1.87569
1.88017
1.88385
1.88668
1.88872
1.89017
1.89126
1.89218
1.89309
1.894
1.89482
1.89532
1.89519
1.89404
1.89144
1.88698
1.88035
1.87159
1.86142
1.85147
1.84409
1.8413
1.84361
1.84961
1.85693
1.86355
1.86846
1.87165
1.87365
1.87516
1.8767
1.87854
1.88069
1.88297
1.88518
1.88713
1.88869
1.88983
1.89053
1.89082
1.89074
1.89037
1.88978
1.88903
1.88815
1.88714
1.88597
1.88456
1.88284
1.88075
1.87829
1.87552
1.87254
1.86948
1.86638
1.86323
1.85989
1.85619
1.85201
1.84741
1.84271
1.83849
1.83552
1.83454
1.83604
1.84006
1.84611
1.85339
1.86094
1.86789
1.8736
1.87764
1.87979
1.87995
1.87815
1.87449
1.86917
1.86253
1.85505
1.8474
1.84035
1.83465
1.83089
1.82938
1.83004
1.83254
1.8364
1.84114
1.84636
1.85177
1.85713
1.86228
1.86706
1.87137
1.87509
1.87817
1.88058
1.8823
1.88334
1.88372
1.88346
1.88255
1.88098
1.87873
1.87575
1.87199
1.86739
1.86188
1.85544
1.84806
1.83985
1.83101
1.82193
1.81323
1.80572
1.80027
1.79762
1.79811
1.80158
1.80744
1.81485
1.82295
1.83102
1.83853
1.84515
1.8507
1.85512
1.85842
1.86067
1.86195
1.86238
1.86208
1.86118
1.85984
1.85821
1.85643
1.85465
1.85299
1.85154
1.8503
1.84923
1.8482
1.84697
1.84526
1.84275
1.83919
1.83449
1.82887
1.82291
1.81756
1.81382
1.81235
1.81325
1.81602
1.8199
1.82429
1.82886
1.83358
1.83851
1.84367
1.84901
1.85442
1.85976
1.86486
1.8695
1.87347
1.87649
1.87833
1.87879
1.87771
1.87498
1.87053
1.86436
1.85656
1.84741
1.83748
1.8277
1.81927
1.81339
1.81076
1.81124
1.81388
1.81728
1.82021
1.82193
1.82235
1.822
1.82175
1.82254
1.82505
1.82944
1.83537
1.84217
1.84911
1.8556
1.86129
1.86605
1.86991
1.87301
1.87551
1.87755
1.87926
1.88069
1.88187
1.88278
1.88339
1.88361
1.88337
1.88256
1.88109
1.87888
1.87588
1.87211
1.86768
1.86285
1.85799
1.85353
1.84989
1.84733
1.84589
1.84537
1.84543
1.84569
1.84581
1.84558
1.8449
1.84387
1.84273
1.84188
1.84172
1.84259
1.84456
1.84747
1.85098
1.85468
1.85825
1.86144
1.86411
1.86617
1.86759
1.86837
1.86851
1.86807
1.86711
1.86573
1.86406
1.86231
1.86072
1.85957
1.85911
1.85953
1.86099
1.86364
1.86765
1.87305
1.87965
1.88687
1.89385
1.89965
1.90342
1.90459
1.90286
1.89826
1.89122
1.88253
1.87326
1.8646
1.85752
1.85263
1.85018
1.85011
1.85211
1.85562
1.86
1.86474
1.86958
1.87457
1.87986
1.88559
1.89173
1.8981
1.90437
1.91018
1.91518
1.91914
1.92192
1.92353
1.92409
1.92378
1.92281
1.92137
1.91958
1.91748
1.91503
1.91209
1.90846
1.90405
1.89898
1.89385
1.88972
1.88786
1.88912
1.89343
1.89989
1.90722
1.91439
1.92085
1.92649
1.93141
1.93575
1.93959
1.94298
1.9459
1.94834
1.95027
1.95165
1.95248
1.9527
1.95228
1.95119
1.94942
1.94699
1.94394
1.9404
1.93648
1.93231
1.928
1.9236
1.91921
1.915
1.91133
1.90869
1.90756
1.90815
1.91025
1.91327
1.9165
1.9193
1.92134
1.92253
1.92299
1.92295
1.92262
1.92216
1.92164
1.92107
1.92041
1.9196
1.91862
1.91747
1.91617
1.91475
1.91325
1.91167
1.90999
1.90818
1.90619
1.90403
1.90176
1.89949
1.89736
1.89544
1.89372
1.89203
1.89009
1.88761
1.88443
1.88064
1.87659
1.87281
1.86985
1.86807
1.8675
1.86789
1.86885
1.87
1.87108
1.87196
1.87269
1.87341
1.87434
1.87567
1.87754
1.87995
1.88275
1.88564
1.88824
1.8901
1.89083
1.89006
1.88752
1.88301
1.87648
1.86813
1.85858
1.84904
1.84128
1.83707
1.83729
1.84134
1.84743
1.85352
1.85819
1.86088
1.8618
1.86158
1.86097
1.86057
1.86067
1.86114
1.86147
1.86102
1.85915
1.85546
1.84983
1.84249
1.83398
1.82516
1.81736
1.81222
1.81142
1.81593
1.82539
1.8381
1.85177
1.86441
1.87481
1.88254
1.88771
1.89068
1.89187
1.89167
1.89039
1.88827
1.88547
1.88211
1.87826
1.87397
1.86929
1.86428
1.85902
1.85366
1.84839
1.84348
1.83923
1.83591
1.83375
1.83278
1.83289
1.83377
1.83504
1.83633
1.83743
1.83829
1.83911
1.84017
1.8418
1.84421
1.84743
1.8513
1.85552
1.85968
1.86341
1.86637
1.86835
1.86927
1.86922
1.8684
1.86714
1.86582
1.86482
1.86449
1.86508
1.86668
1.86927
1.87266
1.87662
1.88086
1.88512
1.88915
1.89279
1.8959
1.89842
1.90032
1.90162
1.90235
1.9026
1.90244
1.90197
1.90129
1.90052
1.89974
1.89906
1.89854
1.89824
1.89817
1.89833
1.89872
1.89928
1.89999
1.90079
1.90166
1.90258
1.90352
1.90448
1.90548
1.90651
1.90757
1.90866
1.90977
1.91088
1.91196
1.91298
1.91391
1.91469
1.91526
1.91555
1.9155
1.91501
1.91398
1.91231
1.90991
1.90669
1.90257
1.89752
1.89159
1.88496
1.87796
1.87114
1.86524
1.86105
1.85918
1.85979
1.86252
1.8665
1.87068
1.87405
1.87591
1.87592
1.87413
1.87096
1.86714
1.86358
1.86111
1.86027
1.86111
1.86327
1.86618
1.86923
1.87197
1.87409
1.87546
1.87606
1.87596
1.87528
1.87425
1.87312
1.87216
1.87158
1.87147
1.87176
1.8723
1.87281
1.87305
1.87278
1.87186
1.87018
1.86771
1.86443
1.86036
1.85545
1.84961
1.84268
1.83449
1.82495
1.81438
1.80375
1.79487
1.78981
1.78988
1.79474
1.80259
1.81123
1.81904
1.82535
1.83017
1.83386
1.83683
1.83936
1.84161
1.84364
1.84543
1.84693
1.8481
1.84891
1.84933
1.84935
1.84893
1.84804
1.84662
1.84461
1.84192
1.83848
1.83423
1.82916
1.82338
1.8171
1.81072
1.80477
1.79985
1.79653
1.79517
1.79591
1.79857
1.80276
1.80795
1.81356
1.81909
1.82416
1.82854
1.83215
1.83505
1.83735
1.83919
1.84069
1.84189
1.84277
1.84327
1.8433
1.8428
1.84177
1.84028
1.83849
1.83662
1.83495
1.83376
1.83327
1.83363
1.83487
1.83695
1.8397
1.84296
1.8465
1.85009
1.8535
1.85648
1.85878
1.8601
1.86017
1.85874
1.85559
1.85072
1.84436
1.83718
1.83023
1.82481
1.822
1.82219
1.82486
1.82883
1.83277
1.83563
1.83685
1.83639
1.83452
1.83169
1.82839
1.82514
1.82245
1.82083
1.82077
1.82257
1.82613
1.83094
1.83625
1.84129
1.84544
1.8484
1.85011
1.85067
1.85034
1.8494
1.84818
1.84704
1.84634
1.84641
1.8475
1.84969
1.85289
1.85685
1.86124
1.86573
1.87004
1.874
1.8775
1.88048
1.88295
1.88489
1.88629
1.88711
1.88731
1.88678
1.8854
1.88303
1.87954
1.87486
1.86908
1.86252
1.85587
1.8501
1.84626
1.84511
1.84681
1.85086
1.85636
1.86238
1.86821
1.87339
1.87773
1.88116
1.88368
1.88533
1.88617
1.88626
1.88572
1.88464
1.88318
1.88146
1.87963
1.87779
1.87603
1.87439
1.8729
1.87158
1.87047
1.86964
1.86916
1.86912
1.86953
1.87034
1.8714
1.87251
1.87351
1.87433
1.87499
1.8756
1.87625
1.87695
1.8776
1.87807
1.87825
1.87812
1.87783
1.87752
1.8773
1.87712
1.87675
1.87585
1.87409
1.87116
1.86687
1.86106
1.85354
1.84413
1.83281
1.81997
1.80674
1.79508
1.78735
1.78542
1.78979
1.79939
1.8123
1.82659
1.84087
1.85427
1.86631
1.87669
1.88523
1.89188
1.89667
1.89972
1.9012
1.90126
1.90011
1.8979
1.8948
1.89097
1.88655
1.88175
1.87676
1.87183
1.8672
1.86313
1.85984
1.85751
1.85624
1.85605
1.85687
1.85858
1.86098
1.86389
1.86708
1.87038
1.87363
1.87674
1.87965
1.88235
1.88485
1.88716
1.88929
1.89118
1.89271
1.89368
1.89382
1.8928
1.8902
1.88565
1.87884
1.8698
1.85913
1.84833
1.83969
1.83546
1.83667
1.84237
1.85019
1.85762
1.86299
1.86564
1.86574
1.86388
1.86089
1.85754
1.85455
1.85245
1.85162
1.85229
1.85452
1.85817
1.86296
1.86851
1.87439
1.88018
1.88556
1.89031
1.89427
1.89739
1.89964
1.90104
1.90162
1.90145
1.90064
1.8993
1.89761
1.89575
1.89395
1.89238
1.89117
1.89037
1.88993
1.88974
1.88965
1.88951
1.8892
1.88866
1.88788
1.88691
1.88584
1.88479
1.88389
1.88332
1.88323
1.88376
1.88498
1.88689
1.88941
1.89234
1.89547
1.89851
1.90122
1.90338
1.90482
1.90546
1.90529
1.90441
1.90303
1.90145
1.90006
1.89928
1.89944
1.90074
1.90322
1.90672
1.91095
1.91555
1.92016
1.92446
1.9282
1.9312
1.93332
1.93451
1.93471
1.93391
1.93215
1.92946
1.92594
1.92174
1.91706
1.91215
1.90728
1.90273
1.89877
1.89562
1.89345
1.89243
1.89269
1.89439
1.89764
1.90242
1.90846
1.91527
1.92225
1.92883
1.9346
1.93936
1.94311
1.94597
1.94812
1.94979
1.95119
1.95248
1.95381
1.95524
1.95676
1.9583
1.9597
1.96078
1.96132
1.96113
1.96003
1.95795
1.95488
1.95094
1.94637
1.94147
1.93654
1.9318
1.92733
1.92304
1.91879
1.91445
1.90999
1.9055
1.9012
1.89738
1.89434
1.89234
1.89151
1.89187
1.89327
1.89548
1.89817
1.90103
1.90374
1.90607
1.90786
1.90905
1.90968
1.90992
1.91002
1.9103
1.91112
1.91276
1.9154
1.91899
1.92336
1.92818
1.93308
1.93775
1.94191
1.94542
1.94819
1.95021
1.9515
1.95208
1.95201
1.95129
1.94992
1.94787
1.94507
1.94143
1.93688
1.93133
1.92479
1.91739
1.90948
1.90162
1.89457
1.88913
1.88588
1.88499
1.88618
1.88882
1.89217
1.8956
1.89864
1.90104
1.9027
1.90359
1.9038
1.90341
1.90258
1.90156
1.90063
1.90013
1.90033
1.90139
1.9033
1.90589
1.90891
1.91209
1.9152
1.91806
1.92055
1.92254
1.92392
1.92457
1.92437
1.92319
1.92092
1.9175
1.91292
1.90723
1.90058
1.89322
1.88552
1.87796
1.87113
1.86565
1.86208
1.86076
1.86172
1.86467
1.86909
1.87437
1.87997
1.88547
1.89062
1.89531
1.89952
1.90329
1.90669
1.90977
1.91259
1.91516
1.91747
1.91949
1.92117
1.92246
1.92334
1.92378
1.9238
1.92345
1.92282
1.92203
1.92124
1.92062
1.9203
1.92039
1.92092
1.92186
1.92312
1.92456
1.92603
1.92739
1.92854
1.92936
1.9298
1.92981
1.92934
1.92835
1.9268
1.92465
1.92184
1.91829
1.91395
1.90875
1.90265
1.89568
1.88801
1.88
1.87224
1.86552
1.86076
1.85875
1.86
1.86449
1.87163
1.88046
1.88985
1.89878
1.90651
1.9126
1.91691
1.91946
1.92042
1.92007
1.91874
1.91682
1.91472
1.91284
1.91152
1.91097
1.91128
1.91239
1.91413
1.91629
1.91865
1.92102
1.92324
1.92516
1.9267
1.92779
1.92839
1.92848
1.92812
1.92738
1.9264
1.92537
1.92448
1.92391
1.92379
1.92412
1.92479
1.92558
1.92625
1.92653
1.92624
1.92528
1.92364
1.92146
1.91898
1.91656
1.91466
1.91378
1.91434
1.91657
1.92038
1.92536
1.93093
1.93646
1.94144
1.94556
1.94868
1.9508
1.95201
1.95242
1.95214
1.95128
1.94989
1.94804
1.94575
1.94307
1.94008
1.93694
1.93387
1.93115
1.92913
1.92809
1.92822
1.92947
1.93161
1.93422
1.93685
1.93914
1.9409
1.94214
1.94305
1.94395
1.94523
1.94729
1.95048
1.95495
1.96069
1.96745
1.97481
1.98232
1.98953
1.99602
2.00145
2.00552
2.00788
2.00819
2.00611
2.0014
1.99421
1.9854
1.97671
1.97046
1.96846
1.97102
1.97676
1.98361
1.98992
1.99497
1.99888
2.00217
2.0054
2.00892
2.01277
2.01674
2.02041
2.02329
2.02495
2.02508
2.02353
2.02032
2.01567
2.01002
2.00395
1.99822
1.99366
1.99102
1.99087
1.99344
1.9986
2.00584
2.01445
2.02363
2.03262
2.04083
2.04787
2.0535
2.05765
2.06035
2.06166
2.06169
2.06057
2.05839
2.05527
2.0513
2.04659
2.04129
2.03554
2.02956
2.02357
2.01785
2.01267
2.00827
2.00489
2.00266
2.00168
2.00189
2.0031
2.00494
2.00692
2.00853
2.00935
2.00919
2.00817
2.00668
2.00525
2.00428
2.00387
2.00385
2.00392
2.00388
2.00378
2.00375
2.00393
2.00423
2.00431
2.0037
2.00193
1.99869
1.99386
1.98762
1.98042
1.97311
1.96685
1.96293
1.96236
1.96538
1.97129
1.97875
1.98632
1.99293
1.99799
2.00129
2.00288
2.00287
2.00139
1.99852
1.99433
1.98893
1.98252
1.97551
1.96853
1.96244
1.95813
1.95622
1.9568
1.95939
1.96311
1.96699
1.97022
1.97232
1.97309
1.97259
1.97107
1.96889
1.96647
1.9642
1.96238
1.96119
1.96063
1.9606
1.96094
1.9615
1.96215
1.96283
1.96355
1.9643
1.96512
1.96599
1.9669
1.96777
1.96852
1.96901
1.96911
1.96864
1.96745
1.96535
1.96223
1.95797
1.95253
1.94593
1.93828
1.92984
1.92113
1.91295
1.90635
1.90235
1.90158
1.90413
1.90953
1.91701
1.9257
1.93469
1.94316
1.95045
1.95612
1.95996
1.9619
1.96201
1.96043
1.95738
1.9531
1.94793
1.94225
1.93654
1.93127
1.9269
1.92373
1.92186
1.92115
1.9213
1.92192
1.9227
1.92344
1.9241
1.92475
1.92553
1.92659
1.92801
1.9298
1.93179
1.93374
1.93541
1.93666
1.93754
1.93825
1.93909
1.94032
1.94206
1.94421
1.9465
1.94851
1.94977
1.94978
1.94811
1.94442
1.93862
1.9311
1.92292
1.91586
1.91197
1.91261
1.91775
1.92595
1.93525
1.94399
1.95123
1.95664
1.96027
1.96232
1.96297
1.96238
1.96064
1.95776
1.95374
1.94859
1.94234
1.93512
1.92719
1.91897
1.91104
1.90406
1.89866
1.89529
1.89413
1.89511
1.89791
1.9021
1.90712
1.91236
1.91721
1.92121
1.92409
1.92585
1.92667
1.9269
1.92693
1.92707
1.92753
1.92838
1.92951
1.93074
1.93184
1.9326
1.93293
1.93287
1.93263
1.93253
1.93294
1.93421
1.93654
1.93992
1.94418
1.94899
1.95398
1.95877
1.96303
1.9665
1.96898
1.97031
1.97039
1.96915
1.96661
1.96285
1.95814
1.95286
1.9476
1.94296
1.9395
1.93755
1.93711
1.93789
1.9394
1.94104
1.94228
1.94269
1.94207
1.94042
1.938
1.93525
1.9327
1.93086
1.93005
1.93037
1.9317
1.93378
1.93629
1.93893
1.94145
1.9437
1.94563
1.94728
1.94879
1.95033
1.95202
1.95392
1.95592
1.95774
1.95902
1.95933
1.95829
1.95565
1.95133
1.94557
1.93889
1.9322
1.92658
1.92303
1.92215
1.92397
1.92804
1.93364
1.94
1.94642
1.95228
1.95711
1.96056
1.96248
1.96289
1.962
1.96018
1.9579
1.95572
1.95412
1.95344
1.95382
1.95515
1.9572
1.95961
1.96207
1.96432
1.96617
1.96755
1.96841
1.96877
1.96863
1.96798
1.96677
1.96491
1.96229
1.9588
1.95445
1.94945
1.94426
1.93955
1.93604
1.9342
1.93406
1.93525
1.93717
1.9393
1.94134
1.94322
1.94505
1.94699
1.94916
1.95165
1.95445
1.95752
1.96075
1.964
1.96709
1.96981
1.97196
1.97334
1.97378
1.97318
1.97153
1.96893
1.96566
1.96218
1.95905
1.95683
1.95591
1.95635
1.95792
1.96018
1.96263
1.9649
1.96673
1.96802
1.96877
1.96902
1.96883
1.96823
1.96722
1.96577
1.96383
1.9613
1.95812
1.95419
1.94946
1.94387
1.93739
1.93004
1.92193
1.91325
1.90436
1.89585
1.88854
1.88345
1.88149
1.88307
1.88784
1.89473
1.90242
1.90975
1.916
1.92087
1.92437
1.92678
1.92846
1.92986
1.93139
1.93335
1.93587
1.93894
1.94237
1.9459
1.94922
1.95205
1.95419
1.95553
1.95603
1.95579
1.95493
1.95359
1.95187
1.94978
1.94722
1.94403
1.94001
1.93507
1.92931
1.92305
1.91692
1.9117
1.90822
1.90713
1.9087
1.91266
1.91831
1.92466
1.9308
1.93602
1.93995
1.94251
1.94379
1.944
1.94331
1.94189
1.93987
1.93739
1.93472
1.93222
1.93038
1.92957
1.92992
1.93117
1.93273
1.93388
1.93404
1.93303
1.93111
1.92899
1.92762
1.9279
1.93029
1.93463
1.9402
1.94604
1.95117
1.95487
1.95664
1.95616
1.95327
1.94793
1.9403
1.93084
1.92044
1.91041
1.9023
1.89751
1.89678
1.89984
1.90557
1.91247
1.91928
1.92533
1.93054
1.93523
1.93984
1.94466
1.94975
1.95497
1.96001
1.96457
1.96836
1.97116
1.97284
1.97332
1.97256
1.97056
1.96735
1.96306
1.95787
1.95208
1.94612
1.94045
1.93557
1.93187
1.92957
1.9287
1.92916
1.93071
1.9331
1.93606
1.93935
1.94273
1.94602
1.94907
1.95176
1.954
1.95572
1.95686
1.95737
1.95725
1.95655
1.95542
1.95412
1.95296
1.95225
1.95231
1.95333
1.95539
1.9584
1.96214
1.96622
1.97019
1.97359
1.97605
1.97732
1.97731
1.97606
1.97374
1.9706
1.96697
1.9632
1.95962
1.95653
1.95409
1.95236
1.95122
1.95044
1.94965
1.94845
1.94641
1.94316
1.93844
1.93217
1.92458
1.91639
1.90882
1.9035
1.90198
1.9051
1.91253
1.92285
1.93423
1.94505
1.95429
1.96147
1.96657
1.96979
1.9714
1.97171
1.97098
1.96943
1.96724
1.96455
1.96149
1.95815
1.95461
1.95094
1.9472
1.94347
1.93986
1.9365
1.93354
1.93118
1.92959
1.92884
1.92893
1.92965
1.93065
1.93142
1.9314
1.93001
1.92685
1.92176
1.91505
1.90755
1.90056
1.89545
1.89317
1.89391
1.89716
1.90205
1.90772
1.91349
1.91891
1.9237
1.92774
1.931
1.93358
1.93556
1.93701
1.93794
1.93827
1.93787
1.93661
1.93436
1.93108
1.92684
1.92185
1.91642
1.91099
1.90605
1.90203
1.89928
1.89794
1.89797
1.89916
1.90117
1.90359
1.906
1.90802
1.90928
1.9095
1.90843
1.90598
1.90222
1.89748
1.89238
1.88779
1.88458
1.88336
1.88424
1.88683
1.89042
1.89427
1.89778
1.90056
1.90243
1.90335
1.90338
1.90266
1.90136
1.89968
1.89779
1.89589
1.89411
1.89256
1.89131
1.89039
1.88977
1.88943
1.88931
1.88937
1.88954
1.88977
1.89
1.8902
1.89029
1.89024
1.88998
1.88946
1.8886
1.88735
1.88564
1.88341
1.88063
1.8773
1.87347
1.8692
1.86466
1.86002
1.85549
1.85126
1.8475
1.84431
1.84168
1.83952
1.83763
1.83576
1.83366
1.83119
1.82833
1.82522
1.8222
1.81969
1.81821
1.8182
1.81995
1.82351
1.82864
1.83482
1.84142
1.84776
1.85331
1.8577
1.86073
1.86234
1.8626
1.86168
1.85982
1.85733
1.85459
1.85201
1.85
1.84887
1.84879
1.84976
1.85161
1.85407
1.85683
1.85963
1.86228
1.86466
1.86669
1.86838
1.86974
1.87078
1.87152
1.87198
1.87213
1.87195
1.87139
1.87036
1.8688
1.86664
1.86386
1.86055
1.85691
1.85333
1.85029
1.84832
1.84776
1.84868
1.85083
1.85372
1.85681
1.85963
1.86186
1.86335
1.86407
1.86405
1.86341
1.86226
1.86078
1.85917
1.85763
1.8564
1.85567
1.85559
1.85623
1.85756
1.85951
1.86193
1.86467
1.86759
1.87057
1.87353
1.87641
1.87917
1.8818
1.88426
1.88654
1.88862
1.89047
1.89204
1.89329
1.89414
1.8945
1.89421
1.89311
1.89096
1.88754
1.88265
1.8762
1.8684
1.85985
1.85161
1.84507
1.8415
1.8415
1.84475
1.85018
1.85648
1.86266
1.86817
1.87287
1.87688
1.88036
1.88342
1.88614
1.88853
1.89058
1.89227
1.89357
1.89448
1.89499
1.89512
1.89494
1.89455
1.89406
1.8936
1.8933
1.89325
1.89349
1.89405
1.89492
1.89605
1.89738
1.89883
1.90031
1.90174
1.90303
1.9041
1.9049
1.90534
1.90537
1.90492
1.90392
1.90231
1.90003
1.89704
1.89333
1.88895
1.884
1.87868
1.87331
1.86826
1.86399
1.86094
1.8594
1.85949
1.86102
1.86351
1.86619
1.86814
1.86844
1.86641
1.86191
1.85561
1.84909
1.84437
1.84304
1.8454
1.85048
1.85678
1.86302
1.86847
1.87284
1.87603
1.87805
1.87893
1.87876
1.87775
1.87614
1.87425
1.87242
1.87093
1.86995
1.86957
1.86973
1.87033
1.87123
1.87228
1.87338
1.87446
1.87548
1.87639
1.87719
1.87784
1.87833
1.87864
1.87873
1.87859
1.8782
1.87752
1.87654
1.87524
1.87361
1.87166
1.8694
1.86691
1.86431
1.86181
1.85967
1.85814
1.85743
1.85764
1.85866
1.8603
1.86231
1.86445
1.86662
1.86878
1.87094
1.87315
1.87536
1.87751
1.87944
1.88096
1.88182
1.8818
1.88072
1.87855
1.87549
1.87209
1.86923
1.86792
1.86896
1.87254
1.87813
1.88472
1.89121
1.89672
1.90075
1.90314
1.90394
1.90339
1.90176
1.89936
1.89649
1.89341
1.89033
1.88746
1.88496
1.88301
1.88183
1.88165
1.88265
1.8849
1.8883
1.89249
1.89701
1.90141
1.9054
1.90892
1.9122
1.91556
1.91931
1.9236
1.92831
1.93314
1.93772
1.94169
1.9448
1.94689
1.94791
1.94788
1.94682
1.94478
1.94181
1.93796
1.93333
1.92802
1.92223
1.91621
1.91032
1.90494
1.90052
1.89745
1.89601
1.89632
1.8983
1.90172
1.90618
1.91123
1.91638
1.92112
1.92502
1.92764
1.92863
1.92772
1.92482
1.92012
1.91425
1.90819
1.90319
1.90029
1.89999
1.90208
1.90592
1.91074
1.91598
1.92123
1.92628
1.93098
1.93521
1.93895
1.94216
1.94487
1.94711
1.9489
1.95025
1.95116
1.95163
1.95169
1.95134
1.95064
1.94965
1.94848
1.94721
1.94596
1.94482
1.94385
1.94308
1.9425
1.94201
1.94149
1.94074
1.93948
1.93742
1.93418
1.92942
1.9228
1.91414
1.90352
1.89153
1.87946
1.86931
1.86323
1.86241
1.8661
1.87174
1.87621
1.87707
1.87326
1.86519
1.85469
1.84489
1.83953
1.84134
1.85036
1.864
1.87871
1.89184
1.9022
1.90973
1.91491
1.91835
1.92059
1.92202
1.92291
1.92344
1.92369
1.92373
1.92357
1.92322
1.92266
1.92187
1.92082
1.91948
1.91782
1.9158
1.91341
1.91064
1.90747
1.90393
1.90008
1.896
1.89181
1.88768
1.88378
1.88029
1.87739
1.87518
1.87371
1.87294
1.8728
1.87314
1.87383
1.87472
1.8757
1.87667
1.87755
1.87831
1.87891
1.87933
1.87955
1.87957
1.87942
1.8791
1.87866
1.87817
1.87769
1.87733
1.87716
1.87725
1.87766
1.87838
1.87936
1.88052
1.88177
1.88298
1.88403
1.88482
1.88527
1.88527
1.88475
1.88365
1.88188
1.8794
1.87617
1.87216
1.86744
1.86211
1.85638
1.85054
1.84498
1.84013
1.83645
1.83431
1.83397
1.83547
1.8386
1.84299
1.84811
1.85343
1.85844
1.86275
1.86604
1.86811
