-0.340862
-0.344093
-0.346895
-0.349331
-0.351447
-0.353251
-0.35473
-0.355879
-0.356603
-0.356835
-0.356424
-0.355212
-0.353025
-0.349666
-0.344926
-0.33863
-0.33073
-0.321295
-0.310674
-0.299493
-0.288631
-0.279039
-0.271607
-0.266914
-0.26522
-0.266509
-0.270526
-0.276817
-0.284693
-0.293352
-0.301961
-0.309827
-0.316495
-0.32177
-0.325618
-0.328103
-0.329187
-0.328626
-0.325832
-0.319862
-0.309691
-0.294825
-0.276441
-0.258431
-0.246631
-0.245266
-0.253683
-0.267419
-0.282023
-0.295255
-0.306602
-0.316156
-0.323978
-0.330089
-0.33455
-0.337519
-0.339293
-0.340172
-0.340397
-0.340181
-0.339642
-0.338794
-0.337628
-0.336075
-0.334051
-0.331455
-0.328238
-0.324408
-0.320115
-0.315668
-0.31153
-0.308261
-0.306355
-0.306077
-0.307333
-0.309678
-0.312506
-0.31515
-0.317105
-0.318005
-0.317659
-0.316033
-0.313196
-0.309351
-0.304842
-0.300188
-0.296026
-0.293036
-0.291811
-0.292663
-0.295519
-0.29995
-0.305249
-0.310685
-0.315596
-0.31954
-0.322298
-0.323807
-0.324202
-0.323751
-0.32283
-0.321822
-0.321097
-0.320948
-0.321527
-0.322849
-0.324851
-0.32741
-0.33041
-0.33372
-0.337198
-0.340705
-0.344092
-0.347235
-0.350083
-0.352635
-0.354975
-0.35725
-0.359582
-0.36206
-0.36466
-0.367297
-0.369799
-0.371951
-0.373552
-0.374396
-0.374354
-0.373343
-0.37134
-0.368463
-0.364943
-0.361186
-0.357806
-0.355471
-0.354826
-0.356333
-0.36004
-0.365589
-0.372277
-0.379279
-0.385826
-0.391346
-0.395485
-0.398113
-0.399239
-0.398989
-0.397556
-0.395169
-0.392071
-0.388522
-0.384824
-0.381326
-0.378448
-0.376576
-0.375839
-0.376077
-0.376752
-0.37718
-0.376719
-0.374999
-0.372043
-0.368235
-0.364228
-0.360787
-0.358601
-0.358076
-0.359313
-0.362082
-0.366035
-0.370729
-0.375743
-0.380739
-0.385474
-0.389774
-0.393545
-0.396759
-0.399399
-0.401462
-0.403
-0.404038
-0.404632
-0.404824
-0.404643
-0.404091
-0.403201
-0.402003
-0.400501
-0.398714
-0.39668
-0.394365
-0.391725
-0.388645
-0.384979
-0.380606
-0.375552
-0.37007
-0.364649
-0.359971
-0.356696
-0.355251
-0.355767
-0.358074
-0.361872
-0.366732
-0.372185
-0.377698
-0.382731
-0.386827
-0.389647
-0.39098
-0.390727
-0.388906
-0.385581
-0.380875
-0.374971
-0.368146
-0.360758
-0.353272
-0.346218
-0.3401
-0.335327
-0.332197
-0.330793
-0.331051
-0.332774
-0.335666
-0.33934
-0.343306
-0.347055
-0.350165
-0.3523
-0.353348
-0.353421
-0.352824
-0.351974
-0.35134
-0.351271
-0.351901
-0.353176
-0.354838
-0.3566
-0.35819
-0.359483
-0.360479
-0.361267
-0.361985
-0.362771
-0.363724
-0.364874
-0.366167
-0.36751
-0.368743
-0.369694
-0.370202
-0.370112
-0.369304
-0.367679
-0.365255
-0.362192
-0.35883
-0.355675
-0.353311
-0.352269
-0.352816
-0.354863
-0.357975
-0.361585
-0.36509
-0.368066
-0.370259
-0.371557
-0.371942
-0.371463
-0.370195
-0.368207
-0.365572
-0.362368
-0.35872
-0.354744
-0.350614
-0.346516
-0.34267
-0.339267
-0.336503
-0.334474
-0.333307
-0.333043
-0.333695
-0.335206
-0.337409
-0.340061
-0.342917
-0.345683
-0.348191
-0.350333
-0.352086
-0.353449
-0.354483
-0.35524
-0.355734
-0.355981
-0.355963
-0.35564
-0.354947
-0.353813
-0.352143
-0.349826
-0.346752
-0.342878
-0.338244
-0.333034
-0.327685
-0.322875
-0.319425
-0.318076
-0.319184
-0.322563
-0.327568
-0.333339
-0.339042
-0.344086
-0.348141
-0.351088
-0.352935
-0.35376
-0.353657
-0.352756
-0.351205
-0.349119
-0.34665
-0.343937
-0.341164
-0.338512
-0.336134
-0.334147
-0.332606
-0.331461
-0.33055
-0.329597
-0.32823
-0.326109
-0.323078
-0.319301
-0.315406
-0.312443
-0.31155
-0.313455
-0.318065
-0.324544
-0.331693
-0.338374
-0.343807
-0.347525
-0.349281
-0.348965
-0.346469
-0.341785
-0.335099
-0.326947
-0.31828
-0.310345
-0.304196
-0.300187
-0.297881
-0.296386
-0.295058
-0.293878
-0.293463
-0.294677
-0.2981
-0.303701
-0.310833
-0.318513
-0.325785
-0.331972
-0.336708
-0.339911
-0.341666
-0.342183
-0.341685
-0.3404
-0.338551
-0.336346
-0.33394
-0.331527
-0.329235
-0.327188
-0.325462
-0.324074
-0.32305
-0.322336
-0.321864
-0.321547
-0.321282
-0.320994
-0.320609
-0.320069
-0.319355
-0.318451
-0.317396
-0.316225
-0.31499
-0.313757
-0.312582
-0.311507
-0.31057
-0.309773
-0.309094
-0.308487
-0.307908
-0.307268
-0.306496
-0.305482
-0.304166
-0.30245
-0.300351
-0.297901
-0.295254
-0.292697
-0.290611
-0.289422
-0.289466
-0.290895
-0.293574
-0.297146
-0.30114
-0.305078
-0.308592
-0.311448
-0.313553
-0.314907
-0.315563
-0.315639
-0.315247
-0.314496
-0.313492
-0.312334
-0.311073
-0.30975
-0.308388
-0.307005
-0.30558
-0.304137
-0.302698
-0.301306
-0.300052
-0.299073
-0.298519
-0.298523
-0.299179
-0.3005
-0.302405
-0.304769
-0.307408
-0.310133
-0.312803
-0.315295
-0.317568
-0.319597
-0.321368
-0.322888
-0.324166
-0.325193
-0.325958
-0.326422
-0.326525
-0.326164
-0.325249
-0.323677
-0.321345
-0.318199
-0.314257
-0.30964
-0.304631
-0.29956
-0.29477
-0.290543
-0.286877
-0.283615
-0.280478
-0.277255
-0.273998
-0.271004
-0.268786
-0.267849
-0.268464
-0.270584
-0.273912
-0.278069
-0.282759
-0.2878
-0.293055
-0.298324
-0.303287
-0.307506
-0.310554
-0.312132
-0.312248
-0.311131
-0.309279
-0.307297
-0.30575
-0.305021
-0.305266
-0.306444
-0.308482
-0.311272
-0.314738
-0.318757
-0.323136
-0.327641
-0.332001
-0.335996
-0.339442
-0.342238
-0.344314
-0.34566
-0.346299
-0.346233
-0.345464
-0.343975
-0.341675
-0.338439
-0.334082
-0.32844
-0.321497
-0.313526
-0.305276
-0.297912
-0.292715
-0.290543
-0.291421
-0.294598
-0.298981
-0.303676
-0.308212
-0.312516
-0.316681
-0.320847
-0.32506
-0.329248
-0.333243
-0.336875
-0.339943
-0.342312
-0.343897
-0.34468
-0.344676
-0.343988
-0.342783
-0.341251
-0.339604
-0.33804
-0.336731
-0.335735
-0.335024
-0.33452
-0.334137
-0.333815
-0.333515
-0.333268
-0.333075
-0.332936
-0.332783
-0.332526
-0.33207
-0.331326
-0.330241
-0.328842
-0.327195
-0.325415
-0.32364
-0.322014
-0.320672
-0.319713
-0.319176
-0.319059
-0.319335
-0.319912
-0.320694
-0.321579
-0.322477
-0.323331
-0.324103
-0.324793
-0.325393
-0.32594
-0.326484
-0.327042
-0.32764
-0.328281
-0.328947
-0.329617
-0.330255
-0.330794
-0.331183
-0.331358
-0.331251
-0.330827
-0.330024
-0.328844
-0.327324
-0.325576
-0.323776
-0.32216
-0.320976
-0.320488
-0.320849
-0.322068
-0.324037
-0.326515
-0.329206
-0.331836
-0.334168
-0.336025
-0.33733
-0.338036
-0.338189
-0.337871
-0.337179
-0.336263
-0.335292
-0.334422
-0.33381
-0.333563
-0.333728
-0.334345
-0.335372
-0.336744
-0.33844
-0.340373
-0.342484
-0.344698
-0.346958
-0.349177
-0.351294
-0.353268
-0.355076
-0.356715
-0.358186
-0.359517
-0.36072
-0.36185
-0.362884
-0.363845
-0.364731
-0.365519
-0.36618
-0.366666
-0.366944
-0.366971
-0.366738
-0.366275
-0.365626
-0.364906
-0.364263
-0.363867
-0.363887
-0.36444
-0.365533
-0.367096
-0.368988
-0.370994
-0.372903
-0.374567
-0.375852
-0.376754
-0.37728
-0.377579
-0.377773
-0.377977
-0.378276
-0.378645
-0.379044
-0.379373
-0.379601
-0.379783
-0.380089
-0.380777
-0.382137
-0.384446
-0.387845
-0.392259
-0.397454
-0.403057
-0.408674
-0.413941
-0.418568
-0.422334
-0.425102
-0.426758
-0.42726
-0.426589
-0.424762
-0.421862
-0.417995
-0.413279
-0.407916
-0.402263
-0.39696
-0.392946
-0.391274
-0.392587
-0.396664
-0.402389
-0.408229
-0.412748
-0.414914
-0.414279
-0.410919
-0.405484
-0.399163
-0.3935
-0.389853
-0.388758
-0.389787
-0.391877
-0.394096
-0.396108
-0.398176
-0.40085
-0.404447
-0.408861
-0.413569
-0.417879
-0.421228
-0.42328
-0.423986
-0.423526
-0.422258
-0.420563
-0.418831
-0.417326
-0.416206
-0.415515
-0.415206
-0.415193
-0.41537
-0.415606
-0.415764
-0.415713
-0.415374
-0.414735
-0.413878
-0.412956
-0.412148
-0.411568
-0.411286
-0.411274
-0.411418
-0.411568
-0.411611
-0.411421
-0.410997
-0.410343
-0.409499
-0.408551
-0.407591
-0.406721
-0.406013
-0.405525
-0.405291
-0.405302
-0.405545
-0.405952
-0.406442
-0.406916
-0.407299
-0.407498
-0.407464
-0.407161
-0.406596
-0.405821
-0.404934
-0.404061
-0.403333
-0.402867
-0.402718
-0.40285
-0.403134
-0.403346
-0.403217
-0.402486
-0.400896
-0.398272
-0.394548
-0.389783
-0.384223
-0.378333
-0.37273
-0.368
-0.364537
-0.362363
-0.361085
-0.360022
-0.358448
-0.355938
-0.35267
-0.349586
-0.3482
-0.349896
-0.355096
-0.36297
-0.37184
-0.380025
-0.386384
-0.390461
-0.392284
-0.392144
-0.390436
-0.387623
-0.384186
-0.380613
-0.377333
-0.374766
-0.373165
-0.372678
-0.373301
-0.374837
-0.377053
-0.379645
-0.382343
-0.384893
-0.387146
-0.388988
-0.390392
-0.391343
-0.391868
-0.392009
-0.391819
-0.391367
-0.390688
-0.38986
-0.388944
-0.387983
-0.387021
-0.386125
-0.385293
-0.384525
-0.383842
-0.383193
-0.382561
-0.381917
-0.381229
-0.380499
-0.379732
-0.379019
-0.378431
-0.378073
-0.378053
-0.378451
-0.379277
-0.380485
-0.382005
-0.383718
-0.385485
-0.38719
-0.388728
-0.390028
-0.390999
-0.391619
-0.391886
-0.391852
-0.391611
-0.391284
-0.39098
-0.390762
-0.390575
-0.390269
-0.389588
-0.388267
-0.38605
-0.382862
-0.378861
-0.374474
-0.370375
-0.367279
-0.365802
-0.366248
-0.368642
-0.372749
-0.378164
-0.384403
-0.390883
-0.397075
-0.402547
-0.407027
-0.410449
-0.412879
-0.414472
-0.415416
-0.415881
-0.416018
-0.415948
-0.41573
-0.415422
-0.415042
-0.414587
-0.414037
-0.413343
-0.412431
-0.411213
-0.409584
-0.407466
-0.404815
-0.401658
-0.398059
-0.394176
-0.390158
-0.386155
-0.382325
-0.378944
-0.376444
-0.375403
-0.376366
-0.379506
-0.384308
-0.38967
-0.394167
-0.396493
-0.395803
-0.392009
-0.385913
-0.379241
-0.37418
-0.372612
-0.375187
-0.381151
-0.388894
-0.396817
-0.40378
-0.409229
-0.413016
-0.415272
-0.416199
-0.415991
-0.414824
-0.412772
-0.409871
-0.406113
-0.401487
-0.396076
-0.39006
-0.38381
-0.377854
-0.372816
-0.369311
-0.36773
-0.368125
-0.370108
-0.372948
-0.375823
-0.378004
-0.379024
-0.378925
-0.378193
-0.377658
-0.378221
-0.380485
-0.384468
-0.389637
-0.395182
-0.400354
-0.404617
-0.407756
-0.409778
-0.410823
-0.411082
-0.410743
-0.409997
-0.408994
-0.407851
-0.406671
-0.405505
-0.404407
-0.403412
-0.402501
-0.401681
-0.400933
-0.400234
-0.399573
-0.398916
-0.398247
-0.397558
-0.396825
-0.39605
-0.395228
-0.394349
-0.393404
-0.392384
-0.391265
-0.39004
-0.388678
-0.387199
-0.38563
-0.384029
-0.382521
-0.381238
-0.380359
-0.380025
-0.380383
-0.381459
-0.38323
-0.385604
-0.388426
-0.391521
-0.394729
-0.397891
-0.400856
-0.403492
-0.405693
-0.407345
-0.408366
-0.408712
-0.408359
-0.40737
-0.405857
-0.404011
-0.402013
-0.400098
-0.398404
-0.396999
-0.39589
-0.395038
-0.394398
-0.394003
-0.39398
-0.394494
-0.395737
-0.397846
-0.400864
-0.404703
-0.40916
-0.413973
-0.418852
-0.42354
-0.427827
-0.431526
-0.434526
-0.436738
-0.438094
-0.438543
-0.438069
-0.436625
-0.434226
-0.43085
-0.426505
-0.421198
-0.414943
-0.40776
-0.399673
-0.390797
-0.381346
-0.371745
-0.362734
-0.35529
-0.350491
-0.349102
-0.351294
-0.356454
-0.363407
-0.370852
-0.377743
-0.383553
-0.388173
-0.391877
-0.395126
-0.398421
-0.402147
-0.406474
-0.41135
-0.416465
-0.421404
-0.425727
-0.429004
-0.430892
-0.431088
-0.429396
-0.425769
-0.420383
-0.413802
-0.407008
-0.401282
-0.39781
-0.397176
-0.399094
-0.402605
-0.406542
-0.40996
-0.412342
-0.41351
-0.41354
-0.412615
-0.410951
-0.408787
-0.406379
-0.403975
-0.401802
-0.400078
-0.398952
-0.398469
-0.398604
-0.399294
-0.400439
-0.402003
-0.40396
-0.406339
-0.409195
-0.41249
-0.416146
-0.42003
-0.423966
-0.427802
-0.431396
-0.434653
-0.43748
-0.439843
-0.44173
-0.443115
-0.444005
-0.444408
-0.444353
-0.443848
-0.442904
-0.441522
-0.439715
-0.437504
-0.434888
-0.43189
-0.428557
-0.424975
-0.421199
-0.417351
-0.413536
-0.409805
-0.406212
-0.402843
-0.399921
-0.397868
-0.397306
-0.398793
-0.402538
-0.408214
-0.415035
-0.422064
-0.4285
-0.433876
-0.437999
-0.440882
-0.442629
-0.44335
-0.443095
-0.441818
-0.439433
-0.435775
-0.430741
-0.424429
-0.417301
-0.410302
-0.404774
-0.402029
-0.402747
-0.406694
-0.41284
-0.419911
-0.426836
-0.432952
-0.437912
-0.441515
-0.443567
-0.443791
-0.441845
-0.437385
-0.430362
-0.42137
-0.411995
-0.404649
-0.401644
-0.403743
-0.409674
-0.416907
-0.423156
-0.427125
-0.428579
-0.427934
-0.425847
-0.422966
-0.419768
-0.416542
-0.413441
-0.410545
-0.407928
-0.405691
-0.403969
-0.402884
-0.402511
-0.402874
-0.403926
-0.405585
-0.407738
-0.410292
-0.413231
-0.416544
-0.420206
-0.424166
-0.428295
-0.432391
-0.436221
-0.439534
-0.442099
-0.443747
-0.444393
-0.444042
-0.442808
-0.440931
-0.438758
-0.436679
-0.435034
-0.434006
-0.433542
-0.433426
-0.43331
-0.432875
-0.431914
-0.430412
-0.428533
-0.426559
-0.424829
-0.423629
-0.42304
-0.423012
-0.42337
-0.423903
-0.424477
-0.425061
-0.425685
-0.426433
-0.427352
-0.428444
-0.429669
-0.430914
-0.432087
-0.433096
-0.433843
-0.434269
-0.43435
-0.434069
-0.433432
-0.432496
-0.431299
-0.429928
-0.428451
-0.426969
-0.425536
-0.424216
-0.423051
-0.422084
-0.421311
-0.420736
-0.420377
-0.420196
-0.420167
-0.420266
-0.420487
-0.420785
-0.421133
-0.421501
-0.421866
-0.422194
-0.422464
-0.422654
-0.422738
-0.422716
-0.422584
-0.422367
-0.422054
-0.421681
-0.421273
-0.420857
-0.420441
-0.420002
-0.419489
-0.418857
-0.417985
-0.41676
-0.41502
-0.412639
-0.409543
-0.405771
-0.401518
-0.397234
-0.393525
-0.3911
-0.39058
-0.392259
-0.396024
-0.401428
-0.407796
-0.414401
-0.420584
-0.425842
-0.429763
-0.431976
-0.432077
-0.429611
-0.424223
-0.415826
-0.405143
-0.394035
-0.385389
-0.381887
-0.384295
-0.390865
-0.398462
-0.404244
-0.40643
-0.404133
-0.39701
-0.384935
-0.36849
-0.34985
-0.333624
-0.32566
-0.329454
-0.343228
-0.361509
-0.379058
-0.393168
-0.403298
-0.410002
-0.414166
-0.416626
-0.418096
-0.419125
-0.42008
-0.421125
-0.422252
-0.423328
-0.424153
-0.424591
-0.424504
-0.423897
-0.422868
-0.421535
-0.42009
-0.418754
-0.417695
-0.417083
-0.41702
-0.417553
-0.418667
-0.42029
-0.422316
-0.42459
-0.42698
-0.429332
-0.431509
-0.433422
-0.434977
-0.436102
-0.436752
-0.436874
-0.436446
-0.435404
-0.433733
-0.431423
-0.428454
-0.424846
-0.420665
-0.416061
-0.41127
-0.406631
-0.402585
-0.39962
-0.398133
-0.398297
-0.39998
-0.402759
-0.405965
-0.408937
-0.411092
-0.412041
-0.41169
-0.410203
-0.408005
-0.405726
-0.404025
-0.403448
-0.404313
-0.406729
-0.410572
-0.415574
-0.4213
-0.427253
-0.432906
-0.43781
-0.441659
-0.444313
-0.445752
-0.446058
-0.445359
-0.443814
-0.441605
-0.438878
-0.435801
-0.432539
-0.429238
-0.426037
-0.423101
-0.420559
-0.418558
-0.417204
-0.416601
-0.416775
-0.417706
-0.419332
-0.421518
-0.424101
-0.426881
-0.429658
-0.432248
-0.434485
-0.436225
-0.437335
-0.437697
-0.437215
-0.435814
-0.433507
-0.430386
-0.426672
-0.422774
-0.419182
-0.416438
-0.414901
-0.414668
-0.415576
-0.417219
-0.419194
-0.421179
-0.423035
-0.424785
-0.426544
-0.428461
-0.430653
-0.433152
-0.435918
-0.43884
-0.441782
-0.444622
-0.447273
-0.449664
-0.451765
-0.453571
-0.455112
-0.45639
-0.457417
-0.458207
-0.458729
-0.458981
-0.458918
-0.458506
-0.457708
-0.456491
-0.454824
-0.452722
-0.450203
-0.447356
-0.44428
-0.441118
-0.438033
-0.435216
-0.432871
-0.43121
-0.430446
-0.430757
-0.43224
-0.434898
-0.438564
-0.442893
-0.447421
-0.451659
-0.455155
-0.457567
-0.458725
-0.458611
-0.457348
-0.455096
-0.452011
-0.448031
-0.442876
-0.436211
-0.42796
-0.418847
-0.410597
-0.405441
-0.404847
-0.408563
-0.414737
-0.421146
-0.426223
-0.429303
-0.430411
-0.429899
-0.428134
-0.425427
-0.422067
-0.418307
-0.414389
-0.410607
-0.40727
-0.404702
-0.403172
-0.402815
-0.403505
-0.404838
-0.406112
-0.40654
-0.405393
-0.402131
-0.396563
-0.389007
-0.380255
-0.371572
-0.364301
-0.359411
-0.357074
-0.356776
-0.357719
-0.3593
-0.361259
-0.363587
-0.366273
-0.369198
-0.372101
-0.374666
-0.376635
-0.377872
-0.37835
-0.378174
-0.377453
-0.37636
-0.375028
-0.373613
-0.3722
-0.370872
-0.369695
-0.368686
-0.367859
-0.367196
-0.366679
-0.366276
-0.365957
-0.365693
-0.365421
-0.365122
-0.364744
-0.364249
-0.363617
-0.362792
-0.361755
-0.360465
-0.358868
-0.356966
-0.354715
-0.352124
-0.349224
-0.346102
-0.342895
-0.339817
-0.337095
-0.335004
-0.333777
-0.333554
-0.334352
-0.336069
-0.338517
-0.341402
-0.34444
-0.347351
-0.349849
-0.351673
-0.352534
-0.352113
-0.350067
-0.346018
-0.339695
-0.331131
-0.321019
-0.310979
-0.303437
-0.300771
-0.304028
-0.312254
-0.323209
-0.334561
-0.344761
-0.353133
-0.359631
-0.364488
-0.368038
-0.370596
-0.372419
-0.373704
-0.374611
-0.375251
-0.375709
-0.376045
-0.376274
-0.376428
-0.376516
-0.376511
-0.376393
-0.376136
-0.375716
-0.375087
-0.374208
-0.373058
-0.371624
-0.369958
-0.36813
-0.366288
-0.364646
-0.36343
-0.362922
-0.36332
-0.364726
-0.367032
-0.369993
-0.373155
-0.375999
-0.377995
-0.378729
-0.377933
-0.375563
-0.371788
-0.367013
-0.361759
-0.356569
-0.351818
-0.347685
-0.344291
-0.341788
-0.340487
-0.340796
-0.342919
-0.346697
-0.351556
-0.3567
-0.361436
-0.365317
-0.368225
-0.370263
-0.371639
-0.372545
-0.37313
-0.373479
-0.373636
-0.373647
-0.373577
-0.373463
-0.373335
-0.373187
-0.372971
-0.372641
-0.372166
-0.371545
-0.370814
-0.370001
-0.369124
-0.368118
-0.366959
-0.365773
-0.364854
-0.364595
-0.365358
-0.367252
-0.370012
-0.373087
-0.375835
-0.377681
-0.378226
-0.377326
-0.375039
-0.371593
-0.36734
-0.362685
-0.358038
-0.353685
-0.349798
-0.346391
-0.343368
-0.340601
-0.33798
-0.335431
-0.332936
-0.330548
-0.328457
-0.326944
-0.326367
-0.327018
-0.328993
-0.332105
-0.335966
-0.340072
-0.343982
-0.347384
-0.350121
-0.352156
-0.353524
-0.354323
-0.354658
-0.354634
-0.354348
-0.353855
-0.353229
-0.352506
-0.351725
-0.350879
-0.349976
-0.349017
-0.347983
-0.346877
-0.345648
-0.344296
-0.342826
-0.341225
-0.33953
-0.337785
-0.336053
-0.334432
-0.332983
-0.331782
-0.330843
-0.330128
-0.329555
-0.328948
-0.328085
-0.326703
-0.324481
-0.321147
-0.316447
-0.310259
-0.302719
-0.294273
-0.285817
-0.278539
-0.273587
-0.271581
-0.272332
-0.275041
-0.278787
-0.282994
-0.287557
-0.292667
-0.298502
-0.30504
-0.311932
-0.31865
-0.324658
-0.329593
-0.333367
-0.336077
-0.337969
-0.339271
-0.340184
-0.340835
-0.341277
-0.341532
-0.341617
-0.341531
-0.341281
-0.34089
-0.340355
-0.33961
-0.338594
-0.337202
-0.335327
-0.332849
-0.329735
-0.32601
-0.321789
-0.317369
-0.313154
-0.309644
-0.307288
-0.306393
-0.307053
-0.309056
-0.31199
-0.315347
-0.318628
-0.321477
-0.32369
-0.32522
-0.326149
-0.326673
-0.327011
-0.327387
-0.327988
-0.328936
-0.330255
-0.331892
-0.333759
-0.335721
-0.337614
-0.339326
-0.340799
-0.341987
-0.342918
-0.343652
-0.344272
-0.344884
-0.345576
-0.346433
-0.347495
-0.348783
-0.350268
-0.351907
-0.353638
-0.355383
-0.357102
-0.358745
-0.360279
-0.361694
-0.362983
-0.364133
-0.365145
-0.366039
-0.366816
-0.367485
-0.368059
-0.368527
-0.368899
-0.369166
-0.369327
-0.369373
-0.369313
-0.369147
-0.368885
-0.368552
-0.368179
-0.367822
-0.367554
-0.367458
-0.367612
-0.368094
-0.368945
-0.37019
-0.371794
-0.373702
-0.375811
-0.37801
-0.380154
-0.382134
-0.383849
-0.385221
-0.386219
-0.386808
-0.387019
-0.3869
-0.386524
-0.385959
-0.385308
-0.384631
-0.383981
-0.383416
-0.382981
-0.382701
-0.382568
-0.382551
-0.382557
-0.382511
-0.382269
-0.381765
-0.380939
-0.379761
-0.378295
-0.376637
-0.374894
-0.37322
-0.371778
-0.370718
-0.370179
-0.370256
-0.371006
-0.372469
-0.374609
-0.377353
-0.380629
-0.384286
-0.388142
-0.392002
-0.395618
-0.398747
-0.401167
-0.402674
-0.403082
-0.402305
-0.400322
-0.397287
-0.393527
-0.389552
-0.385913
-0.383052
-0.381084
-0.379702
-0.378376
-0.376451
-0.373524
-0.369527
-0.364732
-0.359638
-0.354876
-0.351061
-0.348739
-0.348288
-0.349859
-0.353294
-0.358144
-0.363783
-0.369547
-0.374868
-0.379374
-0.382842
-0.385267
-0.386717
-0.387364
-0.38739
-0.386988
-0.386321
-0.385447
-0.384397
-0.383109
-0.381521
-0.379577
-0.37723
-0.374495
-0.371441
-0.368143
-0.364689
-0.361122
-0.357459
-0.353627
-0.349554
-0.345173
-0.340522
-0.335902
-0.331861
-0.329152
-0.328485
-0.330275
-0.334376
-0.340128
-0.346523
-0.352488
-0.357144
-0.35991
-0.360504
-0.358916
-0.355346
-0.350114
-0.343579
-0.336097
-0.328023
-0.319788
-0.312017
-0.305746
-0.302219
-0.302586
-0.307342
-0.316021
-0.327306
-0.339543
-0.351168
-0.361107
-0.36877
-0.374062
-0.377106
-0.3782
-0.377719
-0.375975
-0.373318
-0.370027
-0.366375
-0.362575
-0.358792
-0.355186
-0.351863
-0.348914
-0.346396
-0.344379
-0.34292
-0.342021
-0.34165
-0.341725
-0.342074
-0.342471
-0.342631
-0.342284
-0.341237
-0.33937
-0.336751
-0.333617
-0.330409
-0.327649
-0.325861
-0.325464
-0.326621
-0.329235
-0.332971
-0.337362
-0.341907
-0.346216
-0.349979
-0.353035
-0.355328
-0.356895
-0.357803
-0.358175
-0.35811
-0.357736
-0.357155
-0.356478
-0.35581
-0.355214
-0.354759
-0.354509
-0.354503
-0.354757
-0.355271
-0.356042
-0.357076
-0.358314
-0.359728
-0.361251
-0.362827
-0.364363
-0.365783
-0.367015
-0.36795
-0.368491
-0.368545
-0.368029
-0.36688
-0.365039
-0.362514
-0.359331
-0.355576
-0.351355
-0.346776
-0.341985
-0.337161
-0.332519
-0.328377
-0.325119
-0.32311
-0.322602
-0.323638
-0.325951
-0.329026
-0.332263
-0.335143
-0.33731
-0.338748
-0.339679
-0.340522
-0.341734
-0.343647
-0.346318
-0.349587
-0.353152
-0.356663
-0.359881
-0.362622
-0.364844
-0.366555
-0.367809
-0.368663
-0.36919
-0.369397
-0.369317
-0.36893
-0.368199
-0.367047
-0.365396
-0.363152
-0.360262
-0.356762
-0.352861
-0.349004
-0.34583
-0.344071
-0.344245
-0.346387
-0.350027
-0.354336
-0.358507
-0.361916
-0.364292
-0.365648
-0.366244
-0.366422
-0.366524
-0.366751
-0.367195
-0.367749
-0.368145
-0.368129
-0.367383
-0.365666
-0.362886
-0.3592
-0.355062
-0.351224
-0.348644
-0.348228
-0.350527
-0.355484
-0.362482
-0.370535
-0.378633
-0.385975
-0.392085
-0.396778
-0.400054
-0.402046
-0.402909
-0.40276
-0.401672
-0.399686
-0.396851
-0.39324
-0.389085
-0.38482
-0.381053
-0.378474
-0.377577
-0.378527
-0.380942
-0.384146
-0.387381
-0.390036
-0.391724
-0.392341
-0.391991
-0.390898
-0.38938
-0.38775
-0.386361
-0.385471
-0.3853
-0.38596
-0.387488
-0.389796
-0.392735
-0.396044
-0.399462
-0.402723
-0.405637
-0.408036
-0.409872
-0.411179
-0.412055
-0.412627
-0.413084
-0.413577
-0.414243
-0.415199
-0.416456
-0.417958
-0.419528
-0.42097
-0.422006
-0.422356
-0.4218
-0.42017
-0.417446
-0.413685
-0.409124
-0.404138
-0.39921
-0.394869
-0.391658
-0.389991
-0.390094
-0.391964
-0.395321
-0.399751
-0.404734
-0.409793
-0.414511
-0.418603
-0.421911
-0.424367
-0.426003
-0.426855
-0.427025
-0.426574
-0.425572
-0.42409
-0.422139
-0.419763
-0.416995
-0.413856
-0.410406
-0.40673
-0.402965
-0.399304
-0.395976
-0.393191
-0.39116
-0.389989
-0.38965
-0.389985
-0.390698
-0.391403
-0.391653
-0.39104
-0.389227
-0.386115
-0.381986
-0.377579
-0.373965
-0.372217
-0.372897
-0.37579
-0.380039
-0.384638
-0.38879
-0.392117
-0.394536
-0.396098
-0.396892
-0.396893
-0.396026
-0.394188
-0.391308
-0.387351
-0.382417
-0.376685
-0.370447
-0.364109
-0.358139
-0.352954
-0.34891
-0.346196
-0.344777
-0.344492
-0.345119
-0.346465
-0.348478
-0.351159
-0.354522
-0.358482
-0.362849
-0.367329
-0.371602
-0.375396
-0.378538
-0.380912
-0.382505
-0.383336
-0.383464
-0.382952
-0.381884
-0.380344
-0.378432
-0.37627
-0.373993
-0.371738
-0.369678
-0.367916
-0.366532
-0.365539
-0.364893
-0.364528
-0.364367
-0.364363
-0.364504
-0.364836
-0.365374
-0.366137
-0.367081
-0.368095
-0.368976
-0.369461
-0.369246
-0.367989
-0.365352
-0.361019
-0.35483
-0.346858
-0.337584
-0.327973
-0.319363
-0.313078
-0.309826
-0.309427
-0.310915
-0.313135
-0.315219
-0.316859
-0.31821
-0.319696
-0.321747
-0.324619
-0.328283
-0.332458
-0.336729
-0.340683
-0.344025
-0.346615
-0.348482
-0.349715
-0.350469
-0.350919
-0.351185
-0.351389
-0.351553
-0.351686
-0.351726
-0.351582
-0.351164
-0.350374
-0.349149
-0.347463
-0.345392
-0.34311
-0.340879
-0.339028
-0.337902
-0.337751
-0.338675
-0.340605
-0.343343
-0.346602
-0.350094
-0.353592
-0.356919
-0.359951
-0.3626
-0.36475
-0.366308
-0.367151
-0.367159
-0.36624
-0.364362
-0.361628
-0.358317
-0.354962
-0.352184
-0.350604
-0.350523
-0.351758
-0.353695
-0.355473
-0.356262
-0.355498
-0.352948
-0.34874
-0.343335
-0.337414
-0.331669
-0.326704
-0.322841
-0.320165
-0.318621
-0.318195
-0.318963
-0.321056
-0.324606
-0.329609
-0.335889
-0.343097
-0.350811
-0.358579
-0.365976
-0.372626
-0.378247
-0.382596
-0.385444
-0.386651
-0.386153
-0.384024
-0.380548
-0.376223
-0.37181
-0.368168
-0.366033
-0.365839
-0.367475
-0.370407
-0.373919
-0.377359
-0.380288
-0.382514
-0.384043
-0.384988
-0.385483
-0.385665
-0.385636
-0.385447
-0.385135
-0.384755
-0.384368
-0.384005
-0.38371
-0.383473
-0.38322
-0.382821
-0.382112
-0.380869
-0.378813
-0.375651
-0.371054
-0.364656
-0.356146
-0.345339
-0.332401
-0.318157
-0.304186
-0.292664
-0.285639
-0.284144
-0.28774
-0.294917
-0.3039
-0.313353
-0.322581
-0.331331
-0.339481
-0.346814
-0.353037
-0.357832
-0.360974
-0.362397
-0.362167
-0.360524
-0.357836
-0.354573
-0.351227
-0.348328
-0.346269
-0.345355
-0.345687
-0.3472
-0.349737
-0.353028
-0.356798
-0.360766
-0.364713
-0.368464
-0.371875
-0.374855
-0.377327
-0.379236
-0.380508
-0.381079
-0.380821
-0.379583
-0.377122
-0.373132
-0.367238
-0.358969
-0.34787
-0.333639
-0.316427
-0.2973
-0.278669
-0.264006
-0.256546
-0.257463
-0.265301
-0.277166
-0.290414
-0.30346
-0.315595
-0.326538
-0.336109
-0.34419
-0.350735
-0.355783
-0.359462
-0.361998
-0.363601
-0.364506
-0.364898
-0.364919
-0.364674
-0.36422
-0.363586
-0.362781
-0.361821
-0.360763
-0.359665
-0.358632
-0.357771
-0.357197
-0.356999
-0.357174
-0.357653
-0.358328
-0.359009
-0.359458
-0.35947
-0.358837
-0.357406
-0.355069
-0.351806
-0.347699
-0.342932
-0.337791
-0.332688
-0.328034
-0.32427
-0.321729
-0.320612
-0.320974
-0.3227
-0.325582
-0.329338
-0.333664
-0.338255
-0.342853
-0.347264
-0.351298
-0.354807
-0.357688
-0.35982
-0.36107
-0.36132
-0.360457
-0.358384
-0.355037
-0.350473
-0.344861
-0.338562
-0.332103
-0.326044
-0.32088
-0.316822
-0.313722
-0.31117
-0.308749
-0.306342
-0.304422
-0.304032
-0.306351
-0.31193
-0.320234
-0.329825
-0.339022
-0.346521
-0.351674
-0.354339
-0.354729
-0.353199
-0.350131
-0.345921
-0.340928
-0.335514
-0.32999
-0.324671
-0.319873
-0.315876
-0.312921
-0.31115
-0.310623
-0.311229
-0.312795
-0.315064
-0.317792
-0.320737
-0.323699
-0.326529
-0.329128
-0.331463
-0.333521
-0.335315
-0.336892
-0.338314
-0.339621
-0.340888
-0.342139
-0.343406
-0.344719
-0.346059
-0.347429
-0.348801
-0.350194
-0.351574
-0.352925
-0.354237
-0.355492
-0.35666
-0.357717
-0.358617
-0.35933
-0.359777
-0.359915
-0.359669
-0.358946
-0.357673
-0.355803
-0.353302
-0.350202
-0.346616
-0.34273
-0.338837
-0.335241
-0.332204
-0.329898
-0.32836
-0.327519
-0.327268
-0.327525
-0.328267
-0.329542
-0.33141
-0.333885
-0.336918
-0.340367
-0.344055
-0.347748
-0.351266
-0.354443
-0.357164
-0.359385
-0.36107
-0.362232
-0.362888
-0.363098
-0.362889
-0.362366
-0.361563
-0.360582
-0.359501
-0.358419
-0.357424
-0.356604
-0.356029
-0.355756
-0.355803
-0.35616
-0.35677
-0.357589
-0.358543
-0.359558
-0.360555
-0.361485
-0.362302
-0.362961
-0.363458
-0.363774
-0.363937
-0.363968
-0.363932
-0.363925
-0.364058
-0.364452
-0.365234
-0.366461
-0.368081
-0.369936
-0.371704
-0.373
-0.373379
-0.372422
-0.36983
-0.365453
-0.359347
-0.351889
-0.34388
-0.336634
-0.331846
-0.330979
-0.334467
-0.341363
-0.349861
-0.358235
-0.365402
-0.371025
-0.375173
-0.378069
-0.379902
-0.380784
-0.380779
-0.380038
-0.378796
-0.377383
-0.37618
-0.375477
-0.375443
-0.376004
-0.376968
-0.378013
-0.378808
-0.379056
-0.378495
-0.376909
-0.374117
-0.370012
-0.364613
-0.358152
-0.351068
-0.344045
-0.337909
-0.333519
-0.331507
-0.332209
-0.33553
-0.340995
-0.347882
-0.355374
-0.362707
-0.369301
-0.374786
-0.379028
-0.382049
-0.383961
-0.38494
-0.385179
-0.384845
-0.384124
-0.383109
-0.381901
-0.380559
-0.379115
-0.377594
-0.376
-0.374348
-0.372649
-0.370966
-0.369362
-0.367937
-0.366806
-0.366073
-0.365831
-0.366093
-0.366866
-0.368094
-0.369663
-0.371458
-0.373358
-0.375264
-0.377077
-0.378718
-0.380111
-0.381213
-0.381959
-0.382283
-0.38212
-0.381425
-0.380204
-0.378484
-0.376406
-0.374194
-0.372167
-0.370695
-0.370055
-0.37041
-0.371659
-0.373514
-0.37555
-0.377322
-0.378438
-0.378604
-0.377579
-0.375222
-0.371572
-0.366914
-0.361942
-0.357823
-0.356029
-0.357832
-0.363574
-0.372366
-0.382388
-0.391648
-0.398546
-0.402166
-0.402156
-0.398717
-0.392419
-0.384252
-0.375543
-0.367783
-0.362308
-0.35998
-0.360956
-0.364779
-0.370634
-0.377625
-0.384921
-0.391866
-0.397934
-0.402695
-0.405831
-0.407244
-0.407215
-0.406451
-0.40598
-0.406758
-0.409131
-0.412738
-0.416764
-0.420401
-0.423202
-0.425093
-0.426116
-0.4262
-0.425093
-0.422424
-0.417901
-0.411507
-0.403593
-0.394877
-0.386397
-0.379385
-0.375001
-0.374044
-0.376685
-0.382305
-0.389728
-0.397536
-0.404421
-0.409405
-0.41181
-0.411377
-0.408201
-0.402796
-0.395997
-0.388842
-0.382309
-0.377326
-0.375001
-0.3766
-0.382951
-0.39357
-0.406636
-0.419814
-0.43125
-0.440051
-0.446106
-0.449752
-0.451473
-0.451736
-0.45093
-0.449318
-0.447111
-0.444434
-0.441349
-0.437907
-0.434107
-0.429968
-0.425491
-0.420705
-0.415651
-0.410424
-0.405162
-0.400047
-0.395372
-0.391394
-0.388418
-0.386695
-0.386351
-0.387388
-0.389677
-0.392995
-0.397071
-0.401632
-0.406409
-0.411142
-0.415632
-0.419678
-0.423162
-0.42607
-0.428451
-0.430422
-0.432142
-0.433736
-0.435234
-0.436563
-0.437496
-0.437661
-0.436595
-0.433719
-0.428501
-0.420544
-0.409933
-0.397543
-0.38532
-0.375862
-0.371312
-0.372084
-0.376705
-0.382888
-0.388709
-0.393188
-0.396085
-0.397543
-0.397808
-0.39708
-0.395503
-0.393204
-0.390344
-0.387226
-0.384323
-0.382281
-0.381775
-0.383328
-0.387087
-0.392811
-0.399896
-0.407582
-0.415159
-0.422022
-0.427805
-0.432294
-0.435433
-0.437244
-0.437818
-0.437278
-0.435762
-0.433449
-0.430519
-0.427178
-0.423702
-0.420401
-0.417573
-0.415471
-0.414236
-0.413902
-0.414383
-0.415509
-0.417072
-0.418887
-0.420828
-0.422798
-0.424774
-0.426755
-0.428741
-0.430759
-0.432809
-0.43485
-0.436888
-0.43889
-0.440821
-0.442661
-0.444393
-0.446001
-0.447472
-0.448832
-0.450087
-0.451239
-0.452294
-0.453238
-0.454052
-0.454737
-0.455251
-0.455559
-0.455626
-0.455441
-0.455016
-0.454382
-0.453586
-0.452725
-0.451853
-0.45102
-0.450266
-0.449625
-0.449113
-0.448807
-0.448834
-0.44931
-0.450359
-0.451969
-0.453977
-0.456073
-0.457858
-0.458926
-0.458957
-0.457846
-0.455717
-0.453017
-0.450384
-0.448476
-0.44775
-0.44821
-0.449502
-0.451051
-0.452278
-0.452794
-0.452456
-0.451286
-0.449377
-0.446875
-0.443918
-0.440743
-0.437647
-0.435064
-0.433512
-0.433479
-0.435287
-0.438959
-0.44406
-0.44986
-0.455465
-0.460046
-0.463028
-0.464112
-0.463284
-0.460748
-0.456844
-0.452002
-0.446703
-0.441418
-0.43657
-0.432546
-0.429609
-0.427925
-0.427543
-0.428361
-0.430169
-0.432682
-0.435491
-0.438216
-0.44053
-0.442207
-0.443158
-0.443476
-0.443396
-0.443181
-0.443076
-0.443198
-0.44351
-0.443832
-0.443916
-0.443518
-0.442493
-0.44073
-0.438201
-0.434873
-0.430627
-0.425343
-0.418863
-0.411232
-0.402956
-0.395182
-0.389502
-0.387399
-0.389334
-0.394495
-0.401266
-0.408027
-0.41373
-0.41793
-0.420688
-0.42227
-0.42297
-0.423095
-0.422856
-0.422444
-0.421975
-0.421568
-0.421297
-0.4212
-0.421307
-0.421596
-0.422084
-0.422737
-0.423509
-0.424388
-0.425336
-0.426322
-0.427311
-0.428281
-0.429217
-0.430127
-0.431004
-0.431837
-0.432643
-0.433394
-0.434075
-0.434682
-0.435162
-0.435457
-0.435481
-0.435124
-0.434236
-0.432667
-0.430228
-0.426754
-0.422127
-0.416244
-0.409181
-0.401205
-0.392843
-0.384876
-0.37821
-0.373726
-0.371979
-0.373062
-0.376558
-0.381681
-0.387518
-0.39323
-0.398248
-0.402266
-0.405227
-0.407216
-0.408398
-0.408899
-0.408779
-0.40805
-0.406722
-0.404853
-0.402611
-0.400322
-0.398469
-0.397662
-0.398442
-0.401232
-0.406068
-0.412666
-0.420383
-0.428413
-0.435941
-0.442242
-0.446848
-0.449447
-0.449894
-0.448183
-0.444417
-0.438814
-0.431739
-0.423683
-0.415274
-0.407214
-0.400128
-0.394463
-0.390365
-0.387761
-0.386452
-0.386298
-0.38728
-0.389496
-0.393063
-0.39798
-0.404077
-0.411011
-0.418361
-0.425704
-0.432666
-0.438992
-0.444509
-0.449138
-0.452857
-0.455695
-0.457683
-0.458838
-0.459217
-0.458836
-0.457717
-0.455911
-0.453491
-0.450612
-0.447474
-0.444348
-0.441567
-0.439435
-0.438223
-0.438055
-0.438891
-0.4406
-0.442922
-0.445571
-0.448305
-0.450867
-0.453131
-0.454988
-0.456404
-0.457397
-0.457991
-0.458203
-0.458066
-0.457615
-0.456879
-0.455914
-0.454821
-0.45374
-0.452829
-0.452201
-0.451925
-0.451906
-0.451961
-0.451821
-0.451248
-0.45005
-0.448196
-0.445809
-0.443108
-0.440358
-0.437834
-0.43574
-0.434237
-0.433438
-0.433418
-0.434217
-0.435864
-0.438317
-0.44148
-0.445173
-0.449127
-0.453037
-0.45662
-0.459713
-0.462263
-0.464394
-0.46631
-0.468229
-0.47033
-0.472676
-0.475223
-0.477879
-0.480531
-0.483047
-0.485337
-0.487323
-0.488937
-0.490112
-0.490788
-0.490914
-0.49039
-0.489173
-0.487148
-0.484244
-0.480349
-0.47537
-0.469285
-0.462095
-0.45393
-0.44511
-0.436132
-0.427661
-0.420435
-0.41499
-0.411473
-0.409451
-0.408032
-0.406026
-0.402454
-0.396913
-0.389957
-0.38323
-0.379058
-0.379344
-0.384508
-0.393305
-0.403683
-0.413831
-0.422661
-0.429774
-0.435189
-0.439047
-0.441556
-0.442874
-0.443094
-0.442313
-0.440606
-0.438136
-0.435166
-0.432133
-0.429634
-0.428289
-0.428566
-0.430577
-0.434028
-0.438305
-0.442683
-0.446521
-0.449333
-0.450826
-0.450814
-0.449149
-0.445724
-0.44041
-0.433097
-0.423788
-0.412686
-0.400303
-0.387464
-0.37527
-0.364923
-0.357546
-0.354124
-0.355295
-0.360988
-0.37022
-0.381357
-0.392711
-0.402997
-0.411577
-0.418265
-0.423207
-0.426643
-0.428843
-0.430051
-0.430466
-0.430229
-0.429457
-0.428219
-0.426604
-0.424682
-0.422474
-0.420061
-0.417466
-0.414743
-0.411896
-0.408929
-0.405819
-0.402512
-0.398979
-0.39523
-0.391349
-0.387551
-0.384157
-0.381571
-0.380104
-0.379936
-0.380989
-0.382995
-0.385564
-0.3883
-0.390894
-0.393158
-0.394993
-0.396383
-0.397337
-0.397936
-0.398217
-0.398234
-0.398026
-0.397644
-0.397112
-0.396508
-0.395951
-0.395552
-0.395387
-0.395465
-0.395736
-0.396087
-0.396433
-0.396725
-0.396917
-0.397007
-0.397052
-0.39716
-0.397409
-0.397968
-0.398953
-0.400464
-0.402493
-0.404966
-0.407692
-0.410453
-0.413022
-0.415194
-0.416848
-0.417893
-0.418282
-0.418054
-0.417269
-0.416052
-0.414541
-0.412917
-0.411408
-0.410217
-0.409529
-0.409463
-0.410047
-0.411209
-0.412769
-0.414535
-0.41625
-0.41767
-0.418581
-0.418767
-0.418046
-0.416238
-0.413179
-0.408738
-0.402904
-0.395779
-0.38774
-0.379428
-0.371698
-0.365473
-0.36152
-0.36019
-0.36138
-0.364684
-0.369587
-0.375561
-0.382165
-0.38899
-0.395657
-0.401874
-0.4074
-0.412096
-0.415887
-0.418812
-0.420931
-0.422309
-0.423045
-0.423204
-0.42283
-0.421967
-0.42066
-0.418941
-0.416828
-0.414366
-0.411638
-0.408725
-0.405716
-0.402718
-0.399837
-0.39713
-0.394659
-0.39244
-0.390472
-0.388756
-0.387286
-0.38603
-0.384919
-0.383834
-0.382689
-0.381463
-0.380286
-0.379442
-0.379323
-0.380227
-0.382276
-0.385295
-0.388889
-0.392557
-0.395782
-0.39812
-0.399257
-0.399033
-0.397395
-0.394476
-0.390477
-0.385745
-0.380676
-0.375768
-0.371476
-0.368163
-0.366008
-0.364989
-0.364891
-0.365451
-0.366425
-0.367719
-0.369431
-0.371871
-0.375463
-0.380573
-0.387306
-0.395341
-0.404072
-0.412743
-0.420695
-0.427489
-0.432935
-0.437046
-0.439936
-0.441769
-0.4427
-0.442874
-0.442421
-0.441415
-0.439942
-0.438039
-0.435754
-0.43315
-0.430276
-0.427239
-0.424145
-0.421139
-0.4184
-0.416159
-0.414586
-0.413827
-0.413936
-0.414812
-0.416244
-0.417947
-0.419686
-0.421252
-0.422524
-0.423455
-0.424021
-0.424189
-0.423928
-0.423194
-0.421958
-0.420291
-0.418337
-0.416335
-0.414615
-0.413511
-0.413327
-0.414253
-0.416334
-0.419444
-0.423354
-0.427747
-0.432284
-0.436658
-0.440584
-0.443826
-0.446142
-0.447331
-0.447238
-0.445738
-0.442813
-0.438547
-0.433151
-0.426948
-0.420415
-0.414149
-0.408867
-0.405274
-0.403915
-0.404939
-0.408098
-0.412735
-0.418081
-0.423426
-0.42823
-0.432214
-0.435228
-0.437231
-0.438303
-0.438558
-0.438176
-0.437354
-0.436341
-0.435339
-0.434533
-0.434056
-0.433971
-0.434281
-0.434909
-0.435721
-0.436594
-0.437355
-0.437857
-0.43798
-0.437608
-0.436657
-0.435075
-0.432822
-0.429837
-0.426146
-0.421806
-0.41695
-0.411811
-0.406734
-0.402093
-0.39827
-0.395526
-0.393891
-0.393147
-0.392982
-0.393005
-0.392907
-0.39254
-0.391889
-0.391043
-0.390204
-0.389525
-0.389169
-0.389235
-0.389758
-0.390731
-0.392108
-0.3938
-0.395687
-0.397629
-0.399516
-0.401229
-0.402683
-0.403808
-0.404571
-0.404964
-0.405001
-0.404723
-0.404156
-0.403349
-0.402346
-0.401193
-0.39993
-0.39864
-0.397383
-0.396248
-0.395289
-0.394585
-0.39421
-0.394173
-0.394491
-0.395121
-0.395987
-0.396981
-0.397978
-0.398833
-0.39939
-0.399535
-0.399154
-0.398145
-0.39647
-0.394106
-0.391118
-0.387631
-0.383837
-0.379975
-0.376335
-0.373139
-0.370616
-0.368869
-0.367914
-0.367729
-0.36826
-0.369458
-0.371299
-0.373701
-0.376554
-0.379664
-0.382849
-0.385894
-0.388682
-0.391168
-0.39336
-0.395275
-0.396857
-0.397918
-0.398191
-0.397391
-0.395321
-0.391968
-0.387588
-0.382717
-0.378095
-0.374556
-0.372804
-0.373221
-0.375759
-0.379984
-0.385236
-0.3908
-0.39611
-0.400835
-0.40486
-0.408236
-0.411063
-0.413467
-0.415509
-0.41718
-0.418461
-0.419287
-0.41964
-0.41951
-0.418903
-0.41784
-0.416266
-0.414151
-0.411413
-0.407997
-0.403896
-0.399201
-0.39415
-0.389052
-0.384298
-0.380238
-0.377012
-0.374425
-0.371882
-0.368425
-0.362962
-0.354766
-0.344224
-0.333583
-0.326719
-0.327197
-0.335615
-0.349061
-0.363326
-0.375307
-0.383766
-0.388811
-0.391141
-0.391555
-0.390741
-0.389244
-0.387469
-0.385725
-0.384258
-0.383237
-0.382793
-0.382957
-0.383533
-0.384162
-0.384277
-0.383286
-0.380743
-0.376525
-0.370939
-0.364668
-0.358471
-0.352829
-0.347581
-0.341835
-0.334358
-0.324153
-0.311361
-0.297943
-0.287442
-0.283211
-0.286125
-0.294168
-0.30418
-0.313944
-0.3227
-0.33062
-0.338041
-0.345167
-0.351921
-0.358092
-0.36344
-0.367797
-0.371094
-0.373368
-0.374711
-0.375268
-0.375187
-0.374614
-0.37365
-0.37237
-0.370869
-0.369124
-0.367155
-0.364952
-0.362507
-0.359789
-0.356804
-0.353556
-0.350097
-0.346492
-0.342856
-0.339301
-0.335971
-0.333004
-0.330548
-0.328679
-0.327451
-0.326844
-0.326783
-0.327151
-0.327751
-0.328413
-0.328942
-0.329153
-0.328891
-0.328059
-0.32662
-0.324616
-0.322166
-0.319504
-0.316943
-0.31481
-0.313386
-0.312799
-0.313008
-0.313762
-0.314713
-0.315482
-0.315776
-0.315494
-0.314724
-0.313811
-0.313187
-0.313188
-0.314003
-0.3155
-0.317294
-0.318922
-0.320014
-0.320413
-0.320196
-0.319645
-0.319133
-0.318975
-0.319363
-0.32029
-0.321571
-0.322981
-0.324252
-0.325209
-0.325757
-0.325902
-0.325681
-0.32519
-0.324546
-0.323842
-0.32316
-0.322543
-0.322002
-0.321479
-0.320929
-0.320211
-0.319223
-0.31784
-0.315986
-0.313578
-0.310579
-0.307012
-0.302906
-0.298359
-0.29349
-0.288475
-0.283532
-0.278914
-0.274884
-0.271681
-0.269483
-0.268413
-0.268438
-0.269427
-0.271182
-0.273471
-0.276063
-0.27875
-0.281378
-0.283842
-0.286057
-0.287996
-0.289629
-0.290985
-0.292072
-0.292905
-0.293516
-0.293917
-0.294147
-0.294239
-0.294207
-0.294057
-0.293819
-0.293496
-0.293104
-0.292641
-0.292125
-0.291521
-0.290835
-0.29007
-0.289215
-0.288236
-0.287118
-0.28585
-0.284395
-0.282742
-0.280896
-0.278842
-0.276606
-0.274239
-0.271812
-0.26943
-0.267203
-0.265245
-0.263675
-0.262539
-0.261834
-0.261528
-0.261551
-0.261802
-0.262207
-0.262702
-0.263262
-0.263882
-0.26457
-0.265363
-0.266254
-0.267283
-0.268411
-0.26966
-0.270988
-0.272347
-0.273708
-0.275038
-0.276305
-0.277474
-0.278523
-0.27944
-0.280213
-0.280849
-0.281354
-0.281734
-0.281989
-0.28214
-0.282204
-0.282185
-0.282125
-0.282022
-0.28191
-0.281799
-0.28171
-0.281652
-0.281627
-0.281631
-0.281655
-0.281681
-0.281652
-0.281521
-0.281234
-0.28075
-0.279999
-0.278911
-0.277449
-0.275616
-0.273415
-0.270923
-0.268212
-0.26542
-0.262703
-0.260185
-0.257974
-0.256144
-0.254757
-0.253881
-0.253678
-0.254346
-0.256093
-0.259072
-0.263231
-0.268345
-0.27401
-0.279762
-0.285217
-0.290086
-0.294219
-0.297585
-0.300223
-0.302212
-0.303662
-0.30466
-0.305291
-0.305633
-0.305732
-0.305641
-0.305384
-0.304998
-0.304489
-0.303885
-0.30319
-0.302428
-0.301623
-0.300832
-0.300084
-0.29948
-0.299088
-0.298997
-0.299298
-0.300071
-0.301351
-0.303139
-0.305379
-0.307972
-0.310755
-0.313583
-0.316313
-0.318806
-0.320976
-0.322814
-0.324311
-0.325503
-0.326502
-0.327389
-0.328276
-0.329199
-0.330213
-0.331311
-0.332448
-0.333521
-0.334416
-0.334963
-0.334966
-0.334176
-0.332305
-0.329023
-0.324067
-0.317354
-0.309192
-0.300506
-0.29284
-0.28796
-0.287127
-0.290452
-0.29687
-0.304856
-0.313042
-0.320624
-0.327292
-0.333066
-0.338073
-0.34247
-0.346363
-0.34983
-0.352883
-0.355515
-0.357696
-0.359417
-0.360659
-0.36142
-0.361698
-0.361517
-0.360946
-0.360031
-0.358883
-0.357596
-0.356263
-0.354982
-0.353826
-0.352848
-0.352058
-0.351441
-0.350939
-0.350447
-0.349795
-0.348793
-0.347186
-0.344667
-0.340917
-0.335697
-0.328985
-0.321267
-0.313795
-0.308392
-0.306962
-0.310409
-0.31821
-0.328729
-0.340128
-0.351035
-0.360678
-0.368776
-0.375312
-0.380408
-0.384241
-0.387007
-0.388873
-0.390017
-0.390579
-0.390672
-0.390377
-0.38975
-0.388823
-0.387594
-0.386067
-0.384184
-0.38189
-0.379088
-0.375634
-0.371406
-0.366244
-0.360111
-0.353067
-0.345386
-0.337583
-0.330345
-0.324422
-0.320458
-0.318872
-0.319802
-0.323114
-0.328372
-0.334968
-0.342166
-0.349312
-0.355914
-0.361737
-0.366806
-0.37127
-0.375307
-0.379071
-0.382545
-0.385627
-0.388166
-0.390022
-0.391183
-0.391722
-0.391772
-0.391455
-0.390837
-0.389812
-0.388151
-0.385618
-0.381989
-0.377228
-0.371537
-0.36536
-0.359414
-0.35452
-0.351463
-0.350749
-0.35255
-0.356638
-0.362442
-0.369234
-0.376252
-0.38279
-0.388323
-0.392469
-0.395001
-0.395822
-0.394972
-0.392559
-0.388839
-0.38416
-0.379008
-0.373932
-0.369569
-0.36646
-0.36496
-0.365133
-0.366685
-0.369073
-0.371664
-0.373851
-0.37522
-0.375554
-0.374889
-0.373413
-0.371448
-0.369376
-0.367503
-0.366045
-0.365034
-0.364384
-0.363904
-0.363427
-0.362802
-0.361958
-0.360962
-0.359876
-0.358804
-0.357826
-0.356995
-0.35638
-0.355996
-0.355855
-0.355938
-0.356165
-0.356408
-0.356524
-0.356391
-0.355889
-0.354939
-0.353486
-0.35148
-0.348886
-0.345658
-0.34181
-0.337384
-0.332456
-0.327193
-0.321805
-0.316544
-0.311697
-0.307562
-0.304398
-0.302381
-0.301622
-0.302064
-0.303573
-0.305855
-0.308604
-0.311467
-0.314191
-0.316567
-0.318487
-0.319913
-0.320866
-0.321387
-0.321553
-0.321421
-0.321046
-0.320476
-0.319753
-0.318895
-0.317937
-0.316884
-0.315765
-0.314589
-0.313375
-0.312156
-0.310976
-0.309869
-0.308919
-0.308149
-0.307649
-0.307458
-0.307617
-0.30813
-0.308994
-0.310179
-0.31163
-0.313302
-0.315156
-0.317108
-0.319139
-0.321175
-0.323202
-0.32517
-0.327028
-0.3287
-0.330097
-0.331055
-0.331371
-0.330751
-0.328796
-0.32502
-0.318938
-0.310231
-0.29907
-0.286606
-0.275085
-0.267255
-0.265006
-0.268088
-0.274361
-0.281228
-0.286818
-0.290367
-0.291932
-0.291924
-0.290848
-0.289155
-0.287237
-0.285346
-0.283694
-0.282454
-0.281786
-0.281851
-0.282804
-0.284773
-0.287801
-0.291864
-0.296839
-0.302536
-0.308696
-0.315066
-0.321372
-0.327408
-0.332996
-0.338019
-0.342387
-0.346083
-0.349123
-0.351543
-0.353393
-0.354719
-0.355611
-0.356082
-0.356195
-0.355998
-0.355532
-0.35479
-0.353786
-0.352513
-0.350942
-0.349042
-0.346768
-0.344075
-0.340912
-0.337311
-0.333301
-0.329026
-0.324769
-0.320914
-0.31794
-0.316316
-0.316352
-0.318108
-0.32132
-0.325387
-0.329537
-0.332991
-0.335025
-0.335111
-0.332903
-0.328403
-0.322025
-0.314762
-0.308065
-0.303485
-0.302065
-0.303969
-0.308445
-0.314341
-0.320629
-0.326614
-0.331975
-0.336599
-0.340513
-0.343767
-0.346401
-0.348459
-0.349926
-0.350865
-0.351324
-0.351413
-0.351268
-0.351105
-0.351106
-0.351442
-0.352154
-0.353236
-0.354504
-0.355757
-0.356718
-0.357132
-0.356811
-0.355624
-0.353482
-0.350428
-0.346599
-0.342195
-0.337531
-0.332915
-0.32869
-0.325143
-0.322455
-0.320749
-0.320063
-0.32036
-0.321546
-0.323468
-0.325929
-0.328718
-0.331636
-0.334499
-0.337176
-0.339574
-0.341614
-0.343294
-0.344567
-0.345455
-0.345957
-0.346083
-0.345865
-0.345343
-0.344561
-0.343575
-0.342471
-0.341365
-0.340371
-0.339598
-0.339149
-0.339111
-0.33953
-0.340394
-0.341675
-0.343284
-0.34516
-0.347191
-0.349303
-0.351413
-0.353479
-0.355444
-0.357284
-0.358987
-0.360564
-0.362013
-0.363366
-0.364643
-0.365856
-0.367023
-0.368174
-0.369299
-0.370391
-0.371423
-0.372384
-0.37326
-0.373964
-0.37451
-0.374848
-0.374949
-0.374796
-0.374345
-0.373584
-0.372489
-0.371018
-0.369164
-0.366917
-0.364277
-0.361274
-0.357962
-0.354431
-0.350851
-0.347407
-0.344325
-0.341815
-0.340091
-0.339265
-0.339439
-0.340658
-0.342927
-0.346261
-0.350594
-0.355812
-0.361673
-0.367869
-0.374066
-0.379931
-0.385189
-0.38963
-0.393059
-0.395289
-0.396126
-0.395305
-0.392491
-0.387344
-0.379623
-0.369383
-0.357305
-0.344907
-0.3345
-0.32852
-0.328469
-0.334112
-0.343702
-0.354884
-0.365628
-0.374663
-0.381474
-0.386052
-0.388621
-0.389517
-0.389049
-0.387443
-0.38486
-0.381422
-0.377236
-0.37243
-0.367218
-0.361879
-0.356806
-0.352446
-0.349252
-0.347553
-0.347545
-0.349231
-0.352481
-0.357014
-0.362437
-0.368271
-0.374008
-0.379104
-0.383122
-0.385656
-0.386487
-0.385487
-0.382703
-0.378383
-0.373105
-0.367703
-0.363199
-0.360551
-0.36031
-0.362456
-0.366425
-0.37141
-0.376591
-0.381354
-0.385327
-0.388303
-0.390178
-0.390895
-0.390436
-0.388755
-0.385773
-0.381424
-0.375693
-0.368593
-0.36027
-0.35102
-0.341406
-0.332225
-0.32438
-0.318747
-0.315857
-0.315791
-0.318163
-0.322274
-0.327281
-0.332422
-0.337132
-0.341007
-0.343864
-0.345636
-0.346371
-0.3462
-0.345329
-0.343988
-0.342428
-0.340858
-0.339451
-0.338316
-0.337479
-0.336919
-0.336558
-0.336289
-0.336054
-0.335768
-0.33541
-0.334965
-0.334422
-0.333815
-0.333164
-0.332484
-0.331783
-0.331058
-0.330326
-0.329595
-0.328844
-0.328084
-0.327313
-0.326548
-0.325801
-0.325078
-0.324403
-0.323814
-0.323303
-0.322871
-0.322501
-0.322186
-0.32187
-0.321495
-0.320986
-0.320235
-0.319141
-0.317632
-0.315603
-0.313026
-0.309919
-0.30639
-0.30268
-0.299078
-0.295959
-0.293678
-0.292481
-0.292421
-0.293321
-0.294781
-0.296296
-0.297306
-0.297338
-0.296056
-0.29329
-0.289058
-0.283568
-0.277226
-0.2708
-0.265401
-0.262358
-0.26277
-0.266955
-0.274234
-0.283185
-0.292339
-0.300593
-0.307359
-0.312517
-0.316184
-0.318566
-0.319884
-0.320321
-0.319986
-0.318983
-0.317342
-0.315124
-0.312371
-0.309167
-0.305652
-0.302022
-0.298559
-0.295573
-0.293368
-0.292149
-0.291991
-0.292776
-0.29423
-0.296008
-0.297751
-0.299106
-0.299864
-0.299873
-0.299142
-0.297818
-0.296198
-0.294719
-0.293813
-0.293857
-0.295079
-0.297423
-0.300642
-0.304365
-0.308207
-0.311875
-0.31516
-0.317968
-0.32028
-0.322106
-0.323457
-0.324353
-0.324781
-0.324693
-0.324044
-0.322719
-0.320628
-0.317651
-0.313693
-0.308722
-0.302822
-0.29623
-0.289331
-0.282651
-0.276723
-0.271921
-0.268386
-0.265915
-0.264217
-0.263018
-0.262264
-0.262163
-0.263088
-0.265355
-0.269051
-0.273915
-0.279418
-0.284918
-0.289827
-0.293726
-0.296411
-0.297825
-0.298024
-0.297163
-0.295411
-0.292996
-0.290164
-0.287232
-0.284506
-0.282316
-0.280948
-0.280551
-0.28116
-0.282665
-0.284823
-0.287363
-0.289991
-0.292481
-0.29468
-0.2965
-0.297902
-0.298882
-0.29946
-0.299637
-0.299437
-0.298897
-0.297977
-0.296681
-0.294995
-0.292889
-0.290357
-0.287417
-0.284168
-0.280794
-0.277597
-0.274981
-0.273352
-0.272999
-0.274023
-0.276217
-0.279135
-0.282177
-0.284731
-0.286273
-0.286411
-0.284949
-0.28197
-0.277859
-0.273369
-0.269476
-0.267054
-0.266532
-0.267605
-0.269379
-0.270704
-0.270668
-0.268763
-0.26507
-0.260116
-0.254808
-0.250199
-0.247228
-0.246553
-0.248336
-0.252293
-0.257746
-0.263913
-0.270072
-0.275692
-0.2805
-0.284389
-0.287391
-0.289615
-0.291155
-0.292112
-0.292541
-0.292476
-0.291909
-0.290826
-0.289177
-0.286891
-0.28393
-0.2803
-0.276105
-0.271649
-0.26743
-0.264143
-0.262483
-0.262925
-0.265536
-0.26992
-0.275407
-0.281257
-0.286897
-0.29194
-0.296187
-0.29956
-0.302038
-0.303596
-0.30423
-0.303925
-0.302687
-0.30061
-0.297889
-0.294843
-0.291913
-0.289605
-0.288319
-0.288267
-0.289427
-0.291519
-0.294186
-0.297069
-0.29991
-0.302553
-0.30495
-0.307149
-0.309196
-0.311171
-0.313125
-0.315066
-0.31699
-0.318885
-0.320675
-0.322309
-0.323667
-0.324557
-0.32469
-0.323687
-0.32101
-0.316067
-0.308307
-0.297576
-0.284665
-0.271766
-0.262256
-0.259061
-0.262854
-0.271523
-0.281794
-0.291059
-0.298113
-0.302875
-0.305775
-0.307372
-0.308145
-0.308474
-0.308596
-0.308681
-0.308835
-0.30912
-0.309611
-0.31035
-0.311341
-0.31257
-0.314028
-0.315659
-0.317409
-0.319222
-0.321057
-0.322861
-0.324616
-0.326268
-0.327834
-0.32928
-0.33062
-0.331824
-0.332931
-0.333912
-0.334778
-0.33552
-0.33611
-0.336529
-0.336754
-0.336742
-0.336441
-0.335807
-0.334797
-0.333395
-0.331629
-0.329573
-0.327367
-0.325235
-0.32343
-0.322213
-0.321745
-0.32206
-0.323038
-0.324425
-0.325925
-0.327254
-0.32819
-0.328594
-0.328407
-0.327647
-0.326387
-0.324741
-0.322838
-0.320838
-0.318873
-0.317142
-0.315776
-0.314895
-0.314594
-0.314881
-0.315698
-0.316916
-0.318332
-0.319701
-0.320761
-0.321297
-0.321139
-0.320232
-0.318598
-0.316335
-0.313593
-0.310574
-0.307484
-0.304554
-0.302131
-0.300605
-0.300453
-0.302041
-0.30548
-0.310528
-0.316636
-0.323092
-0.329211
-0.33447
-0.338581
-0.341455
-0.343193
-0.344006
-0.344209
-0.344049
-0.34371
-0.343199
-0.342348
-0.340877
-0.338543
-0.335277
-0.331434
-0.327888
-0.325834
-0.326372
-0.329886
-0.335819
-0.342967
-0.349994
-0.355878
-0.360087
-0.362468
-0.363181
-0.36246
-0.360659
-0.358115
-0.355203
-0.352272
-0.34967
-0.34767
-0.346445
-0.346067
-0.346506
-0.347635
-0.349287
-0.351293
-0.353488
-0.355727
-0.357875
-0.359822
-0.361461
-0.362699
-0.363458
-0.36372
-0.36349
-0.362906
-0.362161
-0.361485
-0.361061
-0.360929
-0.360915
-0.36063
-0.359557
-0.357284
-0.353656
-0.349028
-0.344266
-0.340537
-0.338846
-0.339632
-0.342662
-0.347241
-0.352509
-0.357725
-0.3622
-0.365423
-0.367082
-0.367211
-0.366174
-0.364596
-0.363048
-0.361895
-0.361039
-0.360043
-0.358389
-0.355736
-0.352103
-0.3479
-0.343824
-0.340569
-0.338626
-0.33816
-0.338995
-0.340765
-0.343143
-0.345869
-0.348848
-0.352077
-0.355567
-0.359318
-0.363193
-0.367023
-0.370582
-0.373655
-0.376096
-0.377803
-0.37881
-0.379195
-0.379093
-0.378651
-0.377988
-0.377194
-0.376252
-0.375105
-0.373634
-0.371696
-0.369161
-0.365968
-0.362158
-0.358004
-0.353953
-0.35059
-0.348499
-0.348053
-0.349241
-0.351669
-0.354707
-0.357708
-0.360151
-0.361703
-0.362232
-0.361724
-0.360258
-0.357952
-0.354939
-0.351345
-0.347269
-0.342768
-0.337918
-0.33279
-0.327553
-0.322489
-0.318048
-0.314812
-0.313271
-0.313665
-0.315786
-0.319079
-0.322828
-0.326349
-0.329249
-0.331418
-0.332995
-0.334242
-0.335416
-0.336622
-0.337765
-0.338602
-0.338765
-0.337867
-0.335629
-0.331941
-0.326988
-0.321417
-0.316262
-0.312834
-0.312183
-0.314672
-0.319761
-0.326303
-0.333035
-0.33899
-0.343627
-0.346758
-0.348417
-0.34878
-0.348087
-0.346568
-0.344506
-0.342145
-0.339742
-0.33744
-0.335254
-0.333038
-0.330523
-0.327414
-0.323594
-0.319243
-0.314987
-0.311857
-0.310902
-0.312761
-0.317325
-0.323787
-0.331077
-0.338234
-0.344635
-0.35003
-0.354423
-0.357922
-0.360679
-0.362861
-0.364573
-0.365938
-0.367009
-0.367834
-0.368453
-0.368882
-0.369152
-0.369259
-0.369185
-0.368931
-0.368472
-0.367784
-0.36685
-0.365728
-0.364501
-0.363317
-0.362359
-0.361822
-0.361807
-0.362338
-0.363327
-0.364584
-0.365873
-0.366964
-0.367694
-0.367958
-0.367719
-0.367008
-0.365888
-0.364448
-0.362764
-0.360886
-0.358831
-0.356558
-0.354009
-0.351178
-0.348116
-0.345048
-0.342349
-0.340523
-0.340081
-0.341317
-0.344178
-0.348288
-0.353068
-0.357955
-0.362502
-0.366462
-0.369745
-0.372338
-0.374289
-0.375691
-0.37658
-0.377008
-0.377023
-0.376655
-0.375955
-0.374987
-0.373834
-0.372602
-0.371394
-0.370316
-0.369451
-0.368862
-0.368581
-0.368583
-0.368807
-0.369186
-0.369625
-0.370069
-0.370432
-0.370674
-0.37077
-0.370706
-0.370462
-0.370064
-0.369501
-0.368766
-0.367879
-0.366855
-0.365669
-0.3643
-0.36272
-0.360862
-0.358673
-0.356072
-0.353005
-0.349454
-0.345458
-0.341157
-0.336785
-0.332638
-0.32903
-0.326242
-0.324422
-0.323737
-0.324292
-0.326212
-0.329567
-0.334296
-0.340171
-0.346803
-0.353691
-0.360381
-0.366529
-0.371947
-0.376572
-0.380408
-0.383532
-0.386035
-0.387995
-0.389485
-0.39055
-0.391221
-0.391503
-0.391359
-0.390771
-0.389712
-0.388162
-0.386124
-0.383678
-0.380943
-0.378137
-0.375524
-0.373397
-0.371987
-0.371419
-0.371687
-0.372605
-0.373923
-0.375331
-0.376585
-0.377509
-0.378071
-0.378349
-0.378461
-0.378514
-0.378574
-0.378568
-0.378355
-0.377664
-0.376227
-0.373867
-0.370501
-0.366189
-0.361154
-0.355752
-0.350471
-0.345876
-0.342597
-0.341167
-0.341929
-0.344841
-0.349413
-0.354789
-0.360038
-0.364348
-0.367275
-0.368807
-0.369251
-0.369075
-0.36869
-0.368262
-0.3677
-0.366712
-0.364978
-0.362354
-0.358941
-0.355109
-0.351422
-0.348527
-0.34701
-0.347297
-0.349509
-0.353391
-0.358445
-0.36404
-0.369591
-0.374663
-0.378973
-0.382404
-0.384973
-0.386772
-0.387913
-0.388536
-0.388746
-0.388648
-0.388235
-0.387413
-0.385871
-0.383023
-0.377928
-0.369307
-0.356058
-0.338234
-0.318836
-0.304556
-0.302516
-0.314196
-0.333969
-0.354268
-0.370547
-0.38176
-0.388731
-0.392707
-0.394668
-0.395171
-0.39444
-0.392476
-0.389242
-0.384931
-0.380039
-0.375576
-0.372808
-0.372783
-0.375796
-0.381227
-0.387801
-0.394208
-0.399503
-0.40325
-0.405442
-0.406375
-0.406462
-0.406139
-0.405746
-0.405471
-0.405313
-0.405087
-0.404505
-0.403214
-0.400921
-0.397498
-0.39297
-0.387681
-0.382212
-0.377375
-0.373933
-0.372446
-0.373006
-0.375268
-0.37864
-0.382557
-0.386596
-0.390513
-0.394103
-0.397111
-0.399147
-0.399802
-0.398804
-0.396256
-0.392881
-0.389919
-0.38881
-0.390466
-0.394772
-0.400679
-0.406815
-0.412062
-0.415884
-0.418347
-0.419859
-0.421025
-0.422411
-0.424463
-0.427373
-0.431098
-0.435377
-0.439868
-0.444209
-0.448091
-0.451316
-0.453766
-0.455398
-0.456215
-0.456251
-0.455556
-0.454183
-0.452171
-0.449561
-0.446387
-0.442677
-0.438401
-0.433567
-0.428094
-0.421888
-0.414804
-0.406786
-0.397892
-0.388503
-0.379339
-0.371412
-0.365741
-0.36298
-0.363147
-0.365612
-0.369527
-0.374054
-0.378708
-0.38325
-0.387647
-0.39198
-0.396301
-0.400587
-0.404709
-0.408478
-0.411709
-0.414289
-0.416203
-0.417543
-0.41843
-0.419008
-0.419373
-0.419561
-0.419583
-0.419392
-0.418982
-0.418354
-0.417564
-0.416693
-0.415843
-0.415108
-0.414567
-0.414218
-0.414015
-0.413825
-0.413528
-0.413013
-0.412201
-0.411127
-0.409871
-0.4086
-0.40753
-0.406861
-0.406731
-0.407188
-0.408133
-0.40937
-0.410642
-0.411676
-0.412236
-0.412118
-0.411222
-0.409476
-0.406901
-0.403614
-0.399793
-0.395734
-0.391725
-0.388058
-0.384914
-0.382308
-0.380161
-0.378321
-0.376682
-0.37518
-0.3738
-0.372522
-0.37128
-0.370046
-0.368985
-0.36863
-0.369698
-0.372648
-0.377325
-0.383038
-0.389117
-0.39531
-0.401708
-0.408404
-0.415245
-0.421772
-0.427507
-0.432094
-0.43547
-0.437758
-0.439203
-0.44006
-0.440507
-0.440608
-0.440292
-0.439395
-0.437675
-0.434838
-0.430661
-0.424983
-0.417775
-0.409196
-0.39958
-0.389399
-0.379153
-0.369322
-0.360267
-0.352283
-0.345758
-0.341154
-0.338887
-0.339099
-0.341548
-0.345766
-0.351185
-0.35722
-0.363301
-0.368912
-0.373611
-0.377109
-0.379325
-0.380312
-0.380328
-0.379757
-0.379113
-0.378911
-0.379548
-0.381211
-0.383847
-0.387229
-0.391087
-0.395146
-0.399163
-0.402941
-0.406315
-0.409135
-0.411269
-0.41263
-0.413205
-0.413019
-0.412155
-0.410742
-0.408895
-0.406772
-0.404497
-0.402179
-0.399837
-0.397462
-0.394971
-0.392202
-0.389004
-0.385226
-0.380772
-0.375666
-0.370086
-0.364381
-0.359059
-0.354654
-0.351638
-0.350243
-0.350433
-0.351888
-0.354142
-0.356704
-0.359144
-0.361193
-0.362742
-0.363755
-0.364267
-0.364277
-0.363804
-0.362787
-0.361139
-0.358804
-0.355759
-0.352147
-0.348265
-0.344566
-0.341603
-0.339845
-0.339488
-0.340451
-0.342403
-0.344949
-0.347714
-0.350462
-0.353054
-0.355445
-0.357581
-0.359442
-0.361017
-0.362259
-0.363195
-0.363835
-0.364202
-0.364323
-0.36424
-0.36399
-0.363559
-0.362944
-0.362121
-0.361043
-0.359656
-0.357904
-0.355756
-0.353163
-0.350198
-0.346925
-0.343511
-0.340125
-0.336981
-0.334219
-0.331899
-0.329985
-0.328406
-0.3271
-0.326072
-0.325493
-0.325622
-0.326763
-0.329107
-0.332632
-0.337101
-0.342133
-0.347297
-0.352201
-0.356586
-0.360301
-0.36331
-0.365637
-0.367344
-0.368497
-0.369157
-0.369378
-0.369219
-0.368691
-0.3678
-0.366561
-0.364964
-0.363027
-0.360769
-0.358244
-0.355497
-0.352645
-0.349829
-0.347219
-0.344974
-0.343254
-0.34219
-0.341844
-0.342196
-0.343177
-0.344652
-0.346437
-0.348329
-0.350121
-0.351599
-0.352611
-0.353032
-0.352804
-0.352012
-0.350843
-0.349631
-0.348808
-0.348796
-0.349892
-0.352164
-0.35546
-0.35943
-0.363645
-0.367725
-0.371392
-0.374458
-0.376852
-0.378558
-0.379584
-0.379934
-0.379625
-0.37864
-0.376985
-0.374648
-0.37162
-0.367994
-0.363854
-0.359432
-0.355038
-0.351116
-0.348143
-0.346578
-0.346708
-0.348502
-0.351593
-0.355308
-0.358787
-0.361125
-0.361538
-0.359429
-0.354541
-0.34706
-0.337832
-0.328431
-0.320927
-0.317172
-0.31798
-0.322829
-0.330246
-0.338569
-0.346535
-0.3534
-0.35891
-0.363057
-0.365998
-0.36789
-0.36897
-0.369419
-0.36941
-0.369106
-0.368645
-0.368138
-0.367693
-0.367404
-0.367331
-0.367506
-0.367961
-0.368664
-0.369584
-0.370651
-0.371818
-0.372984
-0.374126
-0.375144
-0.375993
-0.376598
-0.376895
-0.376812
-0.376249
-0.375118
-0.373366
-0.370958
-0.367924
-0.364443
-0.360782
-0.357343
-0.3546
-0.352979
-0.352763
-0.353988
-0.356511
-0.359957
-0.36394
-0.368112
-0.37219
-0.375967
-0.37934
-0.382223
-0.384614
-0.386519
-0.387943
-0.388928
-0.389501
-0.389718
-0.389593
-0.389176
-0.38849
-0.387536
-0.386321
-0.384808
-0.382936
-0.380645
-0.377837
-0.374481
-0.370673
-0.366676
-0.36303
-0.360494
-0.359838
-0.361571
-0.365666
-0.371515
-0.378151
-0.384554
-0.389906
-0.393644
-0.39543
-0.395121
-0.392683
-0.388144
-0.381679
-0.3736
-0.364448
-0.35499
-0.346154
-0.33885
-0.333769
-0.331195
-0.330971
-0.332634
-0.335611
-0.339405
-0.343608
-0.347964
-0.352247
-0.356212
-0.359597
-0.362163
-0.363731
-0.36437
-0.364455
-0.364704
-0.365953
-0.368881
-0.373671
-0.379881
-0.386738
-0.393343
-0.399052
-0.403507
-0.40662
-0.408441
-0.409155
-0.408914
-0.407896
-0.406223
-0.404011
-0.401353
-0.398345
-0.395043
-0.391529
-0.387875
-0.38414
-0.380396
-0.376682
-0.373027
-0.369424
-0.365865
-0.362327
-0.3588
-0.355289
-0.351883
-0.348783
-0.346324
-0.344875
-0.344748
-0.346103
-0.348781
-0.352373
-0.356303
-0.359941
-0.36274
-0.364341
-0.36461
-0.363763
-0.362419
-0.361634
-0.362608
-0.36625
-0.372685
-0.381171
-0.390438
-0.399179
-0.40642
-0.411602
-0.414475
-0.414974
-0.413075
-0.408744
-0.401931
-0.392645
-0.381106
-0.367926
-0.354349
-0.342199
-0.333504
-0.329694
-0.33094
-0.33611
-0.343307
-0.350652
-0.356787
-0.360858
-0.362366
-0.360891
-0.356031
-0.347753
-0.337201
-0.327405
-0.32267
-0.326184
-0.337586
-0.353376
-0.369517
-0.383479
-0.394421
-0.402473
-0.408077
-0.411641
-0.413459
-0.41371
-0.412489
-0.409923
-0.406156
-0.401452
-0.396197
-0.390931
-0.38623
-0.382589
-0.380262
-0.379152
-0.378854
-0.378794
-0.378449
-0.377551
-0.376178
-0.374722
-0.373745
-0.373785
-0.375142
-0.377691
-0.381026
-0.384567
-0.387794
-0.390303
-0.391903
-0.392516
-0.392169
-0.39092
-0.388877
-0.386103
-0.382704
-0.37876
-0.374357
-0.369651
-0.364796
-0.35994
-0.355254
-0.350888
-0.346961
-0.343584
-0.34086
-0.338882
-0.337771
-0.337693
-0.338777
-0.341043
-0.344402
-0.348577
-0.353179
-0.357777
-0.361948
-0.36533
-0.367645
-0.368713
-0.368441
-0.366882
-0.364196
-0.360721
-0.356879
-0.35309
-0.349639
-0.346606
-0.343833
-0.341081
-0.338208
-0.335321
-0.332818
-0.331269
-0.331209
-0.332931
-0.336388
-0.341194
-0.34674
-0.352377
-0.357582
-0.361974
-0.36536
-0.367696
-0.369052
-0.369558
-0.36937
-0.368642
-0.367559
-0.366233
-0.364793
-0.363374
-0.362053
-0.360937
-0.360096
-0.359566
-0.359393
-0.359557
-0.360027
-0.360731
-0.361587
-0.36249
-0.363325
-0.363995
-0.364454
-0.364654
-0.364606
-0.364372
-0.364042
-0.363736
-0.363557
-0.363617
-0.363984
-0.364645
-0.365577
-0.366681
-0.367843
-0.36894
-0.369851
-0.370483
-0.370753
-0.370618
-0.370044
-0.369027
-0.367583
-0.365742
-0.363586
-0.361204
-0.358735
-0.356318
-0.354128
-0.352319
-0.35101
-0.350269
-0.350085
-0.350404
-0.351131
-0.352148
-0.35333
-0.354587
-0.355846
-0.357032
-0.358107
-0.359013
-0.359703
-0.360157
-0.360346
-0.360255
-0.359873
-0.359167
-0.358116
-0.356748
-0.35506
-0.353119
-0.350993
-0.348805
-0.346658
-0.344686
-0.342964
-0.341563
-0.340541
-0.339927
-0.339766
-0.340082
-0.340871
-0.342106
-0.343715
-0.345618
-0.347702
-0.349845
-0.351979
-0.354029
-0.355946
-0.357718
-0.359315
-0.360744
-0.362
-0.363075
-0.363956
-0.364625
-0.365048
-0.365194
-0.365003
-0.364412
-0.363367
-0.361826
-0.359738
-0.357091
-0.353946
-0.350424
-0.346728
-0.343209
-0.340254
-0.338309
-0.337706
-0.338603
-0.340919
-0.344326
-0.348344
-0.352437
-0.356119
-0.359052
-0.360991
-0.361806
-0.361458
-0.360001
-0.357626
-0.354666
-0.351656
-0.349286
-0.34821
-0.348829
-0.351052
-0.354273
-0.357586
-0.360059
-0.361056
-0.360384
-0.358327
-0.35548
-0.35257
-0.350143
-0.34839
-0.347138
-0.346067
-0.344951
-0.34387
-0.343159
-0.343265
-0.344513
-0.346889
-0.350034
-0.353382
-0.356354
-0.358557
-0.359879
-0.360501
-0.36085
-0.361483
-0.362917
-0.365495
-0.369255
-0.373951
-0.379146
-0.38436
-0.389203
-0.393412
-0.396909
-0.399711
-0.401911
-0.403634
-0.405006
-0.406109
-0.407015
-0.407709
-0.408172
-0.408343
-0.408158
-0.407568
-0.406576
-0.40523
-0.403645
-0.402036
-0.400671
-0.399847
-0.399803
-0.400729
-0.402636
-0.405457
-0.408982
-0.412984
-0.417266
-0.421635
-0.425941
-0.430086
-0.433991
-0.437604
-0.44084
-0.443662
-0.446013
-0.44784
-0.449081
-0.449667
-0.449545
-0.448659
-0.446967
-0.444464
-0.441235
-0.437429
-0.43328
-0.429159
-0.425463
-0.422591
-0.420837
-0.420366
-0.421133
-0.422934
-0.425398
-0.428035
-0.430201
-0.431316
-0.430856
-0.4286
-0.424781
-0.420131
-0.415856
-0.413322
-0.413555
-0.416899
-0.422909
-0.430659
-0.439184
-0.447682
-0.455548
-0.462377
-0.467839
-0.47174
-0.473957
-0.47451
-0.473538
-0.47126
-0.467959
-0.463893
-0.459231
-0.454059
-0.448356
-0.442094
-0.435348
-0.428448
-0.42207
-0.417098
-0.414358
-0.414304
-0.416796
-0.421174
-0.426553
-0.432082
-0.437145
-0.441323
-0.444419
-0.446373
-0.447258
-0.447195
-0.446348
-0.44492
-0.443077
-0.440926
-0.438554
-0.435891
-0.432829
-0.429262
-0.425103
-0.420385
-0.415307
-0.410174
-0.405342
-0.401113
-0.397663
-0.394958
-0.392819
-0.39099
-0.389226
-0.387402
-0.385526
-0.383738
-0.382246
-0.381263
-0.380919
-0.381246
-0.38214
-0.38339
-0.384712
-0.385824
-0.386513
-0.386609
-0.386041
-0.384846
-0.383128
-0.381006
-0.378615
-0.376077
-0.373485
-0.370913
-0.368409
-0.366029
-0.363787
-0.361698
-0.359701
-0.357706
-0.355599
-0.353211
-0.350376
-0.346985
-0.342987
-0.338392
-0.333355
-0.328175
-0.323264
-0.319106
-0.316137
-0.3146
-0.314409
-0.315207
-0.316498
-0.31785
-0.319025
-0.320036
-0.321037
-0.322215
-0.323697
-0.325506
-0.327538
-0.329608
-0.331534
-0.333187
-0.334484
-0.335383
-0.335907
-0.336108
-0.336015
-0.335687
-0.335174
-0.334503
-0.333721
-0.332838
-0.331872
-0.330816
-0.32969
-0.328486
-0.327188
-0.325804
-0.324334
-0.322785
-0.321166
-0.319455
-0.317659
-0.315762
-0.313751
-0.311599
-0.309283
-0.306795
-0.304115
-0.301268
-0.298306
-0.29531
-0.292415
-0.289761
-0.28752
-0.285836
-0.284861
-0.284651
-0.285247
-0.286577
-0.288569
-0.291093
-0.294012
-0.297161
-0.300404
-0.303633
-0.306736
-0.309658
-0.312348
-0.314787
-0.316977
-0.318922
-0.320638
-0.322144
-0.323461
-0.324637
-0.325688
-0.326639
-0.32751
-0.328317
-0.32906
-0.329752
-0.330369
-0.330902
-0.331326
-0.331598
-0.331683
-0.331534
-0.331112
-0.330404
-0.329429
-0.32822
-0.326913
-0.325641
-0.324591
-0.323932
-0.323752
-0.324028
-0.324632
-0.325344
-0.325941
-0.326218
-0.326054
-0.325445
-0.324436
-0.323154
-0.321697
-0.320165
-0.318625
-0.317133
-0.315785
-0.314756
-0.314188
-0.314253
-0.315024
-0.316462
-0.3184
-0.32059
-0.322788
-0.324799
-0.326523
-0.327982
-0.329302
-0.330686
-0.33233
-0.334359
-0.33683
-0.339716
-0.342926
-0.346346
-0.349875
-0.353408
-0.356894
-0.36029
-0.363566
-0.366699
-0.36965
-0.3724
-0.37492
-0.377165
-0.379105
-0.380692
-0.381901
-0.382723
-0.383137
-0.383136
-0.382748
-0.381978
-0.380875
-0.379485
-0.377897
-0.376214
-0.374572
-0.373093
-0.371924
-0.371166
-0.370909
-0.371125
-0.37177
-0.372735
-0.373906
-0.375139
-0.376329
-0.377406
-0.378345
-0.379128
-0.379762
-0.380282
-0.380742
-0.381171
-0.381628
-0.382163
-0.382837
-0.383672
-0.384698
-0.385927
-0.387342
-0.388903
-0.39057
-0.392293
-0.393997
-0.395632
-0.397149
-0.398523
-0.399744
-0.400839
-0.401864
-0.402888
-0.403971
-0.40521
-0.406644
-0.408321
-0.410237
-0.412346
-0.414584
-0.41685
-0.418997
-0.420856
-0.422216
-0.422903
-0.42271
-0.421531
-0.419315
-0.416163
-0.412326
-0.408207
-0.404378
-0.401421
-0.399882
-0.400102
-0.402161
-0.405894
-0.410864
-0.416488
-0.42219
-0.42742
-0.43176
-0.434895
-0.436633
-0.436829
-0.435401
-0.432328
-0.427637
-0.421475
-0.414132
-0.406041
-0.397805
-0.390144
-0.38372
-0.379089
-0.376499
-0.375869
-0.376801
-0.378627
-0.380571
-0.381935
-0.382252
-0.38144
-0.379732
-0.377644
-0.37584
-0.374939
-0.375384
-0.377395
-0.380928
-0.385755
-0.391498
-0.397705
-0.403926
-0.409755
-0.414839
-0.418912
-0.421813
-0.423415
-0.42378
-0.423023
-0.421384
-0.41926
-0.417115
-0.415449
-0.414654
-0.414916
-0.41617
-0.418123
-0.420338
-0.422362
-0.423807
-0.424331
-0.423691
-0.421734
-0.418391
-0.413707
-0.407865
-0.401215
-0.3943
-0.387719
-0.382002
-0.377462
-0.374161
-0.37198
-0.37078
-0.370451
-0.370914
-0.372051
-0.373604
-0.375237
-0.376573
-0.377295
-0.37724
-0.376422
-0.375042
-0.37342
-0.371912
-0.370815
-0.370295
-0.370432
-0.371243
-0.372749
-0.375005
-0.378031
-0.381813
-0.38622
-0.390981
-0.395738
-0.400088
-0.403654
-0.406148
-0.40735
-0.407157
-0.405546
-0.402526
-0.398229
-0.3928
-0.38652
-0.379765
-0.373086
-0.367176
-0.362743
-0.360419
-0.360533
-0.363076
-0.36764
-0.373593
-0.380213
-0.38684
-0.392989
-0.39833
-0.402732
-0.406146
-0.408612
-0.410209
-0.411026
-0.411138
-0.410597
-0.409462
-0.407768
-0.405571
-0.402955
-0.399983
-0.396747
-0.393336
-0.389888
-0.386491
-0.383275
-0.380324
-0.377697
-0.375392
-0.373384
-0.371598
-0.369956
-0.368349
-0.366719
-0.365013
-0.363215
-0.361359
-0.359438
-0.357473
-0.355434
-0.353335
-0.351177
-0.349043
-0.347091
-0.345514
-0.344509
-0.3442
-0.344611
-0.345602
-0.347003
-0.348576
-0.350162
-0.351652
-0.352996
-0.354202
-0.355284
-0.356228
-0.357004
-0.357615
-0.358073
-0.358412
-0.35875
-0.359162
-0.359732
-0.360494
-0.361425
-0.362399
-0.363283
-0.363846
-0.363846
-0.363043
-0.361148
-0.3579
-0.353044
-0.346389
-0.337902
-0.327872
-0.31708
-0.306887
-0.299017
-0.295004
-0.295439
-0.29972
-0.306364
-0.313763
-0.320697
-0.326522
-0.331033
-0.334335
-0.336671
-0.338262
-0.339341
-0.340087
-0.340646
-0.341074
-0.341421
-0.341703
-0.341913
-0.34205
-0.342136
-0.342167
-0.34214
-0.342043
-0.341867
-0.341552
-0.341013
-0.340099
-0.338618
-0.336338
-0.332996
-0.328287
-0.322017
-0.314224
-0.305361
-0.296557
-0.289501
-0.285991
-0.287122
-0.29258
-0.30091
-0.310232
-0.319039
-0.326474
-0.332278
-0.336545
-0.339537
-0.341565
-0.342885
-0.343728
-0.344267
-0.344636
-0.344905
-0.345118
-0.34531
-0.345456
-0.345556
-0.34558
-0.345482
-0.345242
-0.34484
-0.34429
-0.34363
-0.342878
-0.342109
-0.341338
-0.340606
-0.33989
-0.339156
-0.338326
-0.337294
-0.33597
-0.334266
-0.332109
-0.32946
-0.326352
-0.322885
-0.319232
-0.315659
-0.312498
-0.310109
-0.308808
-0.308853
-0.310342
-0.313227
-0.317307
-0.322279
-0.327755
-0.333373
-0.338782
-0.343705
-0.347931
-0.351346
-0.35385
-0.355417
-0.356045
-0.355755
-0.354625
-0.352769
-0.350366
-0.347668
-0.344965
-0.342572
-0.340766
-0.339685
-0.339341
-0.339573
-0.34012
-0.340671
-0.340982
-0.340845
-0.340171
-0.338955
-0.337278
-0.335243
-0.333005
-0.330721
-0.328536
-0.326557
-0.324815
-0.323293
-0.321896
-0.320484
-0.318917
-0.317118
-0.315158
-0.313297
-0.311955
-0.311606
-0.312527
-0.314688
-0.317626
-0.320627
-0.322942
-0.323952
-0.32328
-0.32082
-0.316729
-0.311349
-0.3052
-0.298965
-0.293363
-0.28907
-0.286585
-0.286074
-0.287399
-0.290177
-0.293904
-0.298097
-0.302356
-0.306433
-0.310175
-0.313489
-0.316283
-0.318483
-0.319996
-0.32071
-0.320539
-0.319415
-0.317365
-0.314528
-0.311148
-0.307577
-0.304188
-0.301301
-0.299058
-0.297323
-0.295744
-0.293877
-0.291374
-0.288098
-0.284191
-0.280064
-0.276227
-0.273174
-0.271225
-0.270462
-0.270719
-0.271668
-0.272907
-0.274004
-0.274641
-0.274592
-0.273797
-0.272207
-0.269742
-0.266205
-0.261343
-0.254947
-0.247212
-0.239078
-0.232327
-0.229103
-0.230823
-0.237236
-0.246551
-0.256424
-0.265079
-0.271682
-0.276135
-0.278735
-0.279949
-0.280235
-0.279971
-0.279411
-0.278718
-0.277963
-0.277169
-0.276307
-0.275314
-0.27411
-0.272614
-0.270757
-0.268471
-0.26572
-0.262489
-0.258831
-0.254838
-0.250642
-0.24638
-0.242156
-0.238
-0.233933
-0.230149
-0.227125
-0.22564
-0.226547
-0.230299
-0.236569
-0.244327
-0.252277
-0.259315
-0.26476
-0.268395
-0.270312
-0.27084
-0.270394
-0.269419
-0.268348
-0.267561
-0.267284
-0.267676
-0.268733
-0.270376
-0.272462
-0.274843
-0.277335
-0.279772
-0.281991
-0.283802
-0.285056
-0.285655
-0.285486
-0.284533
-0.282772
-0.28026
-0.277053
-0.273298
-0.2692
-0.26498
-0.260979
-0.257527
-0.254955
-0.253513
-0.253328
-0.254359
-0.256439
-0.25931
-0.262754
-0.266586
-0.27067
-0.274925
-0.279242
-0.283448
-0.28733
-0.290669
-0.293269
-0.294993
-0.295851
-0.295936
-0.295426
-0.294549
-0.293484
-0.292355
-0.291138
-0.289717
-0.28786
-0.285346
-0.281998
-0.277732
-0.27264
-0.266986
-0.26123
-0.255961
-0.251881
-0.24962
-0.249591
-0.251847
-0.255997
-0.261319
-0.266961
-0.272144
-0.27634
-0.279335
-0.281185
-0.282147
-0.282606
-0.282943
-0.283451
-0.28418
-0.284987
-0.285512
-0.285161
-0.283239
-0.278974
-0.2716
-0.260651
-0.246508
-0.231107
-0.218181
-0.211988
-0.214631
-0.224534
-0.237783
-0.250742
-0.261482
-0.269606
-0.275505
-0.279797
-0.283032
-0.285597
-0.287747
-0.289612
-0.291274
-0.292723
-0.293971
-0.294997
-0.295765
-0.296232
-0.296369
-0.296142
-0.295547
-0.294574
-0.293298
-0.291816
-0.290288
-0.288948
-0.288039
-0.28777
-0.288299
-0.28964
-0.291704
-0.294272
-0.297104
-0.299943
-0.302576
-0.304841
-0.30664
-0.307914
-0.308628
-0.308785
-0.308354
-0.307314
-0.305649
-0.303351
-0.300385
-0.296748
-0.292419
-0.287429
-0.281812
-0.275686
-0.269234
-0.262755
-0.256689
-0.251573
-0.24797
-0.246382
-0.247101
-0.250151
-0.255287
-0.262034
-0.269793
-0.277958
-0.286005
-0.293557
-0.300367
-0.306324
-0.311405
-0.315624
-0.319055
-0.321759
-0.323812
-0.325276
-0.326207
-0.32666
-0.326669
-0.326284
-0.325545
-0.324455
-0.323044
-0.321316
-0.31931
-0.317035
-0.314531
-0.311835
-0.309034
-0.306195
-0.303437
-0.300896
-0.298706
-0.29702
-0.295954
-0.295586
-0.295933
-0.296955
-0.298544
-0.300541
-0.30278
-0.305121
-0.307425
-0.309607
-0.311602
-0.313374
-0.314888
-0.316081
-0.31687
-0.317171
-0.316844
-0.315763
-0.31384
-0.311063
-0.307604
-0.303834
-0.300391
-0.298017
-0.297388
-0.298865
-0.302267
-0.307042
-0.312413
-0.317686
-0.322348
-0.326166
-0.329088
-0.331168
-0.332541
-0.333323
-0.333636
-0.333539
-0.333011
-0.331948
-0.330175
-0.327414
-0.323337
-0.317683
-0.31041
-0.301964
-0.293416
-0.286451
-0.282699
-0.282922
-0.286522
-0.291812
-0.296923
-0.30052
-0.302001
-0.301392
-0.299149
-0.295941
-0.292554
-0.28972
-0.288056
-0.287873
-0.28905
-0.291116
-0.293345
-0.29503
-0.295775
-0.29567
-0.295344
-0.295747
-0.297756
-0.301718
-0.307275
-0.313599
-0.319793
-0.325168
-0.329401
-0.33244
-0.334409
-0.335549
-0.33606
-0.336182
-0.336075
-0.335906
-0.335787
-0.335782
-0.335967
-0.336364
-0.336995
-0.337842
-0.338868
-0.34002
-0.341273
-0.342558
-0.343816
-0.344975
-0.345978
-0.346749
-0.347219
-0.347272
-0.346811
-0.34573
-0.343897
-0.341196
-0.337604
-0.333129
-0.328004
-0.322636
-0.317681
-0.313925
-0.312066
-0.31252
-0.315277
-0.319867
-0.325607
-0.331772
-0.337761
-0.343172
-0.347754
-0.35139
-0.35405
-0.355749
-0.356538
-0.356457
-0.355595
-0.354056
-0.35197
-0.349528
-0.346943
-0.344478
-0.342459
-0.341145
-0.340763
-0.3414
-0.343061
-0.345625
-0.348876
-0.352554
-0.356391
-0.36017
-0.363702
-0.366887
-0.369607
-0.371833
-0.373528
-0.374664
-0.37526
-0.375314
-0.374861
-0.373939
-0.372602
-0.370949
-0.369076
-0.367125
-0.365185
-0.363361
-0.361708
-0.360237
-0.358927
-0.357741
-0.356627
-0.355537
-0.354452
-0.353353
-0.352228
-0.351069
-0.34981
-0.34837
-0.346656
-0.344597
-0.342253
-0.339893
-0.338058
-0.337466
-0.338778
-0.34227
-0.347678
-0.354215
-0.360908
-0.366925
-0.371703
-0.374996
-0.376784
-0.377185
-0.37639
-0.374609
-0.372049
-0.368892
-0.365341
-0.361634
-0.358045
-0.354881
-0.352431
-0.350976
-0.350604
-0.35125
-0.352639
-0.354421
-0.356192
-0.35764
-0.358551
-0.358867
-0.358632
-0.357957
-0.356958
-0.355769
-0.354485
-0.353164
-0.351854
-0.350588
-0.349428
-0.348451
-0.34775
-0.347415
-0.347504
-0.348052
-0.349015
-0.350299
-0.351778
-0.353311
-0.354738
-0.355937
-0.356758
-0.357133
-0.357003
-0.356366
-0.355285
-0.353881
-0.352344
-0.350926
-0.34986
-0.349324
-0.349452
-0.350245
-0.351546
-0.353107
-0.354575
-0.355563
-0.355696
-0.35462
-0.352123
-0.348198
-0.34319
-0.337893
-0.333501
-0.331272
-0.332012
-0.335709
-0.34153
-0.348259
-0.354807
-0.360452
-0.364884
-0.368124
-0.370306
-0.371627
-0.372297
-0.372507
-0.372402
-0.372091
-0.371659
-0.371163
-0.370664
-0.370157
-0.369636
-0.369066
-0.368352
-0.367393
-0.366079
-0.364259
-0.361858
-0.358897
-0.355512
-0.352016
-0.348873
-0.346559
-0.345428
-0.345584
-0.346852
-0.34882
-0.351102
-0.353417
-0.355658
-0.357919
-0.360343
-0.363088
-0.366225
-0.369728
-0.373475
-0.377293
-0.38099
-0.384373
-0.387282
-0.389602
-0.391279
-0.392334
-0.392848
-0.392965
-0.392901
-0.392894
-0.393145
-0.393756
-0.394728
-0.395937
-0.397192
-0.398333
-0.399249
-0.399939
-0.400443
-0.400869
-0.401289
-0.401736
-0.402209
-0.402644
-0.402997
-0.403238
-0.4034
-0.403546
-0.403796
-0.404259
-0.405032
-0.40614
-0.407556
-0.409189
-0.410906
-0.412606
-0.414256
-0.41585
-0.417443
-0.419048
-0.420569
-0.421844
-0.422631
-0.4227
-0.421829
-0.41989
-0.41685
-0.412787
-0.40788
-0.402405
-0.396701
-0.39111
-0.385964
-0.381539
-0.378001
-0.37542
-0.373773
-0.372987
-0.37293
-0.373455
-0.374423
-0.375718
-0.377293
-0.379148
-0.381283
-0.383731
-0.38646
-0.389391
-0.392382
-0.395245
-0.397814
-0.399929
-0.40149
-0.402453
-0.402803
-0.402583
-0.40182
-0.400589
-0.398916
-0.396854
-0.394421
-0.391637
-0.388498
-0.385023
-0.381243
-0.377222
-0.373089
-0.369028
-0.365248
-0.361969
-0.359401
-0.357644
-0.356743
-0.356632
-0.357192
-0.358295
-0.359781
-0.361524
-0.363361
-0.365184
-0.366873
-0.368289
-0.369351
-0.369919
-0.369863
-0.369043
-0.367276
-0.364402
-0.360238
-0.354724
-0.348039
-0.340699
-0.333632
-0.328065
-0.32512
-0.325371
-0.32855
-0.333776
-0.33992
-0.34608
-0.351711
-0.356593
-0.3607
-0.364152
-0.367041
-0.369476
-0.371539
-0.373291
-0.374809
-0.376134
-0.377298
-0.378341
-0.379294
-0.380158
-0.380935
-0.381622
-0.382219
-0.38268
-0.382987
-0.383093
-0.382952
-0.382526
-0.381768
-0.380643
-0.379177
-0.377428
-0.37552
-0.373677
-0.372202
-0.371435
-0.371688
-0.373162
-0.375882
-0.379659
-0.38415
-0.388982
-0.393766
-0.398196
-0.402081
-0.40526
-0.407654
-0.409208
-0.409874
-0.409621
-0.408448
-0.406399
-0.403597
-0.400294
-0.396863
-0.393731
-0.391315
-0.389862
-0.389379
-0.389631
-0.390249
-0.390882
-0.391371
-0.391693
-0.392024
-0.392601
-0.39364
-0.39526
-0.397472
-0.400175
-0.40319
-0.406323
-0.409399
-0.412266
-0.414825
-0.417024
-0.41885
-0.420305
-0.421419
-0.422216
-0.422718
-0.422951
-0.422951
-0.422753
-0.422374
-0.421837
-0.421157
-0.420329
-0.419302
-0.418037
-0.416448
-0.414455
-0.412022
-0.409156
-0.405908
-0.402434
-0.398967
-0.395814
-0.393272
-0.391669
-0.391237
-0.392077
-0.394116
-0.397101
-0.400635
-0.404285
-0.407638
-0.410341
-0.412201
-0.413104
-0.413055
-0.412138
-0.410508
-0.408425
-0.406232
-0.404352
-0.40326
-0.403326
-0.40482
-0.407702
-0.411708
-0.416454
-0.421431
-0.426256
-0.430624
-0.434364
-0.437406
-0.43972
-0.441304
-0.442144
-0.442196
-0.441344
-0.439416
-0.436178
-0.431408
-0.424949
-0.416889
-0.407719
-0.398502
-0.390727
-0.385836
-0.38457
-0.386587
-0.390722
-0.395605
-0.400175
-0.403819
-0.406335
-0.40772
-0.408075
-0.407525
-0.40622
-0.4043
-0.401896
-0.399111
-0.396056
-0.392815
-0.389558
-0.386531
-0.384106
-0.382684
-0.382654
-0.384213
-0.387282
-0.391512
-0.396336
-0.401261
-0.40588
-0.409928
-0.413286
-0.415888
-0.417684
-0.418572
-0.418421
-0.417034
-0.414225
-0.409892
-0.404152
-0.397412
-0.390471
-0.38437
-0.380168
-0.378606
-0.379803
-0.383253
-0.388034
-0.393149
-0.397765
-0.401323
-0.403583
-0.40447
-0.404077
-0.402603
-0.400292
-0.397476
-0.394479
-0.391613
-0.38917
-0.387329
-0.386164
-0.385684
-0.385853
-0.386685
-0.388236
-0.390634
-0.393964
-0.398179
-0.403059
-0.408225
-0.413241
-0.417718
-0.421393
-0.424214
-0.426264
-0.427716
-0.428807
-0.429735
-0.430642
-0.431552
-0.432374
-0.432883
-0.432746
-0.431598
-0.428995
-0.424536
-0.417902
-0.409157
-0.398971
-0.389008
-0.381614
-0.378828
-0.381126
-0.387124
-0.394444
-0.401053
-0.405968
-0.409153
-0.411155
-0.412646
-0.414199
-0.416036
-0.418188
-0.420474
-0.422684
-0.424627
-0.426198
-0.427335
-0.428038
-0.428327
-0.42825
-0.427886
-0.427297
-0.426544
-0.425662
-0.424657
-0.423493
-0.422094
-0.420372
-0.418278
-0.415813
-0.413046
-0.410068
-0.407001
-0.403908
-0.400749
-0.397406
-0.393712
-0.389531
-0.384932
-0.380226
-0.376007
-0.373025
-0.37205
-0.373559
-0.377582
-0.383639
-0.39092
-0.398469
-0.405428
-0.411124
-0.415163
-0.417309
-0.417472
-0.41567
-0.412008
-0.406696
-0.400048
-0.392568
-0.384912
-0.377852
-0.372148
-0.368391
-0.366875
-0.367534
-0.370023
-0.373893
-0.37864
-0.383858
-0.389258
-0.394624
-0.399769
-0.404562
-0.408864
-0.412587
-0.415662
-0.418069
-0.419788
-0.42083
-0.421217
-0.420957
-0.420056
-0.41849
-0.416251
-0.413278
-0.409518
-0.404908
-0.399397
-0.392966
-0.385595
-0.37739
-0.368554
-0.359476
-0.350777
-0.343261
-0.337812
-0.335163
-0.335655
-0.339117
-0.344971
-0.352381
-0.360486
-0.36856
-0.376089
-0.382714
-0.388258
-0.392685
-0.395985
-0.398227
-0.399501
-0.399924
-0.399625
-0.398735
-0.397395
-0.395754
-0.393982
-0.392201
-0.390539
-0.38908
-0.387849
-0.386781
-0.385743
-0.384512
-0.382808
-0.380303
-0.376744
-0.372039
-0.36641
-0.36046
-0.355105
-0.351366
-0.349906
-0.350799
-0.353559
-0.357446
-0.361829
-0.366402
-0.371115
-0.376035
-0.381205
-0.386554
-0.391956
-0.397288
-0.40238
-0.40703
-0.410996
-0.414022
-0.415863
-0.416333
-0.415254
-0.41252
-0.408069
-0.401899
-0.394096
-0.38495
-0.375028
-0.365252
-0.356824
-0.350937
-0.348318
-0.348804
-0.351435
-0.354845
-0.357767
-0.359481
-0.359905
-0.359542
-0.359295
-0.360092
-0.362597
-0.36698
-0.37291
-0.379706
-0.386648
-0.393139
-0.398822
-0.403581
-0.407441
-0.410545
-0.413043
-0.415081
-0.416778
-0.418207
-0.419388
-0.420297
-0.420904
-0.421128
-0.420883
-0.420085
-0.418615
-0.416407
-0.413418
-0.409639
-0.405212
-0.400387
-0.395525
-0.391062
-0.387428
-0.38487
-0.383422
-0.382894
-0.382957
-0.383208
-0.383327
-0.383094
-0.382413
-0.381379
-0.380253
-0.379392
-0.379245
-0.380101
-0.382073
-0.384985
-0.388494
-0.392195
-0.395759
-0.398955
-0.401624
-0.403688
-0.405119
-0.405894
-0.406032
-0.405588
-0.404629
-0.403246
-0.401577
-0.399831
-0.39825
-0.397102
-0.396642
-0.397065
-0.398518
-0.401167
-0.405179
-0.410577
-0.417181
-0.424401
-0.43138
-0.437174
-0.440955
-0.442122
-0.440388
-0.435788
-0.428739
-0.420049
-0.410781
-0.402115
-0.395034
-0.390138
-0.387684
-0.387621
-0.389615
-0.39314
-0.397513
-0.402251
-0.407088
-0.412082
-0.417364
-0.423097
-0.429247
-0.43562
-0.441894
-0.447699
-0.452701
-0.456647
-0.459432
-0.461044
-0.461601
-0.461296
-0.460322
-0.458878
-0.457099
-0.455006
-0.452546
-0.449603
-0.445978
-0.441566
-0.436496
-0.431369
-0.427241
-0.425384
-0.426638
-0.430948
-0.437402
-0.444731
-0.451899
-0.458366
-0.464006
-0.46892
-0.473253
-0.477098
-0.480494
-0.483414
-0.485854
-0.487778
-0.489165
-0.489973
-0.490201
-0.489783
-0.488691
-0.486923
-0.484489
-0.481445
-0.477894
-0.473968
-0.469804
-0.465485
-0.461093
-0.456692
-0.452484
-0.448812
-0.446172
-0.445046
-0.445637
-0.447733
-0.450763
-0.453985
-0.456789
-0.45882
-0.460003
-0.460466
-0.460419
-0.460087
-0.45963
-0.459119
-0.458557
-0.457887
-0.457089
-0.4561
-0.454948
-0.453643
-0.452229
-0.450729
-0.449154
-0.447474
-0.445659
-0.443677
-0.441525
-0.439254
-0.436984
-0.434845
-0.432924
-0.431197
-0.429516
-0.427586
-0.425101
-0.421926
-0.418142
-0.414087
-0.41031
-0.407353
-0.405561
-0.404984
-0.40538
-0.40634
-0.407496
-0.408566
-0.409449
-0.410185
-0.41091
-0.411834
-0.413157
-0.415032
-0.417447
-0.420256
-0.423156
-0.425751
-0.427614
-0.42833
-0.427564
-0.425012
-0.420503
-0.413967
-0.405611
-0.396062
-0.386533
-0.378753
-0.374538
-0.374761
-0.378821
-0.384911
-0.391008
-0.395675
-0.398365
-0.399278
-0.399063
-0.398455
-0.398066
-0.398175
-0.398637
-0.398965
-0.39851
-0.396632
-0.39294
-0.387322
-0.379982
-0.371465
-0.362645
-0.354843
-0.349691
-0.348888
-0.353396
-0.362858
-0.375572
-0.389245
-0.401885
-0.412287
-0.420019
-0.425187
-0.428154
-0.429349
-0.429148
-0.427868
-0.425744
-0.422937
-0.419581
-0.415726
-0.411438
-0.406758
-0.401742
-0.39648
-0.39111
-0.385831
-0.380926
-0.376676
-0.373356
-0.37119
-0.370212
-0.370313
-0.371189
-0.372451
-0.373745
-0.374842
-0.37571
-0.376521
-0.377579
-0.37921
-0.381617
-0.384836
-0.388709
-0.392922
-0.39709
-0.400808
-0.403769
-0.405747
-0.406671
-0.406611
-0.405797
-0.404539
-0.403221
-0.402215
-0.401887
-0.402478
-0.404085
-0.406667
-0.410059
-0.414018
-0.418271
-0.422526
-0.426558
-0.430192
-0.433303
-0.435831
-0.437728
-0.439036
-0.439765
-0.440015
-0.439851
-0.439372
-0.438687
-0.437904
-0.437129
-0.436446
-0.435932
-0.435623
-0.435553
-0.435713
-0.436102
-0.436679
-0.437375
-0.43819
-0.439063
-0.439977
-0.440918
-0.441883
-0.442877
-0.443909
-0.444961
-0.446052
-0.447158
-0.448271
-0.449348
-0.450374
-0.451305
-0.452091
-0.452665
-0.452968
-0.452917
-0.452424
-0.451392
-0.449728
-0.44733
-0.444107
-0.439989
-0.434949
-0.429022
-0.422388
-0.415384
-0.408562
-0.402659
-0.39847
-0.396594
-0.397212
-0.39994
-0.403924
-0.408089
-0.411463
-0.413326
-0.413328
-0.411526
-0.408359
-0.404546
-0.400982
-0.398517
-0.397668
-0.398498
-0.400668
-0.403579
-0.406632
-0.409366
-0.411484
-0.412868
-0.413469
-0.413359
-0.412685
-0.411655
-0.410533
-0.409579
-0.408996
-0.408893
-0.409189
-0.409719
-0.41023
-0.410467
-0.410205
-0.409283
-0.407603
-0.405133
-0.401863
-0.397783
-0.392878
-0.387033
-0.380115
-0.371915
-0.36238
-0.351806
-0.341184
-0.332304
-0.327247
-0.327318
-0.332183
-0.340028
-0.348659
-0.356474
-0.362786
-0.367611
-0.371294
-0.374251
-0.376788
-0.379045
-0.381074
-0.38286
-0.38436
-0.385538
-0.386346
-0.386768
-0.386792
-0.386387
-0.385493
-0.384081
-0.382071
-0.379386
-0.37594
-0.371683
-0.366606
-0.360815
-0.35454
-0.348155
-0.342208
-0.3373
-0.333978
-0.332636
-0.333374
-0.336038
-0.340225
-0.3454
-0.351005
-0.356544
-0.361621
-0.366
-0.36961
-0.372509
-0.374809
-0.376647
-0.378148
-0.379347
-0.380227
-0.38073
-0.380764
-0.38027
-0.379236
-0.377743
-0.375953
-0.374089
-0.372422
-0.371237
-0.370745
-0.371101
-0.372346
-0.374416
-0.377182
-0.380437
-0.383968
-0.38756
-0.390965
-0.393948
-0.39624
-0.397555
-0.397624
-0.396183
-0.393038
-0.388167
-0.381813
-0.374633
-0.367681
-0.362265
-0.359457
-0.359641
-0.362312
-0.366282
-0.37022
-0.373073
-0.374296
-0.373834
-0.371961
-0.36913
-0.365839
-0.362596
-0.359897
-0.358287
-0.358239
-0.360035
-0.363593
-0.368409
-0.373718
-0.37875
-0.382909
-0.385874
-0.387574
-0.388139
-0.387815
-0.386879
-0.385666
-0.384523
-0.383822
-0.383895
-0.384986
-0.387179
-0.390369
-0.394332
-0.398726
-0.403216
-0.407525
-0.411485
-0.414981
-0.41798
-0.420445
-0.422386
-0.423793
-0.424618
-0.424809
-0.424279
-0.422905
-0.420542
-0.417054
-0.412355
-0.406556
-0.399995
-0.393339
-0.387567
-0.383727
-0.382569
-0.384261
-0.388301
-0.393798
-0.399817
-0.405652
-0.410819
-0.415159
-0.41858
-0.421108
-0.422761
-0.423592
-0.423681
-0.423119
-0.422041
-0.420566
-0.418847
-0.417014
-0.415167
-0.413401
-0.411761
-0.410276
-0.408966
-0.407854
-0.407006
-0.406525
-0.406472
-0.406878
-0.407686
-0.408743
-0.409848
-0.410849
-0.411659
-0.412313
-0.412912
-0.413553
-0.414252
-0.41491
-0.415372
-0.415543
-0.415429
-0.41513
-0.414827
-0.414612
-0.414436
-0.414078
-0.413188
-0.411426
-0.408504
-0.404218
-0.398398
-0.390866
-0.381456
-0.370123
-0.357285
-0.344061
-0.332399
-0.32466
-0.322729
-0.327109
-0.33671
-0.349628
-0.363923
-0.378201
-0.391601
-0.403645
-0.414019
-0.422549
-0.429194
-0.433985
-0.437039
-0.438514
-0.438585
-0.437434
-0.435233
-0.432147
-0.428311
-0.423901
-0.419106
-0.414117
-0.409181
-0.404549
-0.400475
-0.397194
-0.394862
-0.393596
-0.393405
-0.394225
-0.395931
-0.39834
-0.401241
-0.404429
-0.407728
-0.410977
-0.414084
-0.416993
-0.419689
-0.422183
-0.424504
-0.426632
-0.428524
-0.430052
-0.431022
-0.431164
-0.43014
-0.427548
-0.422998
-0.416187
-0.407139
-0.396482
-0.385687
-0.377048
-0.372828
-0.374031
-0.379728
-0.387543
-0.394969
-0.400325
-0.402974
-0.403067
-0.401215
-0.398212
-0.394866
-0.391869
-0.389768
-0.388944
-0.389624
-0.391847
-0.39549
-0.400287
-0.40584
-0.411723
-0.417516
-0.422897
-0.427645
-0.431618
-0.434726
-0.436973
-0.438363
-0.438948
-0.438787
-0.437969
-0.436627
-0.43493
-0.433072
-0.431274
-0.429701
-0.428499
-0.427712
-0.427265
-0.427072
-0.426975
-0.426828
-0.426509
-0.42597
-0.425193
-0.424222
-0.423146
-0.422087
-0.421193
-0.420624
-0.420535
-0.421057
-0.422275
-0.424185
-0.426699
-0.429637
-0.432756
-0.435803
-0.438515
-0.440674
-0.44211
-0.44275
-0.442582
-0.441707
-0.44032
-0.438747
-0.437368
-0.436584
-0.436749
-0.438047
-0.440532
-0.444032
-0.448266
-0.452873
-0.457486
-0.461789
-0.465527
-0.468515
-0.470648
-0.471825
-0.472031
-0.471233
-0.469465
-0.46678
-0.463272
-0.459071
-0.454397
-0.449478
-0.44461
-0.440056
-0.436102
-0.432955
-0.430782
-0.429759
-0.430027
-0.431722
-0.43497
-0.439746
-0.445782
-0.452597
-0.459584
-0.466162
-0.471941
-0.4767
-0.480444
-0.483301
-0.485469
-0.487143
-0.488539
-0.489846
-0.49117
-0.4926
-0.494111
-0.495641
-0.497048
-0.498127
-0.49866
-0.498445
-0.497348
-0.495269
-0.492199
-0.488269
-0.483702
-0.4788
-0.473869
-0.469133
-0.464648
-0.460365
-0.456118
-0.451771
-0.447319
-0.442839
-0.438542
-0.434726
-0.431684
-0.429678
-0.42885
-0.429213
-0.43062
-0.432824
-0.435519
-0.438367
-0.441086
-0.443411
-0.445203
-0.446394
-0.447025
-0.44726
-0.447358
-0.447635
-0.448459
-0.450104
-0.452737
-0.456324
-0.460685
-0.4655
-0.470402
-0.475069
-0.479248
-0.482754
-0.485526
-0.487551
-0.488831
-0.489424
-0.489347
-0.488623
-0.487251
-0.485199
-0.482401
-0.478758
-0.474195
-0.468653
-0.462121
-0.454726
-0.446814
-0.438957
-0.431906
-0.42647
-0.423218
-0.422344
-0.423541
-0.426176
-0.42953
-0.432958
-0.436004
-0.438403
-0.44005
-0.440948
-0.441148
-0.44077
-0.439947
-0.438919
-0.437992
-0.437486
-0.437684
-0.438751
-0.440663
-0.443256
-0.446274
-0.449451
-0.452555
-0.45542
-0.45791
-0.459909
-0.461284
-0.461935
-0.461729
-0.46055
-0.458282
-0.454861
-0.450278
-0.444589
-0.437942
-0.430578
-0.422863
-0.415298
-0.408467
-0.402994
-0.399428
-0.398112
-0.399076
-0.402024
-0.406446
-0.411727
-0.417334
-0.422833
-0.427983
-0.432673
-0.436884
-0.440657
-0.444055
-0.447145
-0.44997
-0.452541
-0.454849
-0.456864
-0.45855
-0.459846
-0.460731
-0.461166
-0.46119
-0.460833
-0.460198
-0.459411
-0.458615
-0.457991
-0.457673
-0.457763
-0.458293
-0.459237
-0.460492
-0.461935
-0.46341
-0.464776
-0.465926
-0.466755
-0.467199
-0.467216
-0.466751
-0.465772
-0.464228
-0.462074
-0.45925
-0.455707
-0.451366
-0.446167
-0.440059
-0.433095
-0.42542
-0.417409
-0.409642
-0.402931
-0.398164
-0.396167
-0.39741
-0.4019
-0.40904
-0.417869
-0.427267
-0.436194
-0.44392
-0.450012
-0.454315
-0.456863
-0.457837
-0.457488
-0.45615
-0.454226
-0.452127
-0.450254
-0.448932
-0.448391
-0.448692
-0.449796
-0.451536
-0.453703
-0.456071
-0.458442
-0.460651
-0.462575
-0.464125
-0.465207
-0.465792
-0.465884
-0.465523
-0.464783
-0.463805
-0.462757
-0.461867
-0.461304
-0.461191
-0.461518
-0.462174
-0.46297
-0.463636
-0.463916
-0.463631
-0.46267
-0.46103
-0.458845
-0.456351
-0.453934
-0.452041
-0.45116
-0.451713
-0.45395
-0.457757
-0.462745
-0.468327
-0.473849
-0.478824
-0.482946
-0.486058
-0.488186
-0.489398
-0.489811
-0.489538
-0.488676
-0.487286
-0.485426
-0.483137
-0.48045
-0.477464
-0.474315
-0.471244
-0.468534
-0.46652
-0.465485
-0.465612
-0.466859
-0.469002
-0.471613
-0.474242
-0.476531
-0.478296
-0.479538
-0.480448
-0.481364
-0.482645
-0.484695
-0.487877
-0.492367
-0.498112
-0.504867
-0.51223
-0.519744
-0.526951
-0.533448
-0.538885
-0.542943
-0.545305
-0.545619
-0.543526
-0.538814
-0.531622
-0.522816
-0.514126
-0.507864
-0.505868
-0.508428
-0.514174
-0.521033
-0.527335
-0.53239
-0.536309
-0.539605
-0.542839
-0.546354
-0.550213
-0.55418
-0.557845
-0.560741
-0.562409
-0.562537
-0.560988
-0.557787
-0.553143
-0.547473
-0.541411
-0.535688
-0.531119
-0.528486
-0.528332
-0.530901
-0.536056
-0.543302
-0.55192
-0.561086
-0.570078
-0.578301
-0.585328
-0.590962
-0.595116
-0.597799
-0.599119
-0.599154
-0.598031
-0.595849
-0.59273
-0.588749
-0.584051
-0.578746
-0.573007
-0.567019
-0.561038
-0.555312
-0.550129
-0.545742
-0.542362
-0.540145
-0.539167
-0.539371
-0.540572
-0.542416
-0.544398
-0.546008
-0.546822
-0.546656
-0.545638
-0.544152
-0.542716
-0.541738
-0.541339
-0.541305
-0.541372
-0.541329
-0.541221
-0.541194
-0.541372
-0.541672
-0.541754
-0.541141
-0.539384
-0.536133
-0.531301
-0.525052
-0.517849
-0.510541
-0.504282
-0.500368
-0.499791
-0.502807
-0.508725
-0.516183
-0.523765
-0.530378
-0.535438
-0.538739
-0.54033
-0.54032
-0.53883
-0.535966
-0.531784
-0.526388
-0.519982
-0.512959
-0.505981
-0.499892
-0.495584
-0.49368
-0.49426
-0.496855
-0.500577
-0.504458
-0.507688
-0.509792
-0.510557
-0.510054
-0.508523
-0.506347
-0.503926
-0.501657
-0.499843
-0.498653
-0.4981
-0.498075
-0.498419
-0.498975
-0.499619
-0.500301
-0.50101
-0.501768
-0.502579
-0.503458
-0.50436
-0.505235
-0.505979
-0.506468
-0.506563
-0.506096
-0.504896
-0.502797
-0.499669
-0.495423
-0.48999
-0.483388
-0.475742
-0.467303
-0.458584
-0.450404
-0.443795
-0.439789
-0.439024
-0.441566
-0.446969
-0.45446
-0.463154
-0.472145
-0.480619
-0.487908
-0.493573
-0.49741
-0.499354
-0.499473
-0.497901
-0.494843
-0.490567
-0.485392
-0.479717
-0.474
-0.468731
-0.464355
-0.461191
-0.459323
-0.45862
-0.45876
-0.459391
-0.460163
-0.460912
-0.461581
-0.462235
-0.463018
-0.464074
-0.4655
-0.467281
-0.469275
-0.471225
-0.472891
-0.474142
-0.47501
-0.475716
-0.47656
-0.477794
-0.479533
-0.481679
-0.483971
-0.485986
-0.487247
-0.487262
-0.485593
-0.481904
-0.47611
-0.468578
-0.460407
-0.453353
-0.449459
-0.450117
-0.45525
-0.463453
-0.472747
-0.481497
-0.488733
-0.494145
-0.497782
-0.499825
-0.500475
-0.499888
-0.498146
-0.495264
-0.491249
-0.486101
-0.479857
-0.472633
-0.464703
-0.456476
-0.448541
-0.441559
-0.436158
-0.432792
-0.431646
-0.432614
-0.435415
-0.439599
-0.444613
-0.449849
-0.454698
-0.458704
-0.461588
-0.463338
-0.464162
-0.464391
-0.464414
-0.464557
-0.465026
-0.465878
-0.467008
-0.46825
-0.469345
-0.470105
-0.470429
-0.470374
-0.470145
-0.470033
-0.470445
-0.471717
-0.47404
-0.477426
-0.481676
-0.486492
-0.491487
-0.496263
-0.500518
-0.503992
-0.506466
-0.507801
-0.507876
-0.506644
-0.504097
-0.500345
-0.495629
-0.490362
-0.485098
-0.480463
-0.477002
-0.475047
-0.474615
-0.475404
-0.476907
-0.478545
-0.479782
-0.480196
-0.479568
-0.477923
-0.475504
-0.472751
-0.470205
-0.468361
-0.467554
-0.467872
-0.469207
-0.471292
-0.473798
-0.47643
-0.478944
-0.481201
-0.483129
-0.484788
-0.486292
-0.48782
-0.48951
-0.491416
-0.493416
-0.495236
-0.496514
-0.496826
-0.495792
-0.493149
-0.488838
-0.483073
-0.476403
-0.469706
-0.464078
-0.460527
-0.459639
-0.461461
-0.465532
-0.471147
-0.477513
-0.483936
-0.489795
-0.494617
-0.498063
-0.499984
-0.500395
-0.499511
-0.497684
-0.495403
-0.493219
-0.491617
-0.490937
-0.491311
-0.492639
-0.494687
-0.497105
-0.499566
-0.501819
-0.503682
-0.505054
-0.505915
-0.506275
-0.506146
-0.505506
-0.504298
-0.502445
-0.499827
-0.496342
-0.491998
-0.486994
-0.481802
-0.477097
-0.473597
-0.471754
-0.471618
-0.47281
-0.474726
-0.476867
-0.478895
-0.480774
-0.482608
-0.484551
-0.486723
-0.489213
-0.492014
-0.495083
-0.498309
-0.501563
-0.50466
-0.507376
-0.509522
-0.510903
-0.511345
-0.510749
-0.509098
-0.506491
-0.503228
-0.499743
-0.49662
-0.494406
-0.493478
-0.493913
-0.495484
-0.497745
-0.500202
-0.502459
-0.504281
-0.50557
-0.506324
-0.506582
-0.506397
-0.505804
-0.504793
-0.503356
-0.501414
-0.498896
-0.495715
-0.491801
-0.487071
-0.481477
-0.474993
-0.467653
-0.459534
-0.450854
-0.441972
-0.433459
-0.426149
-0.421043
-0.419085
-0.420669
-0.425438
-0.432342
-0.440027
-0.447369
-0.453624
-0.458483
-0.461985
-0.464391
-0.46608
-0.467483
-0.469012
-0.470968
-0.473493
-0.476567
-0.480004
-0.483527
-0.486846
-0.489675
-0.491824
-0.493161
-0.493671
-0.493431
-0.492571
-0.491226
-0.489508
-0.487409
-0.48485
-0.481655
-0.477633
-0.472702
-0.466933
-0.460679
-0.45454
-0.449316
-0.445838
-0.44475
-0.446311
-0.450278
-0.455925
-0.462278
-0.468416
-0.473635
-0.477565
-0.480124
-0.481408
-0.48161
-0.48092
-0.47949
-0.477466
-0.474988
-0.472316
-0.469824
-0.46798
-0.467159
-0.467508
-0.468761
-0.470326
-0.471469
-0.471635
-0.470611
-0.468691
-0.466567
-0.465209
-0.465499
-0.467885
-0.472223
-0.477805
-0.483632
-0.488776
-0.492482
-0.494253
-0.493772
-0.490877
-0.485535
-0.477905
-0.468455
-0.458056
-0.448024
-0.43991
-0.43512
-0.434383
-0.437449
-0.443183
-0.450083
-0.456896
-0.462937
-0.468152
-0.472851
-0.477456
-0.482268
-0.48736
-0.492578
-0.497631
-0.502185
-0.505972
-0.508776
-0.510453
-0.510926
-0.510158
-0.508156
-0.504957
-0.500651
-0.495458
-0.489677
-0.483711
-0.478054
-0.473173
-0.469471
-0.467182
-0.466316
-0.466778
-0.468334
-0.470723
-0.473686
-0.47698
-0.480358
-0.483647
-0.486703
-0.489389
-0.491628
-0.493344
-0.494477
-0.494974
-0.494837
-0.494147
-0.493022
-0.491711
-0.490548
-0.489842
-0.489905
-0.490924
-0.492968
-0.495991
-0.499731
-0.503812
-0.507783
-0.511186
-0.513642
-0.514911
-0.514899
-0.513657
-0.511329
-0.508197
-0.504567
-0.500786
-0.497201
-0.494093
-0.491669
-0.489932
-0.488797
-0.488013
-0.487222
-0.486017
-0.483984
-0.480743
-0.476012
-0.469722
-0.462145
-0.453957
-0.44639
-0.441057
-0.439533
-0.442658
-0.450073
-0.460389
-0.471771
-0.482599
-0.491837
-0.499014
-0.504112
-0.507325
-0.508933
-0.509244
-0.508513
-0.506965
-0.504774
-0.502086
-0.499025
-0.495695
-0.492159
-0.488486
-0.48475
-0.481028
-0.477415
-0.474043
-0.471091
-0.468726
-0.467129
-0.466388
-0.46647
-0.467195
-0.468206
-0.468976
-0.468939
-0.467562
-0.464404
-0.459321
-0.452611
-0.445116
-0.438124
-0.433009
-0.430718
-0.431451
-0.43469
-0.439573
-0.445237
-0.451013
-0.45643
-0.461225
-0.465254
-0.468532
-0.471111
-0.47309
-0.474542
-0.475463
-0.475787
-0.47539
-0.474116
-0.471861
-0.468582
-0.464349
-0.459344
-0.453916
-0.448492
-0.443545
-0.439531
-0.436776
-0.435428
-0.435466
-0.436664
-0.438677
-0.441092
-0.443498
-0.445524
-0.44679
-0.447
-0.445945
-0.443498
-0.439734
-0.43499
-0.429882
-0.425286
-0.42207
-0.420855
-0.421737
-0.424318
-0.427907
-0.431747
-0.435249
-0.43804
-0.439917
-0.440843
-0.440877
-0.440158
-0.438853
-0.437158
-0.435273
-0.433364
-0.431575
-0.430017
-0.428774
-0.427839
-0.427217
-0.426888
-0.426778
-0.426822
-0.426983
-0.427212
-0.427452
-0.427636
-0.427728
-0.42768
-0.427418
-0.426897
-0.426047
-0.424798
-0.423085
-0.420852
-0.418082
-0.414756
-0.410919
-0.406655
-0.402115
-0.397472
-0.392935
-0.388707
-0.384954
-0.381759
-0.379137
-0.376981
-0.375079
-0.373201
-0.371107
-0.368633
-0.365754
-0.362657
-0.359627
-0.357117
-0.355635
-0.355624
-0.357373
-0.360936
-0.366059
-0.372242
-0.37884
-0.385188
-0.390737
-0.395113
-0.398139
-0.399755
-0.400025
-0.399106
-0.397242
-0.394743
-0.392003
-0.389415
-0.387401
-0.386271
-0.3862
-0.387166
-0.389009
-0.39146
-0.394226
-0.397031
-0.399682
-0.402056
-0.404098
-0.40579
-0.407143
-0.408174
-0.408913
-0.409366
-0.409523
-0.409341
-0.408776
-0.407748
-0.406189
-0.404035
-0.401259
-0.397942
-0.39431
-0.390716
-0.387676
-0.385706
-0.385139
-0.386068
-0.388214
-0.3911
-0.394183
-0.396994
-0.399225
-0.400729
-0.401443
-0.401426
-0.400789
-0.399648
-0.398158
-0.396544
-0.395012
-0.393785
-0.393061
-0.39298
-0.393619
-0.394963
-0.39691
-0.399326
-0.402068
-0.404989
-0.407968
-0.410915
-0.413796
-0.416565
-0.419186
-0.421661
-0.423937
-0.426011
-0.427859
-0.42944
-0.43069
-0.431554
-0.431908
-0.431631
-0.430527
-0.428383
-0.424962
-0.420062
-0.413612
-0.405811
-0.397253
-0.389011
-0.382465
-0.378891
-0.378888
-0.382137
-0.387575
-0.393879
-0.400064
-0.405565
-0.410265
-0.414276
-0.417739
-0.420797
-0.423512
-0.425897
-0.427952
-0.429648
-0.430946
-0.43185
-0.432352
-0.432494
-0.432322
-0.431932
-0.431447
-0.430992
-0.430696
-0.430633
-0.430872
-0.431428
-0.432288
-0.433426
-0.434752
-0.436202
-0.437685
-0.439116
-0.440413
-0.441489
-0.442263
-0.442713
-0.442746
-0.4423
-0.441299
-0.43969
-0.437418
-0.434424
-0.430716
-0.426337
-0.421387
-0.416064
-0.410688
-0.40564
-0.401372
-0.398311
-0.396784
-0.396874
-0.398403
-0.400892
-0.403574
-0.405526
-0.405824
-0.403795
-0.399298
-0.393
-0.386484
-0.381762
-0.380436
-0.382796
-0.387889
-0.39419
-0.400433
-0.40588
-0.410251
-0.413445
-0.415467
-0.416351
-0.416186
-0.415165
-0.413561
-0.411684
-0.409858
-0.408366
-0.407392
-0.407009
-0.407179
-0.407784
-0.408679
-0.409734
-0.410822
-0.411911
-0.412924
-0.413845
-0.414641
-0.415292
-0.415783
-0.416092
-0.416189
-0.416046
-0.415658
-0.414981
-0.414007
-0.412707
-0.411083
-0.409127
-0.406867
-0.404373
-0.401769
-0.399279
-0.397135
-0.395608
-0.394908
-0.395113
-0.396139
-0.397779
-0.399784
-0.401926
-0.404108
-0.406261
-0.408433
-0.410637
-0.412851
-0.415011
-0.416944
-0.418465
-0.419322
-0.419308
-0.418227
-0.416054
-0.412982
-0.409579
-0.406716
-0.405417
-0.406453
-0.410021
-0.415615
-0.422205
-0.428692
-0.434204
-0.438231
-0.440603
-0.441419
-0.440867
-0.439244
-0.436846
-0.433979
-0.430886
-0.427814
-0.424939
-0.422436
-0.420493
-0.419302
-0.41912
-0.42012
-0.422388
-0.425781
-0.429978
-0.434504
-0.438911
-0.442897
-0.446425
-0.449702
-0.45306
-0.456808
-0.461099
-0.465805
-0.470649
-0.475227
-0.479196
-0.482297
-0.484386
-0.485409
-0.485371
-0.484301
-0.482261
-0.479285
-0.475442
-0.470802
-0.465494
-0.459704
-0.453682
-0.447773
-0.442407
-0.437995
-0.434921
-0.433482
-0.433787
-0.43577
-0.439194
-0.443654
-0.448697
-0.453841
-0.458595
-0.462486
-0.465111
-0.466104
-0.465179
-0.46228
-0.457574
-0.451705
-0.445645
-0.440639
-0.437737
-0.437424
-0.439523
-0.443358
-0.448184
-0.453419
-0.458674
-0.463716
-0.468397
-0.472635
-0.476362
-0.479566
-0.482275
-0.484518
-0.486294
-0.487635
-0.488553
-0.489029
-0.489082
-0.488731
-0.488035
-0.487045
-0.485867
-0.484598
-0.483354
-0.4822
-0.481231
-0.48047
-0.479894
-0.479407
-0.478881
-0.478125
-0.47687
-0.474793
-0.471561
-0.466796
-0.460181
-0.451523
-0.440906
-0.428919
-0.416843
-0.406689
-0.400611
-0.399785
-0.40347
-0.409114
-0.413585
-0.414437
-0.410637
-0.402574
-0.392069
-0.38227
-0.376911
-0.378711
-0.38773
-0.401375
-0.416097
-0.429232
-0.439602
-0.44713
-0.45231
-0.455753
-0.457985
-0.459423
-0.460312
-0.46083
-0.461085
-0.461125
-0.460966
-0.460622
-0.46006
-0.459266
-0.458217
-0.456887
-0.455228
-0.453227
-0.450846
-0.44807
-0.4449
-0.441377
-0.43753
-0.433446
-0.429259
-0.425122
-0.421212
-0.417727
-0.414825
-0.412618
-0.41115
-0.410388
-0.410251
-0.410593
-0.411289
-0.412184
-0.413152
-0.414123
-0.415
-0.415762
-0.416356
-0.416771
-0.416995
-0.417027
-0.416867
-0.416547
-0.416112
-0.415613
-0.415147
-0.414779
-0.414604
-0.414708
-0.415117
-0.415838
-0.416831
-0.417992
-0.419234
-0.420443
-0.421487
-0.422278
-0.422724
-0.422728
-0.422209
-0.421109
-0.419343
-0.41687
-0.413642
-0.40964
-0.404917
-0.39959
-0.393858
-0.388021
-0.382459
-0.377609
-0.373923
-0.371794
-0.371443
-0.372929
-0.376069
-0.380452
-0.385571
-0.390891
-0.395923
-0.400224
-0.403508
-0.405579
