1.20237
1.20452
1.20639
1.20801
1.20941
1.21061
1.21161
1.21237
1.21285
1.213
1.21272
1.21192
1.21046
1.20822
1.20506
1.20087
1.1956
1.18931
1.18223
1.17478
1.16753
1.16114
1.15618
1.15305
1.15192
1.15278
1.15547
1.15966
1.16491
1.17068
1.17642
1.18167
1.18611
1.18963
1.19219
1.19385
1.19457
1.1942
1.19233
1.18835
1.18157
1.17166
1.1594
1.1474
1.13953
1.13862
1.14423
1.15338
1.16312
1.17194
1.17951
1.18588
1.19109
1.19516
1.19813
1.20011
1.20129
1.20187
1.20202
1.20188
1.20151
1.20095
1.20017
1.19913
1.19778
1.19605
1.1939
1.19135
1.18849
1.18553
1.18277
1.18059
1.17932
1.17913
1.17996
1.18153
1.18341
1.18518
1.18648
1.18708
1.18685
1.18576
1.18386
1.1813
1.17829
1.17519
1.17242
1.17042
1.16961
1.17017
1.17208
1.17503
1.17856
1.18218
1.18545
1.18809
1.18992
1.19093
1.19119
1.19089
1.19027
1.1896
1.18912
1.18902
1.18941
1.19029
1.19162
1.19332
1.19532
1.19752
1.19984
1.20217
1.20443
1.20653
1.20842
1.21012
1.21168
1.2132
1.21476
1.21641
1.21815
1.2199
1.22157
1.22301
1.22407
1.22464
1.22461
1.22394
1.2226
1.22069
1.21834
1.21584
1.21359
1.21203
1.21161
1.21261
1.21508
1.21878
1.22324
1.2279
1.23227
1.23595
1.23872
1.24047
1.24122
1.24105
1.2401
1.23852
1.23645
1.23408
1.23161
1.22928
1.22737
1.22612
1.22564
1.22579
1.22623
1.22651
1.2262
1.22506
1.22309
1.22055
1.21788
1.21559
1.21413
1.21378
1.2146
1.21645
1.21909
1.22221
1.22555
1.22888
1.23203
1.2349
1.23742
1.23956
1.24131
1.24269
1.24371
1.24441
1.2448
1.24493
1.2448
1.24443
1.24384
1.24304
1.24204
1.24085
1.23949
1.23796
1.2362
1.23415
1.2317
1.22878
1.22542
1.22176
1.21815
1.21503
1.21285
1.21189
1.21223
1.21378
1.21631
1.21955
1.22319
1.22686
1.23022
1.23295
1.23482
1.23571
1.23555
1.23433
1.23212
1.22898
1.22505
1.2205
1.21558
1.21059
1.20589
1.2018
1.19863
1.19654
1.1956
1.19577
1.19691
1.19884
1.20129
1.20393
1.20644
1.20851
1.20993
1.21063
1.21067
1.21027
1.2097
1.20928
1.20922
1.20964
1.21049
1.2116
1.21277
1.21383
1.2147
1.21537
1.21589
1.21637
1.2169
1.21754
1.2183
1.21916
1.22005
1.22087
1.22151
1.22185
1.2218
1.22125
1.22017
1.21856
1.21652
1.21428
1.21218
1.21061
1.20992
1.21029
1.21165
1.21373
1.21613
1.21847
1.22046
1.22192
1.22278
1.22303
1.22271
1.22186
1.22053
1.21878
1.21665
1.21421
1.21156
1.2088
1.20607
1.20351
1.20124
1.19939
1.19805
1.19727
1.19709
1.19753
1.19854
1.20001
1.20178
1.20368
1.20553
1.2072
1.20863
1.20979
1.21071
1.2114
1.2119
1.21224
1.2124
1.21239
1.21217
1.21171
1.21095
1.20983
1.20828
1.20624
1.20366
1.20057
1.1971
1.19354
1.19033
1.18803
1.18713
1.18787
1.19012
1.19345
1.19729
1.20109
1.20445
1.20716
1.20912
1.21035
1.2109
1.21083
1.21024
1.20921
1.20782
1.20617
1.20436
1.20252
1.20075
1.19916
1.19783
1.19681
1.19605
1.19545
1.19481
1.1939
1.19249
1.19046
1.18794
1.18535
1.18338
1.18278
1.18404
1.18711
1.19143
1.1962
1.20065
1.20427
1.20674
1.20792
1.20771
1.20605
1.20292
1.19847
1.19303
1.18726
1.18197
1.17787
1.1752
1.17366
1.17267
1.17178
1.17099
1.17072
1.17152
1.17381
1.17754
1.1823
1.18742
1.19227
1.19639
1.19954
1.20168
1.20285
1.20319
1.20286
1.202
1.20077
1.19929
1.1977
1.19609
1.19457
1.1932
1.19205
1.19113
1.19044
1.18997
1.18965
1.18944
1.18926
1.18907
1.18882
1.18846
1.18798
1.18738
1.18668
1.1859
1.18507
1.18425
1.18347
1.18275
1.18212
1.18159
1.18113
1.18073
1.18034
1.17992
1.1794
1.17872
1.17784
1.1767
1.1753
1.17366
1.1719
1.1702
1.16881
1.16802
1.16805
1.169
1.17079
1.17318
1.17584
1.17846
1.18081
1.18271
1.18411
1.18502
1.18546
1.18551
1.18525
1.18475
1.18408
1.18331
1.18246
1.18158
1.18068
1.17976
1.17881
1.17786
1.17689
1.17596
1.17513
1.17448
1.17411
1.17411
1.17455
1.17543
1.17671
1.17829
1.18004
1.18186
1.18364
1.18531
1.18682
1.18817
1.18935
1.19036
1.19121
1.19189
1.19241
1.19271
1.19278
1.19254
1.19193
1.19088
1.18933
1.18723
1.1846
1.18152
1.17818
1.17479
1.17161
1.16879
1.16635
1.16417
1.16207
1.15993
1.15775
1.15576
1.15428
1.15365
1.15406
1.15547
1.15769
1.16046
1.16359
1.16695
1.17045
1.17396
1.17727
1.18008
1.18211
1.18317
1.18325
1.1825
1.18127
1.17994
1.17891
1.17843
1.17858
1.17937
1.18073
1.18259
1.1849
1.18758
1.1905
1.19351
1.19642
1.19908
1.20138
1.20324
1.20462
1.20552
1.20595
1.2059
1.20539
1.2044
1.20287
1.20072
1.19781
1.19405
1.18942
1.1841
1.1786
1.17369
1.17022
1.16878
1.16937
1.17148
1.1744
1.17754
1.18057
1.18344
1.18622
1.189
1.1918
1.19459
1.19726
1.19968
1.20173
1.20331
1.20436
1.20488
1.20488
1.20443
1.20363
1.2026
1.20151
1.20047
1.1996
1.19893
1.19846
1.19812
1.19787
1.19765
1.19745
1.19729
1.19716
1.19707
1.19697
1.19681
1.19651
1.19601
1.19529
1.19436
1.19326
1.19207
1.19088
1.1898
1.18891
1.18826
1.1879
1.18783
1.18801
1.18839
1.18891
1.1895
1.1901
1.19068
1.19119
1.19165
1.19205
1.19242
1.19278
1.19315
1.19355
1.19398
1.19442
1.19487
1.1953
1.19566
1.19593
1.19604
1.19598
1.19569
1.19515
1.19436
1.19335
1.19219
1.19099
1.18991
1.18913
1.1888
1.18904
1.18985
1.19116
1.19281
1.19461
1.19636
1.19791
1.19915
1.20002
1.20049
1.20059
1.20037
1.19991
1.1993
1.19865
1.19807
1.19767
1.1975
1.19762
1.19802
1.1987
1.19963
1.20075
1.20204
1.20345
1.20493
1.20643
1.2079
1.20932
1.21063
1.21184
1.21293
1.21391
1.21479
1.2156
1.21634
1.21703
1.21768
1.21827
1.21879
1.21922
1.21955
1.21973
1.21975
1.21959
1.21928
1.21884
1.21836
1.21793
1.21767
1.21769
1.21806
1.21878
1.21983
1.22108
1.22242
1.22369
1.2248
1.22565
1.22625
1.22661
1.2268
1.22693
1.22707
1.22726
1.22751
1.22777
1.22799
1.22814
1.22827
1.22847
1.22893
1.22984
1.23138
1.23365
1.23659
1.24005
1.24379
1.24753
1.25104
1.25413
1.25664
1.25848
1.25959
1.25992
1.25947
1.25826
1.25633
1.25375
1.25061
1.24703
1.24327
1.23973
1.23706
1.23594
1.23681
1.23952
1.24334
1.24723
1.25024
1.25169
1.25127
1.24903
1.2454
1.24119
1.23742
1.23498
1.23426
1.23494
1.23634
1.23781
1.23915
1.24054
1.24232
1.24473
1.24767
1.25081
1.25369
1.25592
1.25729
1.25775
1.25745
1.2566
1.25547
1.25432
1.25332
1.25258
1.25212
1.25192
1.25191
1.25203
1.25219
1.25229
1.25225
1.25203
1.2516
1.25103
1.25042
1.24987
1.24948
1.24929
1.24928
1.24937
1.24947
1.2495
1.24938
1.24909
1.24865
1.24809
1.24746
1.24683
1.24625
1.24578
1.24545
1.24529
1.2453
1.24545
1.24572
1.24604
1.24636
1.24662
1.24675
1.24673
1.24652
1.24615
1.24564
1.24505
1.24446
1.24398
1.24367
1.24357
1.24365
1.24384
1.24398
1.2439
1.24341
1.24235
1.2406
1.23812
1.23494
1.23123
1.2273
1.22356
1.2204
1.2181
1.21665
1.2158
1.21509
1.21403
1.21236
1.21018
1.20813
1.2072
1.20834
1.21181
1.21706
1.22298
1.22843
1.23267
1.2354
1.23661
1.23651
1.23536
1.23349
1.2312
1.22881
1.22662
1.2249
1.22383
1.22351
1.22391
1.22494
1.22641
1.22814
1.22993
1.23164
1.23314
1.23437
1.2353
1.23594
1.23629
1.23638
1.23625
1.23595
1.2355
1.23495
1.23433
1.2337
1.23306
1.23246
1.2319
1.23139
1.23093
1.2305
1.23008
1.22965
1.22919
1.2287
1.2282
1.22772
1.22732
1.22709
1.22707
1.22734
1.22789
1.2287
1.22971
1.23085
1.23203
1.23317
1.2342
1.23506
1.2357
1.23611
1.23629
1.23627
1.23611
1.23589
1.23569
1.23554
1.23541
1.23521
1.23475
1.23387
1.23238
1.23026
1.22759
1.22467
1.22193
1.21987
1.21888
1.21918
1.22078
1.22351
1.22713
1.23128
1.2356
1.23973
1.24338
1.24638
1.24866
1.25028
1.25134
1.25197
1.25228
1.25237
1.25233
1.25219
1.25198
1.25173
1.25142
1.25106
1.2506
1.24999
1.24918
1.2481
1.24669
1.24492
1.24281
1.24042
1.23783
1.23515
1.23248
1.22993
1.22768
1.22601
1.22532
1.22596
1.22806
1.23126
1.23483
1.23783
1.23938
1.23892
1.2364
1.23234
1.22789
1.22452
1.22348
1.22519
1.22917
1.23434
1.23962
1.24426
1.24789
1.25042
1.25192
1.25253
1.25239
1.25161
1.25024
1.24831
1.2458
1.24271
1.2391
1.2351
1.23093
1.22696
1.2236
1.22127
1.22022
1.22048
1.2218
1.2237
1.22562
1.22707
1.22775
1.22769
1.2272
1.22684
1.22721
1.22872
1.23137
1.23481
1.23851
1.24195
1.2448
1.24689
1.24824
1.24894
1.24911
1.24888
1.24838
1.24771
1.24695
1.24616
1.24539
1.24466
1.24399
1.24339
1.24284
1.24234
1.24188
1.24143
1.241
1.24055
1.24009
1.2396
1.23909
1.23854
1.23796
1.23733
1.23665
1.23591
1.23509
1.23419
1.2332
1.23215
1.23108
1.23007
1.22922
1.22864
1.22842
1.22866
1.22938
1.23056
1.23214
1.23401
1.23608
1.23821
1.24032
1.2423
1.24406
1.24552
1.24663
1.24731
1.24754
1.2473
1.24664
1.24564
1.2444
1.24308
1.2418
1.24066
1.23973
1.23899
1.23842
1.23799
1.23773
1.23771
1.23805
1.23888
1.24028
1.2423
1.24485
1.24782
1.25103
1.25429
1.25741
1.26027
1.26273
1.26473
1.2662
1.2671
1.2674
1.26708
1.26612
1.26452
1.26227
1.25937
1.25583
1.25166
1.24686
1.24148
1.23556
1.22925
1.22285
1.21685
1.21189
1.20869
1.20776
1.20923
1.21266
1.2173
1.22225
1.22686
1.23073
1.23382
1.23629
1.23846
1.24065
1.24313
1.24602
1.24926
1.25267
1.25596
1.25884
1.26103
1.26228
1.26241
1.26129
1.25887
1.25528
1.25089
1.24636
1.24255
1.24023
1.23981
1.24109
1.24343
1.24605
1.24833
1.24991
1.25069
1.25071
1.25009
1.24898
1.24754
1.24594
1.24433
1.24289
1.24175
1.241
1.24068
1.24077
1.24122
1.24198
1.24301
1.24432
1.24591
1.24781
1.25001
1.25244
1.25503
1.25765
1.26021
1.26261
1.26478
1.26667
1.26825
1.2695
1.27043
1.27102
1.2713
1.27127
1.27093
1.2703
1.26938
1.26819
1.26671
1.26497
1.26297
1.26076
1.25836
1.25585
1.25328
1.25074
1.24825
1.24585
1.24361
1.24165
1.24029
1.23991
1.24089
1.24339
1.24717
1.25172
1.25641
1.2607
1.26429
1.26703
1.26895
1.27012
1.2706
1.27043
1.26958
1.26799
1.26555
1.26219
1.25798
1.25323
1.24857
1.24489
1.24305
1.24353
1.24617
1.25026
1.25497
1.25959
1.26366
1.26697
1.26937
1.27074
1.27089
1.26959
1.26661
1.26193
1.25594
1.24969
1.24479
1.24278
1.24418
1.24813
1.25296
1.25712
1.25977
1.26074
1.26031
1.25892
1.257
1.25486
1.25271
1.25064
1.24871
1.24697
1.24548
1.24433
1.24361
1.24336
1.24361
1.24431
1.24541
1.24684
1.24855
1.25051
1.25271
1.25516
1.2578
1.26055
1.26328
1.26583
1.26804
1.26975
1.27085
1.27128
1.27104
1.27022
1.26897
1.26752
1.26613
1.26503
1.26434
1.26403
1.26396
1.26388
1.26359
1.26295
1.26195
1.26069
1.25938
1.25823
1.25743
1.25704
1.25703
1.25727
1.25762
1.25801
1.2584
1.25882
1.25932
1.25993
1.26066
1.26147
1.26231
1.26309
1.26376
1.26427
1.26456
1.26461
1.26443
1.26401
1.26338
1.26259
1.26167
1.26069
1.2597
1.25874
1.25786
1.25709
1.25644
1.25592
1.25555
1.2553
1.25518
1.25517
1.25524
1.25539
1.25558
1.25582
1.25606
1.2563
1.25652
1.2567
1.25683
1.25689
1.25688
1.25679
1.25664
1.25644
1.25619
1.25592
1.25564
1.25536
1.25506
1.25473
1.25431
1.25373
1.25291
1.25175
1.25016
1.2481
1.24558
1.24274
1.23988
1.23741
1.2358
1.23545
1.23656
1.23908
1.24268
1.24693
1.25132
1.25544
1.25895
1.26157
1.26304
1.26311
1.26147
1.25787
1.25228
1.24515
1.23775
1.23199
1.22966
1.23126
1.23563
1.24069
1.24454
1.24599
1.24447
1.23972
1.23167
1.2207
1.20828
1.19746
1.19215
1.19468
1.20387
1.21605
1.22775
1.23715
1.2439
1.24837
1.25114
1.25278
1.25376
1.25444
1.25508
1.25577
1.25653
1.25724
1.2578
1.25808
1.25803
1.25763
1.25694
1.25605
1.2551
1.2542
1.2535
1.25309
1.25304
1.2534
1.25414
1.25522
1.25657
1.25809
1.25968
1.26125
1.2627
1.26398
1.26501
1.26576
1.2662
1.26628
1.26599
1.2653
1.26419
1.26265
1.26067
1.25827
1.25548
1.25241
1.24921
1.24612
1.24342
1.24144
1.24045
1.24056
1.24168
1.24353
1.24567
1.24766
1.24909
1.24973
1.2495
1.2485
1.24704
1.24552
1.24439
1.244
1.24458
1.24619
1.24875
1.25208
1.2559
1.25987
1.26363
1.26689
1.26946
1.27123
1.27219
1.27239
1.27192
1.27089
1.26941
1.2676
1.26555
1.26337
1.26117
1.25904
1.25708
1.25539
1.25405
1.25316
1.25275
1.25287
1.2535
1.25458
1.25604
1.25776
1.25961
1.26146
1.26319
1.26468
1.26584
1.26658
1.26682
1.2665
1.26557
1.26404
1.26195
1.25948
1.25688
1.25449
1.25266
1.25164
1.25149
1.25209
1.25318
1.2545
1.25582
1.25706
1.25822
1.2594
1.26068
1.26214
1.2638
1.26564
1.26759
1.26955
1.27145
1.27322
1.27481
1.27622
1.27743
1.27845
1.2793
1.27998
1.28051
1.28086
1.28102
1.28098
1.2807
1.28017
1.27935
1.27824
1.27684
1.27517
1.27327
1.27121
1.2691
1.26704
1.26517
1.2636
1.2625
1.26199
1.26219
1.26319
1.26497
1.26741
1.2703
1.27332
1.27614
1.27847
1.28009
1.28086
1.28079
1.27995
1.27846
1.2764
1.27374
1.2703
1.26585
1.26035
1.25428
1.24879
1.24535
1.24495
1.24742
1.25154
1.25581
1.2592
1.26125
1.262
1.26167
1.26049
1.25868
1.25645
1.25393
1.25132
1.2488
1.24658
1.24486
1.24384
1.2436
1.24407
1.24495
1.24581
1.2461
1.24534
1.24316
1.23946
1.23442
1.22858
1.22279
1.21795
1.21469
1.21313
1.21293
1.21356
1.21462
1.21592
1.21747
1.21926
1.22121
1.22315
1.22486
1.22618
1.22701
1.22733
1.22721
1.22673
1.226
1.22512
1.22417
1.22323
1.22234
1.22156
1.22089
1.22033
1.21989
1.21955
1.21929
1.21908
1.2189
1.21872
1.21852
1.21827
1.21794
1.21752
1.21697
1.21628
1.21542
1.21436
1.21308
1.21158
1.20985
1.20792
1.20584
1.20371
1.20165
1.19984
1.19845
1.19763
1.19749
1.19802
1.19917
1.2008
1.20272
1.20475
1.20669
1.20836
1.20957
1.21014
1.20986
1.2085
1.2058
1.20159
1.19589
1.18915
1.18245
1.17742
1.17564
1.17781
1.18329
1.19059
1.19816
1.20495
1.21054
1.21487
1.21811
1.22048
1.22219
1.2234
1.22426
1.22487
1.2253
1.2256
1.22582
1.22598
1.22609
1.22614
1.22614
1.22607
1.2259
1.22562
1.2252
1.22461
1.22384
1.22288
1.22177
1.22055
1.21933
1.21823
1.21743
1.21709
1.21735
1.21828
1.21983
1.2218
1.22391
1.2258
1.22713
1.22762
1.22709
1.22551
1.22299
1.21981
1.21632
1.21286
1.20968
1.20693
1.20467
1.203
1.20213
1.20234
1.20375
1.20627
1.20951
1.21294
1.21609
1.21868
1.22062
1.22198
1.2229
1.22351
1.2239
1.22413
1.22424
1.22425
1.2242
1.22412
1.22404
1.22394
1.2238
1.22358
1.22326
1.22285
1.22237
1.22184
1.22125
1.22058
1.21981
1.21902
1.2184
1.21823
1.21874
1.22
1.22184
1.22389
1.22572
1.22695
1.22732
1.22672
1.22519
1.22289
1.22005
1.21695
1.21385
1.21096
1.20837
1.2061
1.20408
1.20224
1.20049
1.1988
1.19714
1.19555
1.19415
1.19315
1.19276
1.1932
1.19451
1.19658
1.19915
1.20189
1.2045
1.20677
1.20859
1.20994
1.21086
1.21139
1.21162
1.21161
1.21141
1.21109
1.21067
1.21019
1.20966
1.20909
1.20849
1.20785
1.20717
1.20642
1.2056
1.2047
1.20371
1.20264
1.20151
1.20035
1.1992
1.19811
1.19715
1.19634
1.19571
1.19524
1.19485
1.19445
1.19387
1.19295
1.19147
1.18924
1.18611
1.18198
1.17695
1.17132
1.16568
1.16084
1.15754
1.15621
1.15671
1.15851
1.16101
1.16382
1.16686
1.17026
1.17415
1.17851
1.1831
1.18758
1.19158
1.19487
1.19739
1.1992
1.20045
1.20132
1.20193
1.20237
1.20267
1.20284
1.20289
1.20284
1.20267
1.20242
1.20206
1.20156
1.20089
1.19996
1.19871
1.19707
1.19499
1.1925
1.1897
1.18676
1.18395
1.18161
1.18003
1.17944
1.17988
1.18122
1.18318
1.18542
1.18761
1.18951
1.19098
1.192
1.19262
1.19297
1.19319
1.19345
1.19385
1.19448
1.19535
1.19645
1.19769
1.19899
1.20025
1.20139
1.20237
1.20316
1.20378
1.20426
1.20468
1.20508
1.20554
1.20611
1.20682
1.20767
1.20866
1.20974
1.21089
1.21206
1.2132
1.2143
1.21532
1.21627
1.21712
1.21789
1.21857
1.21916
1.21969
1.22013
1.22052
1.22083
1.22108
1.22125
1.22136
1.2214
1.22135
1.22124
1.22107
1.22084
1.22059
1.22036
1.22018
1.22011
1.22022
1.22053
1.2211
1.22193
1.223
1.22427
1.22567
1.22713
1.22856
1.22988
1.23102
1.23194
1.2326
1.233
1.23314
1.23306
1.23281
1.23244
1.232
1.23154
1.23111
1.23073
1.23044
1.23025
1.23016
1.23014
1.23014
1.2301
1.22995
1.22961
1.22906
1.22828
1.2273
1.22619
1.22503
1.22392
1.22296
1.22225
1.22189
1.22194
1.22244
1.22341
1.22484
1.22667
1.22885
1.23128
1.23386
1.23643
1.23884
1.24093
1.24255
1.24356
1.24383
1.24331
1.24198
1.23996
1.23745
1.2348
1.23237
1.23047
1.22915
1.22824
1.22735
1.22606
1.22412
1.22145
1.21825
1.21485
1.21167
1.20913
1.20758
1.20728
1.20832
1.21061
1.21384
1.2176
1.22145
1.225
1.228
1.23032
1.23193
1.2329
1.23334
1.23336
1.2331
1.23264
1.23206
1.23136
1.2305
1.22945
1.22815
1.22658
1.22476
1.22272
1.22052
1.21821
1.21583
1.21339
1.21084
1.20812
1.20519
1.20209
1.19901
1.19631
1.1945
1.19405
1.19524
1.19797
1.20181
1.20607
1.21005
1.21316
1.215
1.21539
1.21433
1.21196
1.20847
1.20411
1.19912
1.19375
1.18826
1.18308
1.1789
1.17655
1.1768
1.17997
1.18575
1.19328
1.20143
1.20918
1.2158
1.22091
1.22443
1.22646
1.22719
1.22686
1.22569
1.22392
1.22174
1.2193
1.21676
1.21424
1.21183
1.20961
1.20764
1.20597
1.20463
1.20366
1.20306
1.20281
1.20286
1.20309
1.20335
1.20345
1.20322
1.20252
1.20127
1.19952
1.19743
1.19529
1.19345
1.19226
1.19199
1.19276
1.1945
1.19698
1.19991
1.20294
1.20581
1.20832
1.21036
1.21189
1.21294
1.21354
1.21379
1.21374
1.21349
1.21311
1.21266
1.21221
1.21182
1.21152
1.21135
1.21134
1.21151
1.21185
1.21237
1.21306
1.21388
1.21482
1.21583
1.21688
1.21791
1.21886
1.21968
1.2203
1.22066
1.2207
1.22036
1.2196
1.21837
1.21669
1.21457
1.21207
1.20924
1.20619
1.20299
1.19977
1.19668
1.19393
1.19175
1.19041
1.19008
1.19077
1.19231
1.19436
1.19652
1.19844
1.19989
1.20085
1.20147
1.20203
1.20284
1.20412
1.2059
1.20808
1.21045
1.21279
1.21493
1.21676
1.21825
1.21939
1.22023
1.2208
1.22115
1.22129
1.22123
1.22097
1.22048
1.21971
1.21861
1.21712
1.2152
1.21287
1.21027
1.2077
1.20559
1.20442
1.20453
1.20596
1.20838
1.21126
1.21404
1.21631
1.21789
1.2188
1.2192
1.21932
1.21938
1.21954
1.21983
1.22019
1.22047
1.22045
1.21995
1.21879
1.21694
1.21449
1.21173
1.20917
1.20745
1.20718
1.2087
1.21201
1.21668
1.22205
1.22746
1.23236
1.23644
1.23956
1.24175
1.24308
1.24365
1.24355
1.24282
1.2415
1.23961
1.2372
1.23443
1.23159
1.22908
1.22736
1.22677
1.22739
1.229
1.23114
1.2333
1.23507
1.23619
1.23661
1.23637
1.23565
1.23463
1.23356
1.23263
1.23204
1.23192
1.23237
1.23338
1.23493
1.23688
1.23909
1.24137
1.24355
1.24548
1.24708
1.24831
1.24918
1.24977
1.25015
1.25045
1.25077
1.25122
1.25186
1.25269
1.25368
1.25473
1.25569
1.25637
1.25661
1.25623
1.25514
1.25332
1.25081
1.24777
1.24445
1.24116
1.23827
1.23613
1.23502
1.23509
1.23633
1.23857
1.24152
1.24485
1.24821
1.25136
1.25408
1.25629
1.25793
1.25901
1.25959
1.2597
1.2594
1.25873
1.25774
1.25644
1.25486
1.25301
1.25091
1.24861
1.24616
1.24365
1.24122
1.239
1.23715
1.23579
1.23501
1.23478
1.235
1.23547
1.23594
1.23612
1.2357
1.23449
1.23242
1.22967
1.22673
1.22433
1.22316
1.22361
1.22553
1.22836
1.23143
1.2342
1.23642
1.23803
1.23908
1.23961
1.23961
1.23903
1.23781
1.23589
1.23325
1.22996
1.22613
1.22197
1.21774
1.21375
1.2103
1.2076
1.20579
1.20484
1.20465
1.20506
1.20596
1.2073
1.20909
1.21133
1.21397
1.21688
1.21986
1.22271
1.22524
1.22732
1.22891
1.22996
1.23052
1.2306
1.23026
1.22955
1.22852
1.22725
1.2258
1.22428
1.22278
1.22141
1.22024
1.21932
1.21866
1.21823
1.21799
1.21788
1.21788
1.21797
1.21819
1.21854
1.21905
1.21967
1.22035
1.22094
1.22127
1.22112
1.22029
1.21853
1.21565
1.21152
1.20621
1.20002
1.19361
1.18786
1.18367
1.18152
1.18125
1.18224
1.18371
1.18511
1.1862
1.18711
1.18809
1.18946
1.19138
1.19383
1.19662
1.19946
1.2021
1.20433
1.20606
1.2073
1.20812
1.20863
1.20892
1.2091
1.20923
1.20934
1.20942
1.20944
1.20935
1.20907
1.20855
1.20773
1.20661
1.20523
1.20371
1.20222
1.20099
1.20024
1.20014
1.20076
1.20205
1.20388
1.20605
1.20838
1.21072
1.21294
1.21496
1.21672
1.21815
1.21919
1.21975
1.21976
1.21915
1.2179
1.21607
1.21387
1.21163
1.20978
1.20873
1.20868
1.2095
1.2108
1.21198
1.21251
1.212
1.21029
1.20749
1.20389
1.19994
1.19612
1.19281
1.19024
1.18845
1.18743
1.18714
1.18765
1.18905
1.19142
1.19476
1.19894
1.20375
1.20889
1.21406
1.21899
1.22343
1.22718
1.23007
1.23197
1.23278
1.23245
1.23103
1.22871
1.22583
1.22289
1.22047
1.21906
1.21893
1.22002
1.22197
1.22432
1.22661
1.22856
1.23005
1.23107
1.23169
1.23203
1.23215
1.23213
1.232
1.23179
1.23154
1.23128
1.23103
1.23083
1.23067
1.2305
1.23024
1.22978
1.22895
1.22758
1.22547
1.2224
1.21814
1.21246
1.20525
1.19663
1.18714
1.17783
1.17015
1.16547
1.16446
1.16686
1.17164
1.17763
1.18393
1.19009
1.19592
1.20135
1.20624
1.21039
1.21359
1.21568
1.21662
1.21647
1.21537
1.21358
1.2114
1.20917
1.20724
1.20587
1.20526
1.20548
1.20649
1.20819
1.21038
1.21289
1.21555
1.21818
1.22069
1.22296
1.22495
1.22659
1.22786
1.22871
1.22909
1.22892
1.22809
1.22645
1.2238
1.21986
1.21435
1.20695
1.19746
1.18598
1.17323
1.16081
1.15104
1.14606
1.14667
1.1519
1.15981
1.16864
1.17734
1.18543
1.19273
1.19911
1.20449
1.20885
1.21221
1.21467
1.21635
1.21742
1.21802
1.21828
1.2183
1.21814
1.21784
1.21741
1.21687
1.21623
1.21553
1.2148
1.21411
1.21354
1.21316
1.21303
1.21314
1.21346
1.21392
1.21437
1.21468
1.21469
1.21427
1.21332
1.21176
1.20959
1.20685
1.20367
1.20025
1.19684
1.19374
1.19123
1.18953
1.18879
1.18903
1.19018
1.1921
1.1946
1.19748
1.20054
1.20361
1.20655
1.20924
1.21158
1.2135
1.21492
1.21576
1.21593
1.21536
1.21397
1.21174
1.20869
1.20495
1.20076
1.19645
1.19242
1.18898
1.18627
1.18421
1.18251
1.1809
1.17929
1.17801
1.17775
1.1793
1.18301
1.18855
1.19494
1.20107
1.20607
1.20951
1.21129
1.21155
1.21052
1.20848
1.20568
1.20236
1.19875
1.19507
1.19152
1.18831
1.18565
1.18368
1.1825
1.18215
1.18255
1.18359
1.18511
1.18692
1.18888
1.19085
1.19273
1.19446
1.19601
1.19738
1.19857
1.19963
1.20057
1.20145
1.20229
1.20313
1.20397
1.20484
1.20573
1.20664
1.20757
1.20849
1.20941
1.21032
1.21119
1.21203
1.21281
1.21351
1.21412
1.21459
1.21489
1.21498
1.21482
1.21433
1.21349
1.21224
1.21057
1.2085
1.20611
1.20352
1.20093
1.19853
1.1965
1.19497
1.19394
1.19338
1.19321
1.19338
1.19388
1.19473
1.19597
1.19761
1.19963
1.20193
1.20439
1.20686
1.2092
1.21132
1.21314
1.21462
1.21574
1.21651
1.21695
1.21709
1.21696
1.21661
1.21608
1.21542
1.2147
1.21397
1.21331
1.21276
1.21238
1.2122
1.21223
1.21247
1.21288
1.21342
1.21406
1.21473
1.21539
1.21601
1.21655
1.217
1.21733
1.21754
1.21765
1.21768
1.21766
1.21765
1.21773
1.218
1.21852
1.21933
1.22042
1.22165
1.22283
1.2237
1.22395
1.22332
1.22159
1.21867
1.2146
1.20962
1.20428
1.19945
1.19626
1.19568
1.198
1.20259
1.20825
1.21383
1.2186
1.22235
1.22511
1.22704
1.22826
1.22884
1.22884
1.22835
1.22753
1.22659
1.22579
1.22532
1.22529
1.22567
1.22631
1.227
1.22753
1.22769
1.22732
1.22626
1.2244
1.22166
1.21807
1.21376
1.20904
1.20435
1.20026
1.19733
1.196
1.19647
1.19868
1.20232
1.20691
1.21191
1.21679
1.22119
1.22485
1.22768
1.22969
1.23097
1.23162
1.23178
1.23157
1.23108
1.2304
1.2296
1.2287
1.22774
1.22673
1.22566
1.22455
1.22342
1.2223
1.22123
1.22028
1.21953
1.21904
1.21887
1.21906
1.21958
1.22039
1.22144
1.22263
1.2239
1.22517
1.22637
1.22747
1.2284
1.22914
1.22963
1.22985
1.22974
1.22928
1.22846
1.22731
1.22592
1.22444
1.22309
1.22211
1.22169
1.22193
1.22277
1.22401
1.22537
1.22655
1.2273
1.22741
1.22672
1.22516
1.22272
1.21962
1.2163
1.21355
1.21236
1.21356
1.21738
1.22324
1.22992
1.23609
1.24069
1.24309
1.24309
1.2408
1.23661
1.23116
1.22535
1.22018
1.21653
1.21498
1.21563
1.21819
1.2221
1.22676
1.23163
1.23626
1.24031
1.24348
1.24557
1.24652
1.2465
1.24598
1.24567
1.24618
1.24776
1.25017
1.25286
1.25528
1.25715
1.25841
1.25909
1.25915
1.25841
1.25663
1.25361
1.24936
1.24408
1.23827
1.23263
1.22796
1.22504
1.22441
1.22617
1.22992
1.23487
1.24007
1.24466
1.24798
1.24958
1.24929
1.24718
1.24357
1.23904
1.23427
1.22991
1.22659
1.22504
1.22611
1.23034
1.23742
1.24613
1.25491
1.26254
1.2684
1.27244
1.27487
1.27602
1.2762
1.27566
1.27459
1.27311
1.27133
1.26927
1.26697
1.26444
1.26168
1.2587
1.25551
1.25214
1.24865
1.24514
1.24173
1.23861
1.23596
1.23398
1.23283
1.23261
1.2333
1.23483
1.23704
1.23976
1.2428
1.24598
1.24914
1.25213
1.25482
1.25715
1.25908
1.26067
1.26199
1.26314
1.2642
1.2652
1.26608
1.2667
1.26682
1.2661
1.26419
1.26071
1.25541
1.24833
1.24007
1.23192
1.22562
1.22259
1.2231
1.22618
1.23029
1.23417
1.23716
1.23909
1.24006
1.24024
1.23975
1.23871
1.23717
1.23526
1.23318
1.23125
1.22988
1.22955
1.23058
1.23309
1.2369
1.24163
1.24676
1.25181
1.25639
1.26024
1.26323
1.26532
1.26653
1.26692
1.26656
1.26555
1.264
1.26204
1.25981
1.2575
1.2553
1.25341
1.25201
1.25118
1.25096
1.25128
1.25203
1.25307
1.25428
1.25557
1.25688
1.2582
1.25952
1.26086
1.2622
1.26357
1.26494
1.2663
1.26763
1.26892
1.27014
1.27129
1.27236
1.27334
1.27425
1.27508
1.27585
1.27655
1.27718
1.27773
1.27818
1.27852
1.27872
1.27877
1.27864
1.27836
1.27793
1.27741
1.27684
1.27625
1.2757
1.2752
1.27477
1.27442
1.27422
1.27424
1.27456
1.27525
1.27632
1.27766
1.27906
1.28025
1.28096
1.28098
1.28023
1.27881
1.27701
1.27526
1.27399
1.2735
1.27381
1.27467
1.2757
1.27652
1.27687
1.27665
1.27587
1.2746
1.27292
1.27095
1.26883
1.26676
1.26504
1.26401
1.26398
1.26519
1.26762
1.27102
1.27489
1.27863
1.28168
1.28367
1.28439
1.28384
1.28215
1.27955
1.27633
1.27279
1.26926
1.26603
1.26335
1.26139
1.26027
1.26001
1.26055
1.26176
1.26343
1.2653
1.26712
1.26866
1.26978
1.27042
1.27064
1.27059
1.27044
1.27037
1.27046
1.27066
1.27087
1.27093
1.27067
1.26998
1.26881
1.26712
1.26489
1.26207
1.25855
1.25422
1.24914
1.24362
1.23843
1.23465
1.23324
1.23453
1.23797
1.24248
1.24699
1.25078
1.25358
1.25543
1.25649
1.25696
1.25704
1.25689
1.25661
1.25631
1.25604
1.25586
1.2558
1.25586
1.25606
1.25638
1.25682
1.25734
1.25793
1.25856
1.25921
1.25987
1.26052
1.26115
1.26176
1.26234
1.26289
1.26342
1.26392
1.26438
1.26479
1.26511
1.2653
1.26532
1.26507
1.26448
1.26343
1.26181
1.2595
1.2564
1.25248
1.24777
1.24245
1.23687
1.23155
1.2271
1.22411
1.22294
1.22366
1.22599
1.22941
1.2333
1.23711
1.24045
1.24313
1.24511
1.24644
1.24723
1.24756
1.24747
1.24699
1.2461
1.24485
1.24336
1.24183
1.24059
1.24005
1.24057
1.24242
1.24565
1.25005
1.2552
1.26055
1.26556
1.26977
1.27284
1.27457
1.27487
1.27373
1.27122
1.26749
1.26277
1.2574
1.25179
1.24642
1.2417
1.23792
1.23519
1.23346
1.23259
1.23248
1.23313
1.23461
1.23699
1.24027
1.24433
1.24895
1.25386
1.25875
1.2634
1.26761
1.27129
1.27437
1.27686
1.27875
1.28007
1.28085
1.2811
1.28085
1.2801
1.2789
1.27729
1.27537
1.27327
1.27119
1.26934
1.26792
1.26711
1.26699
1.26756
1.2687
1.27025
1.27202
1.27383
1.27554
1.27704
1.27828
1.27923
1.27989
1.28028
1.28042
1.28033
1.28003
1.27953
1.27888
1.27815
1.27743
1.27682
1.2764
1.27621
1.2762
1.27623
1.27614
1.27576
1.27496
1.27373
1.27214
1.27034
1.2685
1.26682
1.26542
1.26442
1.26388
1.26387
1.26441
1.2655
1.26714
1.26925
1.27172
1.27435
1.27696
1.27935
1.28141
1.28311
1.28453
1.28581
1.28709
1.28849
1.29005
1.29175
1.29352
1.29528
1.29696
1.29848
1.29981
1.30088
1.30167
1.30212
1.3022
1.30186
1.30104
1.29969
1.29775
1.29515
1.29184
1.28778
1.28298
1.27754
1.27166
1.26568
1.26003
1.25521
1.25158
1.24924
1.24789
1.24694
1.2456
1.24322
1.23952
1.23489
1.23041
1.22763
1.22782
1.23126
1.23713
1.24404
1.25081
1.25669
1.26144
1.26504
1.26762
1.26929
1.27017
1.27032
1.26979
1.26866
1.26701
1.26503
1.26301
1.26135
1.26045
1.26064
1.26198
1.26428
1.26713
1.27005
1.27261
1.27448
1.27547
1.27546
1.27436
1.27208
1.26854
1.26366
1.25746
1.25005
1.24179
1.23323
1.22511
1.21822
1.2133
1.21102
1.2118
1.21559
1.22175
1.22918
1.23675
1.24361
1.24933
1.25379
1.25707
1.25936
1.26083
1.26164
1.26192
1.26176
1.26125
1.26043
1.25936
1.25807
1.2566
1.25499
1.25326
1.25144
1.24955
1.24757
1.2455
1.24329
1.24094
1.23844
1.23585
1.23332
1.23106
1.22933
1.22836
1.22824
1.22895
1.23029
1.232
1.23382
1.23555
1.23706
1.23829
1.23921
1.23985
1.24025
1.24043
1.24045
1.24032
1.24006
1.2397
1.2393
1.23893
1.23866
1.23855
1.23861
1.23879
1.23902
1.23926
1.23945
1.23958
1.23964
1.23969
1.23975
1.23992
1.24029
1.24095
1.24196
1.24332
1.24497
1.24678
1.24862
1.25033
1.25179
1.25289
1.25358
1.25384
1.25369
1.25318
1.25236
1.25136
1.25028
1.24927
1.24848
1.24802
1.24797
1.24836
1.24913
1.25018
1.25135
1.25249
1.25343
1.25404
1.25416
1.25368
1.25247
1.25043
1.24748
1.24359
1.23884
1.23348
1.22793
1.22277
1.21863
1.21599
1.2151
1.2159
1.21811
1.22137
1.22536
1.22976
1.23431
1.23876
1.2429
1.24659
1.24971
1.25224
1.25419
1.2556
1.25652
1.25701
1.25712
1.25687
1.2563
1.25543
1.25428
1.25287
1.25123
1.24941
1.24746
1.24546
1.24346
1.24154
1.23974
1.23809
1.23661
1.2353
1.23415
1.23317
1.23233
1.23159
1.23088
1.23012
1.2293
1.22851
1.22795
1.22786
1.22847
1.22984
1.23185
1.23425
1.23669
1.23884
1.2404
1.24116
1.241
1.23992
1.23797
1.23531
1.23215
1.22878
1.2255
1.22264
1.22043
1.21899
1.21831
1.21824
1.21861
1.21926
1.22012
1.22126
1.22289
1.22528
1.22869
1.23317
1.23854
1.24436
1.25014
1.25544
1.25997
1.2636
1.26634
1.26826
1.26948
1.2701
1.27022
1.26991
1.26925
1.26826
1.267
1.26547
1.26374
1.26183
1.25981
1.25775
1.25574
1.25392
1.25242
1.25137
1.25087
1.25095
1.25153
1.25248
1.25363
1.25479
1.25583
1.25668
1.2573
1.25768
1.2578
1.25762
1.25713
1.25631
1.2552
1.2539
1.25257
1.25141
1.25068
1.25055
1.25117
1.25256
1.25464
1.25724
1.26017
1.26319
1.2661
1.26873
1.27089
1.27243
1.27323
1.27316
1.27216
1.27022
1.26738
1.26378
1.25964
1.25529
1.25111
1.24759
1.24519
1.24429
1.24498
1.24709
1.25019
1.25375
1.25732
1.26053
1.26319
1.2652
1.26654
1.26725
1.26742
1.26717
1.26663
1.26595
1.26528
1.26474
1.26442
1.26436
1.26456
1.26498
1.26553
1.2661
1.26661
1.26694
1.26702
1.26677
1.26614
1.26509
1.26358
1.26159
1.25913
1.25624
1.25301
1.24958
1.24619
1.2431
1.24056
1.23872
1.23763
1.23714
1.23703
1.23704
1.23698
1.23674
1.2363
1.23574
1.23518
1.23473
1.2345
1.23454
1.23489
1.23554
1.23646
1.23758
1.23884
1.24014
1.2414
1.24254
1.2435
1.24425
1.24476
1.24502
1.24505
1.24486
1.24449
1.24395
1.24328
1.24251
1.24167
1.24081
1.23998
1.23921
1.23857
1.23811
1.23785
1.23783
1.23804
1.23846
1.23904
1.2397
1.24037
1.24093
1.24131
1.24141
1.24116
1.24049
1.23937
1.2378
1.23581
1.23348
1.23095
1.22838
1.22595
1.22383
1.22215
1.22098
1.22035
1.22022
1.22058
1.22138
1.2226
1.2242
1.2261
1.22818
1.2303
1.23234
1.23419
1.23585
1.23731
1.23859
1.23964
1.24034
1.24052
1.23999
1.23861
1.23637
1.23345
1.2302
1.22712
1.22477
1.2236
1.22388
1.22557
1.22839
1.23189
1.23559
1.23913
1.24228
1.24497
1.24722
1.24911
1.25071
1.25207
1.25318
1.25403
1.25459
1.25482
1.25474
1.25433
1.25362
1.25257
1.25116
1.24934
1.24706
1.24433
1.2412
1.23783
1.23442
1.23126
1.22855
1.2264
1.22467
1.22298
1.22067
1.21703
1.21156
1.20452
1.19742
1.19285
1.19317
1.19878
1.20774
1.21725
1.22524
1.23089
1.23426
1.23581
1.23608
1.23554
1.23454
1.23336
1.2322
1.23121
1.23053
1.23023
1.23033
1.23072
1.23114
1.23121
1.23055
1.22886
1.22605
1.22233
1.21815
1.21401
1.21024
1.20674
1.20291
1.19793
1.19112
1.18259
1.17365
1.16666
1.16384
1.16579
1.17114
1.17781
1.18433
1.19017
1.19545
1.2004
1.20515
1.20966
1.21377
1.21733
1.22023
1.22243
1.22395
1.22485
1.22522
1.22517
1.22478
1.22413
1.22329
1.22227
1.22111
1.2198
1.21833
1.21669
1.21488
1.21288
1.21072
1.20841
1.20601
1.20358
1.20121
1.19899
1.19702
1.19538
1.19413
1.19331
1.19291
1.19287
1.19311
1.19352
1.19396
1.19431
1.19445
1.19428
1.19372
1.19276
1.19142
1.18979
1.18802
1.18632
1.18489
1.18394
1.18354
1.18368
1.18419
1.18482
1.18534
1.18553
1.18534
1.18484
1.18423
1.1838
1.1838
1.18434
1.18533
1.18653
1.18761
1.18834
1.1886
1.18846
1.18809
1.18775
1.18765
1.18791
1.18853
1.1894
1.19033
1.19118
1.19182
1.19219
1.19228
1.19214
1.19181
1.19138
1.19091
1.19046
1.19005
1.18969
1.18935
1.18898
1.1885
1.18784
1.18692
1.18568
1.18407
1.18208
1.17969
1.17696
1.17393
1.17068
1.16734
1.16405
1.16097
1.15828
1.15614
1.15469
1.15397
1.15398
1.15464
1.15582
1.15735
1.15907
1.16087
1.16262
1.16425
1.16572
1.16701
1.16811
1.16901
1.16973
1.17028
1.17069
1.17096
1.17112
1.17118
1.17116
1.17106
1.1709
1.17068
1.17042
1.17011
1.16976
1.16936
1.16891
1.1684
1.16782
1.16717
1.16643
1.16558
1.16461
1.16352
1.16228
1.16092
1.15943
1.15786
1.15624
1.15466
1.15317
1.15188
1.15083
1.15007
1.1496
1.1494
1.14941
1.14958
1.14985
1.15018
1.15056
1.15097
1.15143
1.15195
1.15254
1.15322
1.15398
1.1548
1.15568
1.15659
1.1575
1.15838
1.15923
1.16
1.1607
1.16131
1.16183
1.16226
1.16259
1.16284
1.163
1.1631
1.16314
1.16314
1.16309
1.16303
1.16295
1.16288
1.16282
1.16278
1.16276
1.16277
1.16278
1.16279
1.16277
1.16268
1.1625
1.16217
1.16166
1.16093
1.15996
1.15874
1.15728
1.15561
1.15381
1.15195
1.15014
1.14845
1.14698
1.14575
1.14482
1.14424
1.14411
1.14455
1.14572
1.1477
1.15048
1.15389
1.15766
1.1615
1.16513
1.16838
1.17114
1.17339
1.17515
1.17648
1.17745
1.17811
1.17853
1.17876
1.17883
1.17877
1.1786
1.17835
1.17801
1.1776
1.17714
1.17663
1.1761
1.17557
1.17508
1.17467
1.17441
1.17435
1.17455
1.17507
1.17593
1.17712
1.17862
1.18035
1.18221
1.18409
1.18591
1.18757
1.18902
1.19024
1.19123
1.19204
1.1927
1.1933
1.19388
1.1945
1.19518
1.19592
1.19667
1.19739
1.19798
1.19835
1.19835
1.19783
1.19658
1.19439
1.19109
1.18661
1.18117
1.17538
1.17026
1.16701
1.16646
1.16866
1.17295
1.17827
1.18373
1.18878
1.19323
1.19708
1.20042
1.20335
1.20595
1.20825
1.21028
1.21204
1.2135
1.21465
1.21548
1.21598
1.21616
1.21604
1.21566
1.21506
1.2143
1.21344
1.21256
1.2117
1.21094
1.21028
1.20976
1.20936
1.20902
1.20869
1.20826
1.20759
1.20652
1.20484
1.20235
1.19887
1.19439
1.18925
1.18427
1.18067
1.17971
1.18202
1.18722
1.19423
1.20183
1.2091
1.21553
1.22093
1.22529
1.22869
1.23125
1.23309
1.23434
1.2351
1.23548
1.23554
1.23534
1.23492
1.2343
1.23348
1.23246
1.23121
1.22968
1.22781
1.2255
1.22267
1.21923
1.21513
1.21044
1.20532
1.20011
1.19529
1.19133
1.18869
1.18763
1.18825
1.19046
1.19397
1.19836
1.20316
1.20793
1.21233
1.21621
1.21959
1.22257
1.22526
1.22777
1.23009
1.23214
1.23383
1.23508
1.23585
1.23621
1.23624
1.23604
1.23562
1.23494
1.23383
1.23214
1.22972
1.22654
1.22274
1.21862
1.21466
1.2114
1.20936
1.20888
1.21009
1.21282
1.21669
1.22122
1.22589
1.23026
1.23395
1.23671
1.2384
1.23894
1.23837
1.23677
1.23429
1.23117
1.22773
1.22435
1.22144
1.21937
1.21837
1.21849
1.21952
1.22112
1.22284
1.2243
1.22521
1.22544
1.225
1.22402
1.22271
1.22133
1.22008
1.21911
1.21843
1.218
1.21769
1.21737
1.21694
1.21639
1.21572
1.215
1.21428
1.21363
1.21308
1.21266
1.2124
1.21231
1.21236
1.21252
1.21268
1.21277
1.21267
1.21234
1.2117
1.21073
1.20939
1.20765
1.2055
1.20294
1.19998
1.1967
1.19319
1.18959
1.18608
1.18286
1.1801
1.17799
1.17665
1.17614
1.17644
1.17744
1.17896
1.18079
1.18271
1.18452
1.18611
1.18739
1.18834
1.18898
1.18933
1.18944
1.18935
1.1891
1.18871
1.18823
1.18765
1.18701
1.18631
1.18556
1.18478
1.18397
1.18315
1.18236
1.18163
1.18099
1.18048
1.18015
1.18002
1.18013
1.18047
1.18105
1.18184
1.18281
1.18393
1.18516
1.18646
1.18781
1.18917
1.19052
1.19183
1.19307
1.19419
1.19511
1.19575
1.19596
1.19554
1.19424
1.19172
1.18767
1.18186
1.17443
1.16612
1.15844
1.15323
1.15173
1.15378
1.15796
1.16253
1.16626
1.16863
1.16967
1.16967
1.16895
1.16782
1.16654
1.16528
1.16418
1.16335
1.16291
1.16296
1.1636
1.16491
1.16693
1.16964
1.17296
1.17676
1.18086
1.18511
1.18932
1.19334
1.19707
1.20041
1.20333
1.2058
1.20783
1.20944
1.21067
1.21156
1.21214
1.21246
1.21254
1.21241
1.21209
1.2116
1.21093
1.21008
1.20903
1.20777
1.20625
1.20445
1.20235
1.19994
1.19727
1.19442
1.19158
1.18902
1.18703
1.18594
1.18597
1.18714
1.18928
1.19198
1.19475
1.19705
1.19841
1.19847
1.19699
1.19399
1.18975
1.18491
1.18044
1.17738
1.17644
1.17771
1.18069
1.18462
1.18881
1.1928
1.19637
1.19946
1.20206
1.20423
1.20599
1.20735
1.20834
1.20896
1.20927
1.20933
1.20923
1.20912
1.20913
1.20934
1.20983
1.21054
1.21139
1.21222
1.21286
1.21314
1.21292
1.21212
1.21069
1.20865
1.2061
1.20316
1.20005
1.19697
1.19416
1.19179
1.19
1.18887
1.18841
1.1886
1.18939
1.19067
1.19231
1.19417
1.19612
1.19803
1.19981
1.20141
1.20277
1.20389
1.20474
1.20533
1.20566
1.20575
1.20561
1.20526
1.20474
1.20409
1.20337
1.20263
1.20197
1.20146
1.20116
1.20114
1.20141
1.20199
1.20284
1.20392
1.20516
1.20652
1.20793
1.20934
1.21071
1.21201
1.21324
1.21437
1.21542
1.21639
1.21729
1.21814
1.21895
1.21974
1.2205
1.22125
1.22198
1.22267
1.22331
1.22388
1.22435
1.22472
1.22494
1.22501
1.22491
1.22461
1.2241
1.22336
1.22238
1.22115
1.21965
1.21789
1.21588
1.21367
1.21133
1.20894
1.20665
1.20459
1.20292
1.20177
1.20122
1.20134
1.20215
1.20367
1.20589
1.20878
1.21225
1.21616
1.22029
1.22442
1.22833
1.23183
1.23479
1.23707
1.23857
1.23913
1.23858
1.23671
1.23327
1.22812
1.2213
1.21324
1.20498
1.19804
1.19406
1.19402
1.19779
1.20418
1.21164
1.2188
1.22482
1.22937
1.23242
1.23413
1.23473
1.23442
1.23334
1.23162
1.22932
1.22653
1.22332
1.21984
1.21628
1.21289
1.20998
1.20785
1.20672
1.20671
1.20784
1.21001
1.21304
1.21666
1.22055
1.22436
1.22776
1.23043
1.23213
1.23268
1.23201
1.23015
1.22727
1.22375
1.22015
1.21715
1.21538
1.21522
1.21665
1.21929
1.22261
1.22607
1.22925
1.2319
1.23389
1.23514
1.23562
1.23532
1.23419
1.2322
1.22932
1.2255
1.22077
1.21522
1.20906
1.20266
1.19653
1.19131
1.18754
1.18562
1.18558
1.18716
1.1899
1.19323
1.19667
1.19981
1.2024
1.20431
1.20548
1.20597
1.20586
1.20528
1.20439
1.20334
1.20229
1.20135
1.2006
1.20004
1.19967
1.19943
1.19926
1.1991
1.19891
1.19867
1.19837
1.19801
1.19761
1.19717
1.19672
1.19625
1.19577
1.19529
1.1948
1.1943
1.19379
1.19328
1.19277
1.19227
1.19179
1.19135
1.19095
1.19061
1.19032
1.19008
1.18987
1.18966
1.18941
1.18907
1.18857
1.18785
1.18684
1.18548
1.18377
1.1817
1.17935
1.17687
1.17447
1.17239
1.17087
1.17007
1.17004
1.17064
1.17162
1.17262
1.17329
1.17331
1.17245
1.17061
1.16779
1.16412
1.1599
1.15561
1.15201
1.14998
1.15026
1.15305
1.1579
1.16387
1.16996
1.17546
1.17997
1.18341
1.18586
1.18745
1.18833
1.18861
1.18839
1.18772
1.18663
1.18515
1.18332
1.18118
1.17884
1.17642
1.17411
1.17213
1.17066
1.16985
1.16974
1.17026
1.17123
1.17241
1.17357
1.17448
1.17499
1.175
1.17452
1.17364
1.17256
1.17157
1.17096
1.171
1.17182
1.17338
1.17554
1.17802
1.18058
1.18302
1.18521
1.18709
1.18863
1.18984
1.19074
1.19133
1.19162
1.19156
1.19112
1.19025
1.18885
1.18686
1.18422
1.18091
1.17698
1.17258
1.16798
1.16352
1.15957
1.15637
1.15401
1.15236
1.15123
1.15043
1.14993
1.14987
1.15048
1.152
1.15446
1.1577
1.16137
1.16504
1.16831
1.17091
1.1727
1.17364
1.17378
1.1732
1.17203
1.17042
1.16854
1.16658
1.16477
1.16331
1.16239
1.16212
1.16253
1.16353
1.16497
1.16666
1.16841
1.17007
1.17154
1.17275
1.17369
1.17434
1.17472
1.17483
1.1747
1.17434
1.17372
1.17286
1.17174
1.17034
1.16865
1.16669
1.16452
1.16228
1.16015
1.15841
1.15732
1.15709
1.15777
1.15923
1.16118
1.16321
1.16491
1.16594
1.16603
1.16506
1.16308
1.16034
1.15735
1.15475
1.15313
1.15278
1.1535
1.15468
1.15556
1.15553
1.15427
1.1518
1.1485
1.14496
1.14188
1.1399
1.13945
1.14064
1.14327
1.1469
1.15102
1.15512
1.15887
1.16207
1.16466
1.16666
1.16815
1.16917
1.16981
1.1701
1.17005
1.16968
1.16895
1.16785
1.16632
1.16435
1.16192
1.15913
1.15616
1.15335
1.15116
1.15006
1.15036
1.1521
1.15502
1.15867
1.16257
1.16633
1.16969
1.17252
1.17476
1.17641
1.17745
1.17787
1.17766
1.17684
1.17545
1.17364
1.17161
1.16966
1.16811
1.16725
1.16722
1.16799
1.16939
1.17117
1.17309
1.17498
1.17673
1.17833
1.1798
1.18116
1.18248
1.18378
1.18507
1.18636
1.18762
1.18882
1.18991
1.19081
1.1914
1.19149
1.19082
1.18904
1.18574
1.18056
1.17341
1.1648
1.15621
1.14986
1.14773
1.15025
1.15603
1.16287
1.16905
1.17376
1.17693
1.17886
1.17993
1.18046
1.18068
1.18076
1.18082
1.18092
1.18112
1.18145
1.18194
1.1826
1.18342
1.18439
1.18547
1.18664
1.18785
1.18908
1.19028
1.19145
1.19256
1.1936
1.19456
1.19545
1.19626
1.19699
1.19765
1.19822
1.19871
1.19911
1.19939
1.19954
1.19953
1.19933
1.19891
1.19824
1.1973
1.19612
1.19475
1.19328
1.19186
1.19066
1.18985
1.18954
1.18975
1.1904
1.19133
1.19233
1.19322
1.19384
1.19411
1.19399
1.19348
1.19264
1.19155
1.19028
1.18894
1.18764
1.18649
1.18557
1.18499
1.18479
1.18498
1.18553
1.18634
1.18729
1.18819
1.1889
1.18926
1.18916
1.18856
1.18746
1.18595
1.18412
1.18211
1.18005
1.17811
1.17649
1.17548
1.17538
1.17643
1.17872
1.18209
1.18616
1.19046
1.19455
1.19805
1.20079
1.20271
1.20387
1.20442
1.20456
1.20445
1.20423
1.20389
1.20332
1.20235
1.20079
1.19861
1.19606
1.19369
1.19233
1.19268
1.19502
1.19898
1.20375
1.20843
1.21235
1.21516
1.21675
1.21722
1.21674
1.21554
1.21384
1.2119
1.20994
1.20821
1.20687
1.20606
1.20581
1.2061
1.20685
1.20795
1.20929
1.21076
1.21225
1.21368
1.21498
1.21607
1.2169
1.21741
1.21758
1.21743
1.21704
1.21654
1.21608
1.2158
1.21571
1.2157
1.21551
1.21479
1.21327
1.21085
1.20777
1.2046
1.20211
1.20099
1.20151
1.20353
1.20658
1.21009
1.21357
1.21655
1.2187
1.21981
1.2199
1.21921
1.21815
1.21713
1.21636
1.21579
1.21513
1.21403
1.21226
1.20983
1.20703
1.20431
1.20214
1.20085
1.20054
1.20109
1.20227
1.20386
1.20568
1.20766
1.20982
1.21215
1.21464
1.21723
1.21978
1.22215
1.22421
1.22583
1.22698
1.22765
1.22791
1.22784
1.22754
1.2271
1.22656
1.22593
1.22517
1.22419
1.2229
1.22121
1.21907
1.21653
1.21376
1.21106
1.20882
1.20744
1.20714
1.20793
1.20955
1.21158
1.21358
1.2152
1.21624
1.21659
1.21625
1.21527
1.21374
1.21173
1.20934
1.20662
1.20362
1.20039
1.19697
1.19348
1.1901
1.18714
1.18498
1.18395
1.18421
1.18562
1.18782
1.19032
1.19267
1.19459
1.19604
1.19709
1.19792
1.1987
1.1995
1.20026
1.20081
1.20092
1.20032
1.19883
1.19637
1.19307
1.18935
1.18592
1.18363
1.1832
1.18486
1.18825
1.19261
1.1971
1.20108
1.20417
1.20625
1.20736
1.20761
1.20714
1.20613
1.20475
1.20318
1.20159
1.20005
1.19859
1.19712
1.19544
1.19338
1.19083
1.18792
1.18509
1.18299
1.18235
1.18359
1.18663
1.19095
1.19581
1.20057
1.20484
1.20844
1.21137
1.2137
1.21555
1.217
1.21815
1.21906
1.21977
1.22032
1.22073
1.22102
1.22119
1.22126
1.22122
1.22106
1.22075
1.22029
1.21967
1.21891
1.21809
1.21731
1.21667
1.21631
1.2163
1.21665
1.21731
1.21815
1.219
1.21973
1.22022
1.22039
1.22023
1.21975
1.21901
1.21805
1.21693
1.21568
1.2143
1.21278
1.21109
1.2092
1.20716
1.20511
1.2033
1.20209
1.2018
1.20263
1.20454
1.20728
1.21046
1.21372
1.21675
1.2194
1.22158
1.22331
1.22462
1.22555
1.22614
1.22643
1.22643
1.22619
1.22572
1.22507
1.2243
1.22348
1.22267
1.22195
1.22138
1.22099
1.2208
1.2208
1.22094
1.22119
1.22148
1.22177
1.22201
1.22218
1.22224
1.22219
1.22203
1.22176
1.22138
1.2209
1.22032
1.21963
1.21884
1.21794
1.21688
1.21565
1.21419
1.21246
1.21041
1.20804
1.20538
1.20251
1.1996
1.19683
1.19443
1.19256
1.19135
1.19089
1.19126
1.19253
1.19476
1.19791
1.20183
1.20625
1.21084
1.2153
1.2194
1.22301
1.22609
1.22864
1.23073
1.23239
1.2337
1.2347
1.23541
1.23586
1.23605
1.23596
1.23557
1.23486
1.23383
1.23247
1.23084
1.22902
1.22715
1.22541
1.22399
1.22305
1.22267
1.22285
1.22347
1.22434
1.22528
1.2261
1.22672
1.22709
1.22728
1.22735
1.22738
1.22742
1.22743
1.22728
1.22682
1.22587
1.2243
1.22206
1.21918
1.21582
1.21222
1.2087
1.20563
1.20344
1.20249
1.20299
1.20493
1.20797
1.21155
1.21505
1.21792
1.21988
1.2209
1.22119
1.22107
1.22082
1.22054
1.22016
1.21949
1.21833
1.21658
1.21431
1.21176
1.2093
1.20737
1.20636
1.20655
1.20802
1.2106
1.21396
1.2177
1.2214
1.22478
1.22765
1.22994
1.23166
1.23286
1.23363
1.23404
1.23418
1.23411
1.23384
1.23329
1.23226
1.23035
1.22694
1.2212
1.21237
1.20048
1.18755
1.17803
1.17667
1.18445
1.19763
1.21117
1.22201
1.22949
1.23414
1.23678
1.23808
1.23842
1.23793
1.23662
1.23447
1.23159
1.22833
1.22536
1.22352
1.2235
1.22551
1.22912
1.23351
1.23778
1.2413
1.2438
1.24526
1.24589
1.24595
1.24573
1.24547
1.24529
1.24518
1.24504
1.24464
1.24378
1.24226
1.23997
1.23695
1.23342
1.22978
1.22655
1.22426
1.22327
1.22364
1.22515
1.22741
1.23001
1.23271
1.23532
1.23771
1.23971
1.24107
1.2415
1.24083
1.23914
1.23689
1.23492
1.23417
1.23527
1.23814
1.24208
1.24617
1.24967
1.25222
1.25386
1.25486
1.25564
1.25657
1.25794
1.25988
1.26235
1.2652
1.2682
1.27109
1.27368
1.27583
1.27746
1.27855
1.2791
1.27913
1.27867
1.27775
1.27642
1.27468
1.27256
1.27008
1.26723
1.26401
1.26036
1.25622
1.2515
1.24615
1.24023
1.23397
1.22786
1.22257
1.21879
1.21695
1.21706
1.2187
1.22131
1.22433
1.22743
1.23045
1.23338
1.23627
1.23916
1.24201
1.24476
1.24728
1.24943
1.25115
1.25243
1.25332
1.25391
1.2543
1.25454
1.25466
1.25467
1.25455
1.25428
1.25386
1.25333
1.25274
1.25218
1.25169
1.25133
1.2511
1.25096
1.25083
1.25063
1.25029
1.24975
1.24904
1.2482
1.24735
1.24664
1.24619
1.2461
1.24641
1.24704
1.24787
1.24872
1.24941
1.24978
1.2497
1.24909
1.24793
1.24621
1.24402
1.24148
1.23877
1.2361
1.23366
1.23156
1.22983
1.2284
1.22717
1.22608
1.22507
1.22415
1.2233
1.22247
1.22164
1.22094
1.22071
1.22142
1.22339
1.2265
1.2303
1.23436
1.23849
1.24275
1.24722
1.25177
1.25612
1.25994
1.26301
1.26526
1.26679
1.26775
1.26832
1.26862
1.26868
1.26847
1.26787
1.26672
1.26483
1.26205
1.25826
1.25345
1.24773
1.24132
1.23453
1.2277
1.22115
1.2151
1.20978
1.20542
1.20236
1.20085
1.20099
1.20262
1.20543
1.20905
1.21308
1.21714
1.22088
1.22402
1.22636
1.22783
1.2285
1.2285
1.22813
1.2277
1.22756
1.22799
1.22909
1.23085
1.23311
1.23568
1.23839
1.24107
1.24359
1.24584
1.24771
1.24913
1.25004
1.25042
1.2503
1.24973
1.24878
1.24756
1.24614
1.24463
1.24308
1.24152
1.23994
1.23828
1.23644
1.23431
1.2318
1.22883
1.22543
1.22171
1.21791
1.21436
1.21142
1.2094
1.20847
1.20859
1.20957
1.21107
1.21277
1.2144
1.21577
1.2168
1.21748
1.21781
1.21783
1.21751
1.21683
1.21573
1.21417
1.21215
1.20974
1.20715
1.20469
1.20272
1.20154
1.2013
1.20194
1.20324
1.20494
1.20678
1.2086
1.21033
1.21192
1.21335
1.21459
1.21563
1.21647
1.21709
1.21751
1.21775
1.21784
1.21779
1.21761
1.21733
1.21692
1.21637
1.21566
1.21473
1.21357
1.21213
1.21041
1.20843
1.20625
1.20398
1.20173
1.19963
1.19779
1.19624
1.19497
1.19392
1.19304
1.19236
1.19198
1.19207
1.19283
1.19439
1.19673
1.19971
1.20307
1.20651
1.20978
1.2127
1.21517
1.21718
1.21873
1.21987
1.22064
1.22108
1.22124
1.22113
1.22077
1.22018
1.21935
1.21829
1.21701
1.2155
1.21382
1.21199
1.21009
1.20822
1.20648
1.20499
1.20384
1.20313
1.2029
1.20313
1.20378
1.20477
1.20596
1.20722
1.20841
1.2094
1.21008
1.21036
1.21021
1.20968
1.2089
1.2081
1.20755
1.20754
1.20827
1.20979
1.21199
1.21463
1.21745
1.22017
1.22261
1.22466
1.22626
1.22739
1.22807
1.2283
1.22809
1.22744
1.22633
1.22477
1.22276
1.22034
1.21758
1.21463
1.2117
1.20909
1.20711
1.20607
1.20615
1.20735
1.20941
1.21189
1.21421
1.21577
1.21605
1.21465
1.21139
1.2064
1.20024
1.19398
1.18898
1.18647
1.18701
1.19024
1.19519
1.20074
1.20604
1.21063
1.2143
1.21706
1.21902
1.22029
1.22101
1.22131
1.22131
1.2211
1.22079
1.22045
1.22016
1.21996
1.2199
1.22002
1.22032
1.22079
1.2214
1.22212
1.22289
1.22368
1.22443
1.22511
1.22568
1.22608
1.22628
1.22622
1.22584
1.22509
1.22392
1.22231
1.22029
1.21797
1.21553
1.21324
1.21141
1.21033
1.21019
1.21101
1.21269
1.21498
1.21764
1.22042
1.22313
1.22565
1.2279
1.22983
1.23142
1.23269
1.23364
1.2343
1.23468
1.23483
1.23475
1.23447
1.23401
1.23338
1.23257
1.23156
1.23032
1.22878
1.22691
1.22468
1.22214
1.21947
1.21704
1.21535
1.21491
1.21607
1.21879
1.22269
1.22711
1.23138
1.23495
1.23744
1.23863
1.23843
1.2368
1.23378
1.22947
1.22408
1.21798
1.21168
1.20579
1.20092
1.19753
1.19582
1.19566
1.19677
1.19876
1.20129
1.20409
1.20699
1.20985
1.21249
1.21476
1.21647
1.21751
1.21794
1.218
1.21817
1.21901
1.22096
1.22416
1.22831
1.23287
1.23728
1.24109
1.24407
1.24614
1.24736
1.24784
1.24768
1.247
1.24588
1.24441
1.24265
1.24064
1.23843
1.23609
1.23365
1.23117
1.22867
1.22619
1.22375
1.22135
1.21898
1.21662
1.21427
1.21192
1.20965
1.20759
1.20595
1.20498
1.2049
1.2058
1.20758
1.20997
1.21259
1.21501
1.21688
1.21794
1.21812
1.21756
1.21667
1.21614
1.2168
1.21922
1.22351
1.22917
1.23535
1.24118
1.24601
1.24946
1.25138
1.25171
1.25044
1.24755
1.243
1.23682
1.22912
1.22033
1.21127
1.20318
1.19738
1.19484
1.19567
1.19912
1.20392
1.20882
1.2129
1.21561
1.21662
1.21564
1.2124
1.20688
1.19985
1.19332
1.19016
1.1925
1.20011
1.21063
1.2214
1.23071
1.238
1.24336
1.2471
1.24948
1.25069
1.25085
1.25004
1.24833
1.24582
1.24268
1.23918
1.23566
1.23252
1.23009
1.22854
1.2278
1.2276
1.22756
1.22733
1.22674
1.22582
1.22485
1.2242
1.22423
1.22514
1.22684
1.22906
1.23142
1.23356
1.23524
1.2363
1.23671
1.23648
1.23566
1.23429
1.23245
1.23017
1.22753
1.2246
1.22147
1.21823
1.215
1.21187
1.20897
1.20635
1.2041
1.20228
1.20096
1.20022
1.20017
1.20089
1.2024
1.20463
1.20741
1.21048
1.21355
1.21633
1.21859
1.22013
1.22084
1.22066
1.21962
1.21783
1.21552
1.21295
1.21042
1.20812
1.2061
1.20425
1.20242
1.20051
1.19858
1.19691
1.19588
1.19584
1.19699
1.19929
1.20249
1.20619
1.20995
1.21342
1.21634
1.2186
1.22015
1.22106
1.22139
1.22127
1.22079
1.22006
1.21917
1.21822
1.21727
1.21639
1.21565
1.21509
1.21474
1.21462
1.21474
1.21505
1.21552
1.2161
1.2167
1.21725
1.21771
1.21801
1.21814
1.21811
1.21795
1.21772
1.21751
1.21739
1.21743
1.21767
1.21812
1.21874
1.21948
1.22026
1.22099
1.2216
1.22202
1.2222
1.2221
1.22172
1.22104
1.22007
1.21885
1.21741
1.21582
1.21417
1.21257
1.21111
1.20991
1.20904
1.20854
1.20842
1.20864
1.20913
1.2098
1.2106
1.21144
1.21228
1.21308
1.21379
1.21439
1.21486
1.21516
1.21529
1.21523
1.21497
1.21449
1.2138
1.21289
1.21176
1.21046
1.20905
1.20758
1.20615
1.20483
1.20368
1.20275
1.20207
1.20166
1.20155
1.20176
1.20228
1.20311
1.20418
1.20545
1.20684
1.20828
1.2097
1.21106
1.21234
1.21352
1.21459
1.21554
1.21638
1.21709
1.21768
1.21813
1.21841
1.2185
1.21837
1.21798
1.21729
1.21626
1.21486
1.2131
1.211
1.20865
1.2062
1.20385
1.20188
1.20058
1.20018
1.20078
1.20233
1.2046
1.20728
1.21001
1.21247
1.21442
1.21572
1.21626
1.21603
1.21506
1.21348
1.21151
1.2095
1.20792
1.2072
1.20762
1.2091
1.21125
1.21345
1.2151
1.21576
1.21532
1.21395
1.21205
1.21011
1.20849
1.20733
1.20649
1.20578
1.20504
1.20431
1.20384
1.20391
1.20475
1.20633
1.20843
1.21066
1.21264
1.21411
1.21499
1.21541
1.21564
1.21606
1.21702
1.21874
1.22125
1.22438
1.22784
1.23131
1.23454
1.23735
1.23968
1.24155
1.24301
1.24416
1.24507
1.24581
1.24641
1.24688
1.24718
1.24729
1.24717
1.24678
1.24611
1.24521
1.24415
1.24308
1.24217
1.24161
1.24159
1.24221
1.24348
1.24536
1.24771
1.25038
1.25323
1.25614
1.25901
1.26177
1.26438
1.26678
1.26894
1.27082
1.2724
1.27361
1.27444
1.27483
1.27474
1.27415
1.27302
1.27136
1.2692
1.26666
1.2639
1.26115
1.25868
1.25676
1.25559
1.25528
1.25579
1.25699
1.25863
1.26038
1.26183
1.26256
1.26225
1.26075
1.2582
1.2551
1.25224
1.25054
1.2507
1.25292
1.25693
1.2621
1.26778
1.27345
1.27869
1.28324
1.28688
1.28948
1.29096
1.29133
1.29067
1.28915
1.28695
1.28424
1.28113
1.27768
1.27388
1.2697
1.2652
1.2606
1.25635
1.25303
1.25121
1.25117
1.25283
1.25575
1.25934
1.26304
1.26641
1.26919
1.27125
1.27256
1.27315
1.27311
1.27255
1.27159
1.27037
1.26894
1.26736
1.26558
1.26354
1.26116
1.25838
1.25524
1.25186
1.24844
1.24522
1.2424
1.24009
1.23829
1.23686
1.23564
1.23447
1.23326
1.23201
1.23082
1.22983
1.22917
1.22894
1.22915
1.22975
1.23058
1.23145
1.2322
1.23265
1.23271
1.23234
1.23155
1.2304
1.22899
1.22739
1.2257
1.22396
1.22225
1.22058
1.21899
1.2175
1.2161
1.21477
1.21344
1.21204
1.21044
1.20856
1.2063
1.20363
1.20056
1.19721
1.19375
1.19048
1.1877
1.18572
1.1847
1.18457
1.1851
1.18596
1.18686
1.18764
1.18832
1.18898
1.18977
1.19076
1.19197
1.19332
1.1947
1.19599
1.19709
1.19795
1.19855
1.19889
1.19902
1.19896
1.19874
1.1984
1.19796
1.19744
1.19685
1.1962
1.1955
1.19475
1.19394
1.19308
1.19216
1.19118
1.19015
1.18907
1.18793
1.18673
1.18547
1.18413
1.18269
1.18115
1.17949
1.1777
1.1758
1.17382
1.17183
1.16989
1.16812
1.16662
1.1655
1.16484
1.1647
1.16508
1.16597
1.1673
1.16899
1.17093
1.17302
1.17519
1.17733
1.1794
1.18135
1.18315
1.18478
1.18624
1.18753
1.18867
1.18967
1.19055
1.19134
1.19204
1.19267
1.19325
1.19379
1.19429
1.19475
1.19517
1.19553
1.19581
1.19599
1.19605
1.19595
1.19567
1.19519
1.19454
1.19373
1.19286
1.19201
1.19132
1.19088
1.19076
1.19094
1.19134
1.19182
1.19222
1.1924
1.1923
1.19189
1.19122
1.19037
1.1894
1.18838
1.18735
1.18636
1.18546
1.18477
1.18439
1.18444
1.18496
1.18592
1.18721
1.18867
1.19014
1.19148
1.19263
1.1936
1.19448
1.19541
1.1965
1.19785
1.1995
1.20143
1.20357
1.20585
1.2082
1.21056
1.21288
1.21515
1.21733
1.21942
1.22139
1.22323
1.22491
1.22641
1.2277
1.22876
1.22957
1.23011
1.23039
1.23039
1.23013
1.22962
1.22888
1.22795
1.22689
1.22577
1.22467
1.22368
1.2229
1.2224
1.22222
1.22236
1.22279
1.22344
1.22421
1.22503
1.22583
1.22655
1.22718
1.22769
1.22812
1.22847
1.22877
1.22906
1.22937
1.22973
1.23018
1.23073
1.23142
1.23223
1.23317
1.23421
1.23532
1.23646
1.2376
1.23869
1.23969
1.2406
1.24142
1.24215
1.24283
1.24351
1.24424
1.24507
1.24602
1.24714
1.24841
1.24982
1.25132
1.25283
1.25426
1.2555
1.25641
1.25686
1.25673
1.25594
1.25446
1.25237
1.24981
1.24707
1.24452
1.24256
1.24153
1.24167
1.24305
1.24554
1.24886
1.25262
1.25642
1.2599
1.26279
1.26489
1.26604
1.26617
1.26522
1.26317
1.26004
1.25593
1.25103
1.24563
1.24015
1.23504
1.23076
1.22767
1.22594
1.22553
1.22614
1.22736
1.22865
1.22956
1.22978
1.22924
1.2281
1.22671
1.22551
1.2249
1.2252
1.22654
1.2289
1.23212
1.23594
1.24008
1.24423
1.24812
1.25151
1.25423
1.25615
1.25723
1.25747
1.25695
1.25586
1.25444
1.25301
1.25191
1.25138
1.25156
1.2524
1.2537
1.25518
1.25653
1.25749
1.25783
1.2574
1.2561
1.25388
1.25076
1.24686
1.24243
1.23781
1.23342
1.22961
1.22658
1.22438
1.22292
1.22212
1.2219
1.22222
1.22297
1.22401
1.22511
1.226
1.22648
1.22644
1.22589
1.22497
1.22389
1.22288
1.22214
1.2218
1.22189
1.22244
1.22345
1.22495
1.22696
1.22949
1.23243
1.2356
1.23877
1.24167
1.24404
1.2457
1.2465
1.24637
1.24529
1.24329
1.24042
1.2368
1.2326
1.2281
1.22365
1.21971
1.21676
1.2152
1.21528
1.21697
1.22002
1.22399
1.2284
1.23282
1.23691
1.24048
1.24341
1.24569
1.24734
1.24841
1.24896
1.24903
1.24867
1.2479
1.24677
1.24532
1.24357
1.24159
1.23943
1.23716
1.23486
1.2326
1.23045
1.22848
1.22672
1.22519
1.22385
1.22266
1.22156
1.22049
1.2194
1.21827
1.21707
1.21583
1.21456
1.21324
1.21189
1.21049
1.20905
1.20763
1.20632
1.20527
1.2046
1.2044
1.20467
1.20534
1.20627
1.20732
1.20837
1.20936
1.21026
1.21107
1.21179
1.21241
1.21293
1.21334
1.21364
1.21387
1.2141
1.21437
1.21475
1.21526
1.21588
1.21654
1.21712
1.2175
1.2175
1.21696
1.2157
1.21353
1.2103
1.20586
1.20021
1.19352
1.18633
1.17954
1.1743
1.17162
1.17192
1.17476
1.17919
1.18412
1.18875
1.19263
1.19564
1.19784
1.19939
1.20045
1.20117
1.20168
1.20205
1.20234
1.20257
1.20275
1.20289
1.20299
1.20304
1.20306
1.20304
1.20299
1.20287
1.20266
1.2023
1.20169
1.2007
1.19919
1.19695
1.19381
1.18963
1.18443
1.17852
1.17265
1.16795
1.16561
1.16636
1.17
1.17555
1.18177
1.18765
1.1926
1.19647
1.19932
1.20132
1.20267
1.20355
1.20411
1.20447
1.20471
1.20489
1.20504
1.20516
1.20527
1.20534
1.20535
1.20528
1.20512
1.20486
1.20449
1.20405
1.20355
1.20304
1.20253
1.20204
1.20156
1.20107
1.20051
1.19983
1.19895
1.19782
1.19638
1.19462
1.19254
1.19023
1.18779
1.18541
1.18331
1.18171
1.18085
1.18088
1.18187
1.18379
1.18651
1.18983
1.19348
1.19723
1.20083
1.20412
1.20694
1.20921
1.21088
1.21193
1.21234
1.21215
1.21139
1.21016
1.20856
1.20676
1.20496
1.20336
1.20216
1.20144
1.20121
1.20136
1.20172
1.20209
1.2023
1.20221
1.20176
1.20095
1.19983
1.19848
1.19699
1.19547
1.19401
1.19269
1.19153
1.19051
1.18958
1.18864
1.18759
1.1864
1.18509
1.18385
1.18296
1.18273
1.18335
1.18479
1.18675
1.18875
1.1903
1.19097
1.19052
1.18889
1.18617
1.18258
1.17848
1.17432
1.17059
1.16773
1.16607
1.16573
1.16662
1.16847
1.17096
1.17375
1.1766
1.17931
1.18181
1.18402
1.18589
1.18736
1.18836
1.18884
1.18872
1.18797
1.18661
1.18472
1.18247
1.18008
1.17782
1.1759
1.17441
1.17325
1.17219
1.17096
1.16929
1.16711
1.1645
1.16175
1.15919
1.15716
1.15586
1.15535
1.15552
1.15616
1.15698
1.15771
1.15813
1.1581
1.15757
1.15652
1.15487
1.15252
1.14928
1.14501
1.13986
1.13444
1.12993
1.12778
1.12893
1.1332
1.1394
1.14598
1.15176
1.15616
1.15912
1.16085
1.16166
1.16186
1.16168
1.1613
1.16084
1.16034
1.15982
1.15924
1.15858
1.15778
1.15679
1.15555
1.15403
1.15219
1.15004
1.1476
1.14494
1.14214
1.13931
1.13649
1.13371
1.13101
1.12849
1.12647
1.12548
1.12609
1.12858
1.13276
1.13794
1.14325
1.14794
1.15157
1.15399
1.15528
1.15563
1.15533
1.15468
1.15397
1.15344
1.15326
1.15352
1.15422
1.15531
1.15671
1.1583
1.15997
1.16159
1.16307
1.16427
1.16511
1.16551
1.1654
1.16476
1.16359
1.16191
1.15978
1.15728
1.15454
1.15173
1.14906
1.14675
1.14504
1.14408
1.14396
1.14464
1.14602
1.14794
1.15023
1.15279
1.15551
1.15835
1.16122
1.16403
1.16662
1.16884
1.17057
1.17173
1.1723
1.17235
1.17201
1.17143
1.17072
1.16997
1.16917
1.16822
1.16698
1.1653
1.16307
1.16022
1.15683
1.15306
1.14922
1.14571
1.14299
1.14148
1.14146
1.14296
1.14573
1.14928
1.15304
1.15649
1.1593
1.16129
1.16252
1.16316
1.16347
1.16369
1.16402
1.16451
1.16506
1.1654
1.16516
1.16388
1.16103
1.15611
1.14881
1.13938
1.12912
1.12051
1.11638
1.11814
1.12474
1.13357
1.14221
1.14937
1.15479
1.15872
1.16158
1.16374
1.16544
1.16687
1.16812
1.16922
1.17019
1.17103
1.17171
1.17222
1.17253
1.17262
1.17247
1.17207
1.17142
1.17057
1.16958
1.16856
1.16767
1.16706
1.16688
1.16723
1.16812
1.1695
1.17121
1.1731
1.175
1.17675
1.17826
1.17946
1.18031
1.18079
1.18089
1.18059
1.1799
1.1788
1.17726
1.17529
1.17286
1.16997
1.16664
1.1629
1.15882
1.15452
1.1502
1.14615
1.14274
1.14034
1.13928
1.13976
1.1418
1.14522
1.14971
1.15488
1.16032
1.16568
1.17072
1.17526
1.17923
1.18262
1.18544
1.18773
1.18953
1.1909
1.19188
1.1925
1.1928
1.19281
1.19255
1.19205
1.19132
1.19038
1.18923
1.18788
1.18637
1.18469
1.1829
1.18103
1.17914
1.1773
1.17561
1.17415
1.17302
1.17231
1.17206
1.1723
1.17298
1.17404
1.17537
1.17687
1.17843
1.17996
1.18142
1.18275
1.18393
1.18494
1.18574
1.18627
1.18647
1.18625
1.18552
1.18424
1.18239
1.18009
1.17758
1.17528
1.1737
1.17329
1.17427
1.17654
1.17972
1.1833
1.18681
1.18992
1.19247
1.19442
1.19581
1.19673
1.19725
1.19746
1.19739
1.19704
1.19633
1.19515
1.1933
1.19058
1.18682
1.18197
1.17633
1.17063
1.16598
1.16348
1.16363
1.16603
1.16956
1.17297
1.17537
1.17636
1.17596
1.17446
1.17232
1.17006
1.16818
1.16708
1.16695
1.16773
1.16911
1.17059
1.17172
1.17221
1.17214
1.17191
1.17218
1.17352
1.17616
1.17986
1.18408
1.18821
1.19179
1.19461
1.19663
1.19795
1.1987
1.19905
1.19913
1.19906
1.19895
1.19886
1.19886
1.19899
1.19925
1.19967
1.20023
1.20092
1.20169
1.20253
1.20338
1.20422
1.205
1.20567
1.20618
1.20649
1.20652
1.20622
1.2055
1.20428
1.20248
1.20009
1.19711
1.19369
1.19011
1.18681
1.18431
1.18307
1.18338
1.18522
1.18829
1.19211
1.19622
1.20022
1.20383
1.20688
1.20931
1.21108
1.21222
1.21274
1.21268
1.21211
1.21109
1.2097
1.20807
1.20635
1.20472
1.20337
1.20249
1.20223
1.20266
1.20377
1.20549
1.20766
1.2101
1.21266
1.21518
1.21754
1.21966
1.22147
1.22296
1.22408
1.22484
1.22524
1.22528
1.22497
1.22435
1.22346
1.22235
1.22111
1.2198
1.21851
1.2173
1.21619
1.21521
1.21434
1.21355
1.2128
1.21207
1.21135
1.21061
1.20987
1.20909
1.20825
1.20729
1.20614
1.20477
1.20321
1.20164
1.20042
1.20002
1.20089
1.20322
1.20682
1.21118
1.21565
1.21966
1.22284
1.22503
1.22622
1.22649
1.22596
1.22477
1.22306
1.22096
1.2186
1.21613
1.21374
1.21163
1.21001
1.20903
1.20878
1.2092
1.21013
1.21131
1.21248
1.21344
1.21406
1.21427
1.21412
1.21367
1.213
1.21221
1.21135
1.21047
1.2096
1.20875
1.20798
1.20732
1.20685
1.20663
1.20669
1.20706
1.2077
1.20855
1.20954
1.21056
1.21152
1.21232
1.21287
1.21312
1.21303
1.21261
1.21188
1.21095
1.20993
1.20898
1.20826
1.20791
1.208
1.20852
1.20939
1.21043
1.2114
1.21207
1.21215
1.21144
1.20977
1.20716
1.20382
1.20029
1.19737
1.19588
1.19637
1.19883
1.20271
1.2072
1.21156
1.21533
1.21829
1.22044
1.22189
1.22277
1.22322
1.22336
1.22329
1.22308
1.22279
1.22246
1.22212
1.22179
1.22144
1.22106
1.22058
1.21995
1.21906
1.21785
1.21625
1.21427
1.21202
1.20969
1.20759
1.20605
1.2053
1.20541
1.20624
1.20756
1.20908
1.21062
1.21212
1.21362
1.21523
1.21706
1.21915
1.22149
1.224
1.22655
1.22902
1.23127
1.23321
1.23475
1.23587
1.23657
1.23691
1.23699
1.23694
1.23694
1.23711
1.23752
1.23817
1.23897
1.23981
1.24057
1.24118
1.24164
1.24198
1.24226
1.24254
1.24285
1.24316
1.24345
1.24369
1.24385
1.24396
1.24406
1.24422
1.24453
1.24504
1.24578
1.24673
1.24782
1.24896
1.2501
1.25119
1.25226
1.25332
1.25439
1.2554
1.25625
1.25678
1.25682
1.25624
1.25494
1.25292
1.25021
1.24694
1.2433
1.2395
1.23577
1.23235
1.2294
1.22703
1.22531
1.22421
1.22369
1.22366
1.22401
1.22465
1.22553
1.22658
1.22782
1.22925
1.23088
1.2327
1.23465
1.23664
1.23855
1.24027
1.24168
1.24273
1.24337
1.24361
1.24346
1.24295
1.24213
1.24101
1.23964
1.23802
1.23617
1.23407
1.23175
1.22922
1.22654
1.22378
1.22107
1.21855
1.21636
1.21465
1.21347
1.21287
1.21279
1.21317
1.2139
1.2149
1.21606
1.21729
1.2185
1.21963
1.22058
1.22128
1.22166
1.22163
1.22109
1.21991
1.21799
1.21521
1.21154
1.20708
1.20219
1.19748
1.19376
1.1918
1.19197
1.19409
1.19757
1.20167
1.20578
1.20953
1.21278
1.21553
1.21783
1.21975
1.22137
1.22275
1.22392
1.22493
1.22581
1.22659
1.22729
1.22792
1.22849
1.22901
1.22947
1.22987
1.23018
1.23038
1.23045
1.23035
1.23006
1.22954
1.22879
1.22781
1.22664
1.22537
1.22414
1.22316
1.22265
1.22282
1.2238
1.22561
1.22813
1.23113
1.23435
1.23754
1.2405
1.24308
1.2452
1.2468
1.24783
1.24828
1.24812
1.24734
1.24597
1.2441
1.2419
1.23961
1.23752
1.23591
1.23495
1.23463
1.23479
1.23519
1.23562
1.23594
1.23615
1.23637
1.23676
1.23745
1.23853
1.24
1.2418
1.24381
1.2459
1.24795
1.24986
1.25157
1.25304
1.25425
1.25523
1.25597
1.25651
1.25684
1.257
1.257
1.25687
1.25661
1.25626
1.25581
1.25525
1.25457
1.25372
1.25266
1.25133
1.24971
1.2478
1.24563
1.24332
1.24101
1.2389
1.23721
1.23615
1.23586
1.23641
1.23777
1.23976
1.24211
1.24454
1.24677
1.24858
1.24981
1.25041
1.25038
1.24976
1.24867
1.24728
1.24582
1.24457
1.24384
1.24389
1.24488
1.2468
1.24948
1.25264
1.25597
1.25919
1.2621
1.2646
1.26662
1.26816
1.26921
1.26977
1.2698
1.26923
1.26794
1.26578
1.26261
1.2583
1.25292
1.24681
1.24066
1.23548
1.23222
1.23138
1.23273
1.23549
1.23874
1.24179
1.24422
1.2459
1.24682
1.24705
1.24669
1.24582
1.24454
1.24293
1.24108
1.23904
1.23688
1.23471
1.23269
1.23107
1.23012
1.23011
1.23115
1.2332
1.23601
1.23922
1.24251
1.24558
1.24829
1.25052
1.25226
1.25346
1.25405
1.25395
1.25302
1.25114
1.24825
1.24442
1.23993
1.23531
1.23124
1.22843
1.22739
1.22818
1.23048
1.23367
1.23708
1.24015
1.24253
1.24403
1.24462
1.24436
1.24337
1.24183
1.23995
1.23795
1.23604
1.23441
1.23318
1.2324
1.23208
1.23219
1.23274
1.23378
1.23538
1.2376
1.24041
1.24367
1.24712
1.25046
1.25344
1.2559
1.25779
1.25915
1.26012
1.26084
1.26146
1.26206
1.26267
1.26321
1.26355
1.26346
1.26269
1.26096
1.25799
1.25357
1.24773
1.24094
1.23431
1.22939
1.22753
1.22907
1.23307
1.23796
1.24237
1.24564
1.24777
1.2491
1.2501
1.25113
1.25236
1.25379
1.25532
1.25679
1.25809
1.25913
1.25989
1.26035
1.26054
1.2605
1.26025
1.25985
1.25935
1.25876
1.25809
1.25731
1.25637
1.25523
1.25383
1.25219
1.25035
1.24836
1.24632
1.24426
1.24215
1.23993
1.23746
1.23468
1.23161
1.22847
1.22566
1.22368
1.22303
1.22403
1.2267
1.23074
1.23559
1.24063
1.24526
1.24907
1.25176
1.25319
1.2533
1.2521
1.24966
1.24611
1.24169
1.2367
1.2316
1.2269
1.2231
1.2206
1.21959
1.22003
1.22169
1.22426
1.22743
1.23091
1.23451
1.23809
1.24152
1.24471
1.24758
1.25006
1.25212
1.25372
1.25487
1.25556
1.25582
1.25564
1.25503
1.25399
1.25249
1.2505
1.24799
1.24492
1.24125
1.23696
1.23204
1.22657
1.22067
1.21462
1.20882
1.20382
1.20018
1.19841
1.19874
1.20105
1.20496
1.2099
1.2153
1.22068
1.22569
1.2301
1.2338
1.23675
1.23895
1.24044
1.2413
1.24158
1.24138
1.24079
1.2399
1.23881
1.23762
1.23643
1.23533
1.23436
1.23353
1.23282
1.23213
1.23131
1.23017
1.2285
1.22613
1.22299
1.21924
1.21528
1.21171
1.20921
1.20824
1.20883
1.21068
1.21327
1.21619
1.21924
1.22239
1.22567
1.22911
1.23267
1.23628
1.23984
1.24324
1.24634
1.24898
1.25099
1.25222
1.25253
1.25181
1.24999
1.24702
1.24291
1.23771
1.23161
1.22499
1.21846
1.21285
1.20893
1.20717
1.2075
1.20925
1.21152
1.21347
1.21462
1.2149
1.21467
1.2145
1.21503
1.2167
1.21963
1.22358
1.22811
1.23274
1.23707
1.24086
1.24403
1.24661
1.24867
1.25034
1.2517
1.25284
1.25379
1.25458
1.25519
1.25559
1.25574
1.25558
1.25504
1.25406
1.25259
1.25059
1.24807
1.24512
1.2419
1.23866
1.23569
1.23326
1.23155
1.23059
1.23025
1.23029
1.23046
1.23054
1.23039
1.22993
1.22925
1.22849
1.22792
1.22782
1.22839
1.22971
1.23165
1.23399
1.23646
1.23883
1.24096
1.24274
1.24411
1.24506
1.24558
1.24568
1.24538
1.24474
1.24382
1.24271
1.24154
1.24048
1.23971
1.23941
1.23969
1.24066
1.24243
1.2451
1.2487
1.2531
1.25791
1.26257
1.26643
1.26895
1.26973
1.26857
1.26551
1.26082
1.25502
1.24884
1.24307
1.23834
1.23509
1.23345
1.23341
1.23474
1.23708
1.24
1.24316
1.24639
1.24971
1.25324
1.25706
1.26116
1.2654
1.26958
1.27345
1.27679
1.27943
1.28128
1.28236
1.28273
1.28252
1.28187
1.28091
1.27972
1.27832
1.27669
1.27472
1.27231
1.26937
1.26599
1.26257
1.25982
1.25858
1.25941
1.26229
1.26659
1.27148
1.27626
1.28057
1.28433
1.28761
1.2905
1.29306
1.29532
1.29727
1.29889
1.30018
1.3011
1.30165
1.3018
1.30152
1.30079
1.29961
1.29799
1.29596
1.2936
1.29099
1.28821
1.28533
1.2824
1.27947
1.27667
1.27422
1.27246
1.27171
1.2721
1.2735
1.27552
1.27767
1.27954
1.28089
1.28168
1.28199
1.28197
1.28175
1.28144
1.2811
1.28072
1.28027
1.27973
1.27908
1.27831
1.27745
1.2765
1.2755
1.27445
1.27333
1.27212
1.27079
1.26936
1.26784
1.26633
1.2649
1.26363
1.26248
1.26135
1.26006
1.2584
1.25629
1.25376
1.25106
1.24854
1.24657
1.24538
1.245
1.24526
1.2459
1.24667
1.24739
1.24797
1.24846
1.24894
1.24956
1.25045
1.25169
1.2533
1.25516
1.25709
1.25882
1.26007
1.26055
1.26004
1.25834
1.25534
1.25099
1.24542
1.23905
1.2327
1.22752
1.22471
1.22486
1.22756
1.23162
1.23568
1.23879
1.24059
1.2412
1.24105
1.24064
1.24038
1.24045
1.24076
1.24098
1.24068
1.23943
1.23697
1.23322
1.22833
1.22265
1.21678
1.21157
1.20815
1.20761
1.21062
1.21692
1.2254
1.23451
1.24294
1.24987
1.25503
1.25848
1.26045
1.26125
1.26111
1.26026
1.25884
1.25698
1.25474
1.25217
1.24931
1.24619
1.24285
1.23935
1.23577
1.23226
1.22899
1.22615
1.22394
1.2225
1.22185
1.22192
1.22251
1.22336
1.22422
1.22495
1.22553
1.22607
1.22678
1.22787
1.22947
1.23162
1.2342
1.23701
1.23979
1.24227
1.24425
1.24556
1.24618
1.24615
1.2456
1.24476
1.24388
1.24321
1.243
1.24339
1.24446
1.24618
1.24844
1.25108
1.25391
1.25675
1.25943
1.26186
1.26393
1.26561
1.26688
1.26774
1.26824
1.2684
1.26829
1.26798
1.26753
1.26701
1.2665
1.26604
1.2657
1.26549
1.26544
1.26556
1.26581
1.26619
1.26666
1.2672
1.26778
1.26838
1.26901
1.26966
1.27032
1.27101
1.27171
1.27244
1.27318
1.27392
1.27464
1.27532
1.27594
1.27646
1.27684
1.27704
1.277
1.27667
1.27599
1.27488
1.27328
1.27113
1.26838
1.26501
1.26106
1.25664
1.25197
1.24743
1.2435
1.2407
1.23945
1.23986
1.24168
1.24433
1.24712
1.24937
1.25061
1.25062
1.24942
1.24731
1.24476
1.24239
1.24074
1.24018
1.24074
1.24218
1.24412
1.24616
1.24798
1.24939
1.25031
1.25071
1.25064
1.25019
1.2495
1.24875
1.24811
1.24772
1.24765
1.24784
1.2482
1.24854
1.2487
1.24852
1.24791
1.24678
1.24514
1.24296
1.24024
1.23696
1.23307
1.22846
1.22299
1.21664
1.20958
1.2025
1.19658
1.19321
1.19325
1.19649
1.20173
1.20748
1.21269
1.2169
1.22011
1.22258
1.22455
1.22624
1.22774
1.2291
1.23029
1.23129
1.23207
1.23261
1.23289
1.2329
1.23262
1.23203
1.23108
1.22974
1.22795
1.22565
1.22282
1.21944
1.21558
1.2114
1.20715
1.20318
1.1999
1.19768
1.19678
1.19727
1.19905
1.20184
1.2053
1.20904
1.21273
1.21611
1.21903
1.22144
1.22337
1.2249
1.22613
1.22713
1.22793
1.22851
1.22885
1.22887
1.22853
1.22785
1.22685
1.22566
1.22441
1.2233
1.22251
1.22218
1.22242
1.22325
1.22463
1.22647
1.22864
1.231
1.23339
1.23567
1.23766
1.23918
1.24007
1.24012
1.23916
1.23706
1.23381
1.22957
1.22478
1.22015
1.21654
1.21467
1.21479
1.21657
1.21922
1.22185
1.22375
1.22457
1.22426
1.22301
1.22112
1.21893
1.21676
1.21496
1.21388
1.21385
1.21505
1.21742
1.22063
1.22417
1.22752
1.23029
1.23227
1.2334
1.23378
1.23356
1.23293
1.23212
1.23136
1.23089
1.23094
1.23167
1.23313
1.23526
1.2379
1.24083
1.24382
1.2467
1.24933
1.25166
1.25366
1.2553
1.25659
1.25752
1.25808
1.25821
1.25785
1.25693
1.25536
1.25303
1.24991
1.24605
1.24168
1.23725
1.2334
1.23084
1.23007
1.2312
1.2339
1.23757
1.24159
1.24547
1.24893
1.25182
1.25411
1.25579
1.25689
1.25744
1.25751
1.25714
1.25643
1.25545
1.25431
1.25309
1.25186
1.25069
1.24959
1.2486
1.24772
1.24698
1.24643
1.24611
1.24608
1.24636
1.24689
1.2476
1.24834
1.24901
1.24955
1.25
1.2504
1.25083
1.2513
1.25174
1.25205
1.25216
1.25208
1.25188
1.25168
1.25153
1.25141
1.25116
1.25057
1.24939
1.24744
1.24458
1.2407
1.23569
1.22942
1.22187
1.21331
1.20449
1.19672
1.19156
1.19028
1.19319
1.19959
1.2082
1.21773
1.22724
1.23618
1.24421
1.25112
1.25682
1.26125
1.26445
1.26648
1.26746
1.26751
1.26674
1.26527
1.2632
1.26064
1.2577
1.2545
1.25118
1.24789
1.2448
1.24209
1.23989
1.23834
1.23749
1.23737
1.23791
1.23905
1.24066
1.24259
1.24472
1.24692
1.24909
1.25116
1.2531
1.2549
1.25657
1.25811
1.25953
1.26079
1.2618
1.26245
1.26255
1.26186
1.26014
1.2571
1.25256
1.24653
1.23942
1.23222
1.22646
1.22364
1.22445
1.22825
1.23346
1.23842
1.24199
1.24376
1.24382
1.24259
1.24059
1.23836
1.23636
1.23496
1.23441
1.23486
1.23634
1.23878
1.24198
1.24568
1.24959
1.25345
1.25704
1.2602
1.26285
1.26493
1.26643
1.26736
1.26775
1.26764
1.26709
1.2662
1.26507
1.26384
1.26263
1.26158
1.26078
1.26024
1.25995
1.25983
1.25977
1.25967
1.25947
1.25911
1.25859
1.25794
1.25723
1.25652
1.25593
1.25555
1.25549
1.25584
1.25665
1.25793
1.2596
1.26156
1.26364
1.26567
1.26748
1.26892
1.26988
1.27031
1.2702
1.26961
1.26868
1.26763
1.26671
1.26619
1.26629
1.26716
1.26881
1.27114
1.27396
1.27703
1.28011
1.28298
1.28547
1.28746
1.28888
1.28967
1.2898
1.28928
1.2881
1.2863
1.28396
1.28116
1.27804
1.27477
1.27152
1.26849
1.26585
1.26375
1.2623
1.26162
1.26179
1.26293
1.2651
1.26828
1.2723
1.27685
1.2815
1.28589
1.28973
1.29291
1.29541
1.29731
1.29875
1.29986
1.30079
1.30165
1.30254
1.30349
1.30451
1.30553
1.30647
1.30719
1.30755
1.30742
1.30669
1.3053
1.30325
1.30063
1.29758
1.29431
1.29103
1.28787
1.28488
1.28203
1.27919
1.2763
1.27332
1.27033
1.26747
1.26492
1.2629
1.26156
1.26101
1.26124
1.26218
1.26365
1.26545
1.26735
1.26916
1.27072
1.27191
1.2727
1.27312
1.27328
1.27334
1.27353
1.27408
1.27518
1.27693
1.27933
1.28224
1.28545
1.28872
1.29183
1.29461
1.29695
1.2988
1.30014
1.301
1.30139
1.30134
1.30086
1.29995
1.29858
1.29671
1.29429
1.29125
1.28755
1.28319
1.27826
1.27299
1.26775
1.26305
1.25942
1.25725
1.25666
1.25745
1.25921
1.26145
1.26373
1.26576
1.26736
1.26846
1.26906
1.2692
1.26894
1.26839
1.26771
1.26709
1.26675
1.26689
1.26759
1.26887
1.27059
1.2726
1.27472
1.2768
1.27871
1.28036
1.28169
1.28261
1.28305
1.28291
1.28212
1.28061
1.27833
1.27528
1.27148
1.26705
1.26215
1.25701
1.25197
1.24742
1.24377
1.24139
1.24051
1.24115
1.24312
1.24606
1.24958
1.25331
1.25698
1.26041
1.26354
1.26634
1.26886
1.27112
1.27318
1.27506
1.27678
1.27831
1.27966
1.28078
1.28164
1.28223
1.28252
1.28254
1.2823
1.28188
1.28136
1.28083
1.28041
1.2802
1.28026
1.28061
1.28124
1.28208
1.28304
1.28402
1.28493
1.28569
1.28624
1.28654
1.28654
1.28623
1.28557
1.28454
1.2831
1.28122
1.27886
1.27597
1.2725
1.26843
1.26379
1.25868
1.25334
1.24816
1.24368
1.2405
1.23917
1.24
1.24299
1.24775
1.25364
1.2599
1.26585
1.27101
1.27507
1.27794
1.27964
1.28028
1.28005
1.27916
1.27788
1.27648
1.27523
1.27435
1.27398
1.27419
1.27492
1.27608
1.27753
1.2791
1.28068
1.28216
1.28344
1.28447
1.28519
1.28559
1.28566
1.28541
1.28492
1.28427
1.28358
1.28298
1.28261
1.28253
1.28275
1.28319
1.28372
1.28417
1.28436
1.28416
1.28352
1.28243
1.28097
1.27932
1.27771
1.27644
1.27585
1.27623
1.27771
1.28025
1.28358
1.28729
1.29097
1.2943
1.29704
1.29912
1.30053
1.30134
1.30161
1.30143
1.30085
1.29993
1.29869
1.29716
1.29538
1.29339
1.29129
1.28924
1.28743
1.28609
1.2854
1.28548
1.28631
1.28774
1.28948
1.29123
1.29276
1.29394
1.29476
1.29537
1.29597
1.29682
1.2982
1.30032
1.3033
1.30713
1.31163
1.31654
1.32155
1.32635
1.33068
1.3343
1.33701
1.33859
1.3388
1.33741
1.33426
1.32947
1.3236
1.31781
1.31364
1.3123
1.31401
1.31784
1.32241
1.32661
1.32998
1.33258
1.33478
1.33693
1.33928
1.34185
1.3445
1.34694
1.34886
1.34997
1.35005
1.34902
1.34688
1.34378
1.34001
1.33597
1.33215
1.32911
1.32735
1.32725
1.32896
1.3324
1.33723
1.34297
1.34908
1.35508
1.36056
1.36525
1.369
1.37177
1.37356
1.37444
1.37446
1.37371
1.37226
1.37018
1.36753
1.3644
1.36086
1.35703
1.35304
1.34905
1.34523
1.34178
1.33885
1.33659
1.33511
1.33445
1.33459
1.3354
1.33662
1.33795
1.33902
1.33957
1.33946
1.33878
1.33779
1.33684
1.33618
1.33591
1.3359
1.33594
1.33592
1.33585
1.33584
1.33596
1.33615
1.33621
1.3358
1.33462
1.33246
1.32924
1.32508
1.32028
1.31541
1.31123
1.30862
1.30824
1.31026
1.3142
1.31917
1.32422
1.32862
1.33199
1.33419
1.33525
1.33525
1.33426
1.33234
1.32955
1.32595
1.32168
1.31701
1.31235
1.3083
1.30542
1.30414
1.30453
1.30626
1.30874
1.31132
1.31348
1.31488
1.31539
1.31506
1.31404
1.31259
1.31098
1.30947
1.30826
1.30746
1.30709
1.30707
1.3073
1.30767
1.3081
1.30856
1.30903
1.30954
1.31008
1.31066
1.31126
1.31185
1.31234
1.31267
1.31274
1.31243
1.31163
1.31024
1.30815
1.30531
1.30169
1.29729
1.29219
1.28656
1.28075
1.2753
1.2709
1.26823
1.26772
1.26942
1.27302
1.27801
1.2838
1.28979
1.29544
1.3003
1.30408
1.30664
1.30793
1.30801
1.30696
1.30492
1.30207
1.29862
1.29484
1.29102
1.28751
1.2846
1.28248
1.28124
1.28077
1.28086
1.28128
1.2818
1.28229
1.28274
1.28317
1.28369
1.28439
1.28534
1.28653
1.28786
1.28916
1.29028
1.29111
1.29169
1.29216
1.29272
1.29355
1.29471
1.29614
1.29766
1.29901
1.29984
1.29986
1.29874
1.29628
1.29241
1.2874
1.28194
1.27724
1.27465
1.27508
1.2785
1.28397
1.29017
1.29599
1.30082
1.30443
1.30685
1.30821
1.30865
1.30826
1.30709
1.30517
1.3025
1.29906
1.29489
1.29008
1.28479
1.27931
1.27402
1.26937
1.26577
1.26353
1.26276
1.2634
1.26527
1.26807
1.27141
1.2749
1.27814
1.28081
1.28273
1.2839
1.28445
1.2846
1.28462
1.28471
1.28502
1.28558
1.28634
1.28716
1.28789
1.2884
1.28862
1.28858
1.28842
1.28835
1.28863
1.28948
1.29102
1.29328
1.29612
1.29933
1.30266
1.30585
1.30869
1.311
1.31265
1.31354
1.31359
1.31277
1.31107
1.30857
1.30542
1.30191
1.2984
1.29531
1.293
1.2917
1.2914
1.29193
1.29293
1.29403
1.29485
1.29513
1.29471
1.29361
1.292
1.29017
1.28847
1.28724
1.2867
1.28691
1.2878
1.28919
1.29086
1.29262
1.2943
1.2958
1.29708
1.29819
1.29919
1.30022
1.30135
1.30262
1.30395
1.30516
1.30601
1.30622
1.30553
1.30376
1.30089
1.29704
1.2926
1.28814
1.28439
1.28202
1.28143
1.28264
1.28536
1.28909
1.29334
1.29761
1.30152
1.30474
1.30704
1.30832
1.3086
1.308
1.30678
1.30527
1.30381
1.30275
1.30229
1.30254
1.30344
1.3048
1.30641
1.30805
1.30955
1.31078
1.3117
1.31227
1.31251
1.31242
1.31198
1.31118
1.30994
1.30819
1.30587
1.30297
1.29963
1.29617
1.29304
1.2907
1.28947
1.28938
1.29016
1.29145
1.29287
1.29422
1.29548
1.2967
1.29799
1.29944
1.3011
1.30297
1.30501
1.30717
1.30933
1.31139
1.31321
1.31464
1.31556
1.31585
1.31545
1.31435
1.31262
1.31044
1.30812
1.30604
1.30456
1.30394
1.30423
1.30528
1.30678
1.30842
1.30993
1.31115
1.31201
1.31251
1.31268
1.31255
1.31215
1.31148
1.31052
1.30922
1.30753
1.30541
1.3028
1.29964
1.29591
1.29159
1.2867
1.28129
1.2755
1.26957
1.2639
1.25903
1.25564
1.25433
1.25538
1.25856
1.26315
1.26828
1.27317
1.27734
1.28058
1.28292
1.28452
1.28564
1.28658
1.2876
1.2889
1.29058
1.29263
1.29491
1.29726
1.29948
1.30137
1.3028
1.30368
1.30402
1.30386
1.30329
1.3024
1.30125
1.29985
1.29815
1.29602
1.29334
1.29005
1.2862
1.28203
1.27794
1.27446
1.27214
1.27142
1.27246
1.27511
1.27887
1.28311
1.2872
1.29068
1.2933
1.295
1.29586
1.296
1.29554
1.29459
1.29324
1.29159
1.28981
1.28815
1.28692
1.28638
1.28661
1.28745
1.28849
1.28925
1.28936
1.28869
1.28741
1.28599
1.28508
1.28527
1.28686
1.28975
1.29347
1.29736
1.30078
1.30325
1.30443
1.30411
1.30218
1.29862
1.29353
1.28723
1.2803
1.27361
1.2682
1.26501
1.26452
1.26656
1.27038
1.27498
1.27952
1.28355
1.28703
1.29016
1.29323
1.29644
1.29983
1.30331
1.30668
1.30972
1.31224
1.31411
1.31523
1.31555
1.31504
1.3137
1.31157
1.30871
1.30525
1.30139
1.29741
1.29363
1.29038
1.28791
1.28638
1.2858
1.2861
1.28714
1.28873
1.29071
1.2929
1.29515
1.29735
1.29938
1.30118
1.30267
1.30382
1.30457
1.30491
1.30483
1.30436
1.30362
1.30275
1.30197
1.3015
1.30154
1.30222
1.30359
1.3056
1.30809
1.31081
1.31346
1.31572
1.31736
1.31821
1.3182
1.31737
1.31583
1.31374
1.31132
1.3088
1.30642
1.30435
1.30273
1.30157
1.30082
1.30029
1.29977
1.29896
1.29761
1.29544
1.29229
1.28811
1.28306
1.2776
1.27255
1.269
1.26799
1.27007
1.27502
1.2819
1.28948
1.2967
1.30286
1.30765
1.31105
1.31319
1.31427
1.31447
1.31399
1.31295
1.31149
1.3097
1.30766
1.30543
1.30307
1.30062
1.29813
1.29565
1.29324
1.291
1.28903
1.28746
1.28639
1.2859
1.28595
1.28643
1.2871
1.28761
1.2876
1.28668
1.28457
1.28117
1.2767
1.2717
1.26704
1.26363
1.26211
1.26261
1.26477
1.26803
1.27181
1.27566
1.27928
1.28247
1.28516
1.28734
1.28905
1.29038
1.29134
1.29196
1.29218
1.29192
1.29107
1.28957
1.28739
1.28456
1.28123
1.27761
1.27399
1.2707
1.26802
1.26618
1.26529
1.26532
1.26611
1.26745
1.26906
1.27067
1.27201
1.27285
1.273
1.27229
1.27066
1.26815
1.26498
1.26159
1.25852
1.25638
1.25557
1.25616
1.25788
1.26028
1.26285
1.26518
1.26704
1.26829
1.2689
1.26892
1.26844
1.26758
1.26645
1.26519
1.26392
1.26274
1.26171
1.26088
1.26026
1.25985
1.25962
1.25954
1.25958
1.25969
1.25985
1.26
1.26013
1.26019
1.26016
1.25999
1.25964
1.25907
1.25823
1.25709
1.25561
1.25376
1.25154
1.24898
1.24614
1.24311
1.24001
1.23699
1.23417
1.23167
1.22954
1.22779
1.22635
1.22509
1.22384
1.22244
1.22079
1.21888
1.21682
1.2148
1.21313
1.21214
1.21213
1.2133
1.21567
1.21909
1.22321
1.22761
1.23184
1.23554
1.23847
1.24048
1.24156
1.24173
1.24112
1.23988
1.23822
1.23639
1.23467
1.23333
1.23258
1.23253
1.23318
1.23441
1.23604
1.23789
1.23976
1.24152
1.2431
1.24446
1.24559
1.24649
1.24719
1.24768
1.24799
1.24809
1.24797
1.24759
1.24691
1.24587
1.24443
1.24257
1.24037
1.23794
1.23555
1.23353
1.23221
1.23184
1.23245
1.23389
1.23581
1.23787
1.23975
1.24124
1.24223
1.24271
1.2427
1.24227
1.24151
1.24052
1.23944
1.23842
1.2376
1.23711
1.23706
1.23749
1.23838
1.23967
1.24129
1.24311
1.24506
1.24705
1.24902
1.25094
1.25278
1.25453
1.25617
1.2577
1.25908
1.26031
1.26136
1.26219
1.26276
1.263
1.26281
1.26207
1.26064
1.25836
1.2551
1.2508
1.2456
1.2399
1.23441
1.23005
1.22767
1.22767
1.22983
1.23345
1.23766
1.24177
1.24545
1.24858
1.25126
1.25357
1.25561
1.25743
1.25902
1.26039
1.26151
1.26238
1.26299
1.26332
1.26341
1.26329
1.26303
1.26271
1.2624
1.2622
1.26216
1.26233
1.2627
1.26328
1.26403
1.26492
1.26588
1.26687
1.26783
1.26869
1.2694
1.26993
1.27023
1.27025
1.26994
1.26928
1.2682
1.26668
1.26469
1.26222
1.2593
1.256
1.25246
1.24887
1.24551
1.24266
1.24062
1.2396
1.23966
1.24068
1.24234
1.24413
1.24543
1.24563
1.24428
1.24127
1.23708
1.23273
1.22958
1.22869
1.23027
1.23366
1.23785
1.24201
1.24565
1.24856
1.25069
1.25203
1.25262
1.25251
1.25183
1.25076
1.2495
1.24828
1.24728
1.24663
1.24638
1.24649
1.24689
1.24748
1.24818
1.24892
1.24964
1.25032
1.25093
1.25146
1.25189
1.25222
1.25242
1.25249
1.25239
1.25213
1.25168
1.25103
1.25016
1.24908
1.24777
1.24627
1.24461
1.24288
1.24121
1.23978
1.23876
1.23829
1.23842
1.23911
1.2402
1.24154
1.24297
1.24441
1.24585
1.2473
1.24876
1.25024
1.25167
1.25296
1.25397
1.25455
1.25453
1.25382
1.25237
1.25033
1.24806
1.24615
1.24528
1.24597
1.24836
1.25209
1.25648
1.26081
1.26448
1.26717
1.26876
1.2693
1.26893
1.26784
1.26624
1.26433
1.26227
1.26022
1.25831
1.25664
1.25534
1.25455
1.25443
1.2551
1.2566
1.25886
1.26166
1.26468
1.26761
1.27026
1.27262
1.2748
1.27704
1.27954
1.2824
1.28554
1.28876
1.29182
1.29446
1.29653
1.29793
1.29861
1.29859
1.29788
1.29652
1.29454
1.29198
1.28889
1.28535
1.28149
1.27748
1.27354
1.26996
1.26702
1.26497
1.26401
1.26421
1.26554
1.26781
1.27079
1.27416
1.27758
1.28075
1.28335
1.2851
1.28575
1.28515
1.28321
1.28008
1.27616
1.27213
1.26879
1.26686
1.26666
1.26805
1.27061
1.27383
1.27732
1.28082
1.28419
1.28732
1.29014
1.29263
1.29477
1.29658
1.29807
1.29927
1.30017
1.30077
1.30109
1.30112
1.30089
1.30042
1.29977
1.29899
1.29814
1.29731
1.29654
1.2959
1.29539
1.295
1.29468
1.29433
1.29383
1.29299
1.29161
1.28945
1.28628
1.28187
1.2761
1.26902
1.26102
1.25297
1.24621
1.24215
1.24161
1.24406
1.24783
1.2508
1.25138
1.24884
1.24346
1.23646
1.22993
1.22636
1.22756
1.23357
1.24266
1.25247
1.26123
1.26813
1.27315
1.27661
1.2789
1.28039
1.28135
1.28194
1.28229
1.28246
1.28249
1.28238
1.28215
1.28177
1.28124
1.28054
1.27965
1.27854
1.2772
1.27561
1.27376
1.27165
1.26929
1.26672
1.264
1.26121
1.25845
1.25585
1.25353
1.25159
1.25012
1.24914
1.24863
1.24853
1.24876
1.24922
1.24981
1.25046
1.25111
1.2517
1.25221
1.25261
1.25288
1.25303
1.25305
1.25294
1.25273
1.25244
1.25211
1.25179
1.25155
1.25144
1.2515
1.25177
1.25225
1.25291
1.25368
1.25451
1.25532
1.25602
1.25655
1.25684
1.25685
1.2565
1.25577
1.25459
1.25294
1.25078
1.24811
1.24496
1.24141
1.23759
1.23369
1.22998
1.22675
1.2243
1.22288
1.22265
1.22364
1.22573
1.22866
1.23207
1.23562
1.23896
1.24183
1.24403
1.2454
