0 -0.47737 0.00904071
1 -0.51564 0.0089603
2 -0.547616 0.0087503
3 -0.579129 0.00895846
4 -0.605305 0.0079075
5 -0.626114 0.00703601
6 -0.647207 0.00647953
7 -0.664761 0.00649614
8 -0.677832 0.00570479
9 -0.696062 0.00536326
10 -0.707532 0.0050875
11 -0.718938 0.00391392
12 -0.727425 0.00400608
13 -0.733849 0.00413928
14 -0.737062 0.0034704
15 -0.742048 0.00341981
16 -0.742054 0.0031536
17 -0.74582 0.00296874
18 -0.747074 0.00289592
19 -0.752023 0.00363685
20 -0.757182 0.00323733
21 -0.759474 0.00359952
22 -0.764136 0.00420244
23 -0.766399 0.00462264
24 -0.771377 0.0045812
25 -0.772937 0.00425299
26 -0.775607 0.00381362
27 -0.777017 0.00368023
28 -0.782794 0.00315681
29 -0.782544 0.00383194
30 -0.782548 0.00364247
31 -0.786878 0.00375259
32 -0.787044 0.00356547
33 -0.787944 0.00369942
34 -0.785991 0.00364239
35 -0.785808 0.00353508
36 -0.786829 0.00308038
37 -0.786771 0.00273395
38 -0.788491 0.00283563
39 -0.790013 0.00314868
40 -0.788418 0.00317461
41 -0.788957 0.00340888
42 -0.789598 0.00302888
43 -0.789399 0.00319776
44 -0.790173 0.00339165
45 -0.791221 0.00295365
46 -0.787992 0.00269978
47 -0.787768 0.00293596
48 -0.785425 0.00337824
49 -0.785802 0.003546
50 -0.788245 0.00376363
51 -0.789672 0.00360882
52 -0.78952 0.00367203
53 -0.790938 0.00323246
54 -0.789661 0.00348641
55 -0.791484 0.00290683
56 -0.789041 0.00280845
57 -0.786383 0.00285917
58 -0.785717 0.00273488
59 -0.786543 0.00265884
60 -0.78865 0.00297491
61 -0.788805 0.00275824
62 -0.787539 0.00273602
63 -0.788615 0.00278206
64 -0.787423 0.00200553
65 -0.787417 0.00202745
66 -0.788729 0.00214334
67 -0.785884 0.0024517
68 -0.785386 0.00229637
69 -0.784562 0.00223988
70 -0.784934 0.00217589
71 -0.784531 0.00191797
72 -0.78611 0.00208126
73 -0.787813 0.00234446
74 -0.787589 0.00291658
75 -0.78935 0.00277715
76 -0.788731 0.00303518
77 -0.784392 0.00334652
78 -0.784899 0.00290599
79 -0.784803 0.00265101
80 -0.785048 0.00275449
81 -0.785881 0.00260844
82 -0.786318 0.00243516
83 -0.785449 0.002828
84 -0.785805 0.0029808
85 -0.785827 0.00285617
86 -0.784355 0.00303133
87 -0.78145 0.00268778
88 -0.779817 0.00269603
89 -0.778879 0.00251742
90 -0.778058 0.00253084
91 -0.778025 0.00218049
92 -0.779139 0.00215477
93 -0.778606 0.00242679
94 -0.779482 0.00282911
95 -0.777127 0.00286666
96 -0.775709 0.00258437
97 -0.778261 0.0029184
98 -0.779734 0.00287127
99 -0.78067 0.00278983
100 -0.780657 0.00256991
101 -0.780606 0.00267952
102 -0.779566 0.00263795
103 -0.779659 0.00283191
104 -0.779788 0.00285463
105 -0.779296 0.00309974
106 -0.780051 0.00256852
107 -0.777805 0.00271842
108 -0.777664 0.00269292
109 -0.77537 0.00277181
110 -0.775368 0.00261921
111 -0.776068 0.00284817
112 -0.77546 0.00335716
113 -0.774615 0.0035181
114 -0.775044 0.00322028
115 -0.7781 0.00301839
116 -0.780579 0.00318514
117 -0.779097 0.00300609
118 -0.779565 0.0033856
119 -0.779417 0.00338207
120 -0.779718 0.00345942
121 -0.780002 0.00306327
122 -0.781151 0.00291129
123 -0.782437 0.00309002
124 -0.781928 0.00285201
125 -0.780045 0.00296247
126 -0.778899 0.00307227
127 -0.779062 0.00311744
128 -0.7778 0.00300696
129 -0.77936 0.00306621
130 -0.779978 0.00299692
131 -0.781442 0.00331144
132 -0.781709 0.00346377
133 -0.77859 0.00360184
134 -0.778809 0.0041716
135 -0.778967 0.00409743
136 -0.778559 0.00346099
137 -0.780662 0.00341812
138 -0.77964 0.00328154
139 -0.77922 0.00298755
140 -0.779331 0.00317166
141 -0.781096 0.00324093
142 -0.780205 0.00359838
143 -0.780031 0.00318582
144 -0.778635 0.00272014
145 -0.777933 0.00264166
146 -0.779534 0.00274546
147 -0.780333 0.00252218
148 -0.781786 0.00224833
149 -0.780266 0.00275207
150 -0.781355 0.00276831
151 -0.781955 0.00243479
152 -0.781917 0.00217152
153 -0.780134 0.00198092
154 -0.780257 0.00233012
155 -0.781331 0.00232741
156 -0.779897 0.00229913
157 -0.779669 0.00233393
158 -0.777478 0.00284491
159 -0.779755 0.00309055
160 -0.778012 0.00282144
161 -0.780178 0.00242837
162 -0.78136 0.00237915
163 -0.780429 0.00269207
164 -0.780348 0.00280013
165 -0.780902 0.00299093
166 -0.779768 0.00270245
167 -0.782225 0.00227399
168 -0.782304 0.00217259
169 -0.782204 0.0025923
170 -0.782591 0.00255366
171 -0.779901 0.00242407
172 -0.778703 0.00243724
173 -0.779397 0.00265714
174 -0.777932 0.00225909
175 -0.776848 0.00226094
176 -0.780106 0.00238611
177 -0.779263 0.00254749
178 -0.780821 0.00245094
179 -0.779214 0.00241157
180 -0.776356 0.00276518
181 -0.776628 0.00257003
182 -0.777432 0.00244028
183 -0.777585 0.0024923
184 -0.776649 0.00300932
185 -0.777851 0.0027723
186 -0.779089 0.00307766
187 -0.779581 0.00294962
188 -0.780956 0.00247754
189 -0.780835 0.00267171
190 -0.78138 0.00276481
191 -0.780917 0.00300764
192 -0.781567 0.00258208
193 -0.78068 0.00228896
194 -0.782579 0.00278933
195 -0.781747 0.00291868
196 -0.779609 0.00306681
197 -0.780249 0.0027261
198 -0.78182 0.00309356
199 -0.78054 0.00325523
200 -0.779801 0.00333016
201 -0.780686 0.00332121
202 -0.780738 0.0034774
203 -0.780123 0.00339756
204 -0.780794 0.00309263
205 -0.781624 0.00331646
206 -0.782166 0.0035747
207 -0.781273 0.00367426
208 -0.784296 0.00332131
209 -0.783679 0.00335895
210 -0.781868 0.00331186
211 -0.782641 0.0029712
212 -0.782948 0.00291178
213 -0.783115 0.00261867
214 -0.7831 0.00279248
215 -0.780945 0.00258182
216 -0.780439 0.00294049
217 -0.780612 0.00303545
218 -0.784163 0.00278002
219 -0.785369 0.00257939
220 -0.7868 0.00233278
221 -0.784739 0.00287137
222 -0.783259 0.00365937
223 -0.784266 0.00361388
224 -0.784235 0.00349345
225 -0.786058 0.00339255
226 -0.785434 0.00300332
227 -0.785422 0.00290549
228 -0.783761 0.00314594
229 -0.781991 0.00254667
230 -0.783101 0.00241443
231 -0.7803 0.00284439
232 -0.781497 0.00263727
233 -0.78484 0.00244104
234 -0.784955 0.00254223
235 -0.785871 0.00236165
236 -0.787476 0.00244086
237 -0.787585 0.00255066
238 -0.787974 0.00250311
239 -0.78815 0.00281825
240 -0.790393 0.00251952
241 -0.790522 0.00295792
242 -0.789538 0.00269882
243 -0.789673 0.00248205
244 -0.790298 0.00294074
245 -0.79172 0.00235603
246 -0.791583 0.00199269
247 -0.789963 0.00192971
248 -0.789119 0.00161482
249 -0.789997 0.00178062
250 -0.790963 0.00233242
251 -0.788742 0.00254553
252 -0.787198 0.00270647
253 -0.788512 0.00274726
254 -0.78746 0.00354726
255 -0.788128 0.00320125
256 -0.788257 0.00311514
257 -0.787203 0.00228011
258 -0.786915 0.00250695
259 -0.787171 0.00191571
260 -0.788553 0.00175873
261 -0.78958 0.00168707
262 -0.789756 0.00212474
263 -0.788521 0.00230204
264 -0.787446 0.00243904
265 -0.787784 0.00214126
266 -0.787988 0.00194936
267 -0.786681 0.00220628
268 -0.784296 0.00261479
269 -0.779752 0.0027701
270 -0.78029 0.00277337
271 -0.77723 0.00252851
272 -0.772631 0.00325778
273 -0.770866 0.00303866
274 -0.772063 0.00307909
275 -0.769032 0.0034183
276 -0.765483 0.00259212
277 -0.762851 0.00332055
278 -0.760841 0.00274772
279 -0.758446 0.0031383
280 -0.754431 0.00346443
281 -0.749719 0.00374789
282 -0.749153 0.00350733
283 -0.744433 0.00402568
284 -0.740578 0.00445273
285 -0.733926 0.00453343
286 -0.729315 0.00477722
287 -0.72114 0.00510328
288 -0.715241 0.00593197
289 -0.701984 0.00541278
290 -0.690433 0.00537492
291 -0.674535 0.0048722
292 -0.65742 0.00468492
293 -0.63916 0.004904
294 -0.619355 0.00624775
295 -0.59364 0.00619242
296 -0.5653 0.00621188
297 -0.53234 0.00733127
298 -0.493126 0.00839404
299 -0.448425 0.0102563
