0 20.8975 0.452125
1 20.8972 0.451597
2 20.8961 0.451835
3 20.8965 0.452005
4 20.8939 0.452295
5 20.8929 0.452461
6 20.891 0.452605
7 20.8903 0.452949
8 20.8891 0.45269
9 20.8871 0.452437
10 20.8857 0.452456
11 20.8845 0.452636
12 20.8834 0.452662
13 20.881 0.452644
14 20.8808 0.452674
15 20.8784 0.452898
16 20.8776 0.452517
17 20.8745 0.452809
18 20.8746 0.452542
19 20.8759 0.452617
20 20.877 0.452516
21 20.8734 0.452575
22 20.8731 0.45255
23 20.8717 0.451826
24 20.8733 0.451863
25 20.8732 0.452169
26 20.8734 0.452503
27 20.8741 0.452376
28 20.8748 0.452506
29 20.8729 0.452728
30 20.8738 0.452977
31 20.8711 0.453142
32 20.8699 0.452949
33 20.8727 0.452516
34 20.8698 0.452797
35 20.8689 0.4531
36 20.8666 0.452928
37 20.8661 0.452156
38 20.8659 0.452297
39 20.866 0.45244
40 20.8643 0.452691
41 20.8642 0.452981
42 20.8631 0.453465
43 20.8627 0.45397
44 20.8655 0.454198
45 20.8652 0.454154
46 20.8666 0.454226
47 20.8657 0.453907
48 20.864 0.453909
49 20.8626 0.454107
50 20.8625 0.45352
51 20.8622 0.454181
52 20.8629 0.454022
53 20.8626 0.45372
54 20.8605 0.453395
55 20.8595 0.453554
56 20.8587 0.453173
57 20.8583 0.453107
58 20.8584 0.453026
59 20.8575 0.453001
60 20.8569 0.453109
61 20.8557 0.453213
62 20.8562 0.453735
63 20.8572 0.453795
64 20.8583 0.453972
65 20.8593 0.453952
66 20.8597 0.453719
67 20.8605 0.453967
68 20.8594 0.454011
69 20.8582 0.454494
70 20.8601 0.454653
71 20.8574 0.454511
72 20.8566 0.453992
73 20.8563 0.454358
74 20.8542 0.454613
75 20.8554 0.454114
76 20.8571 0.453908
77 20.8567 0.454809
78 20.8547 0.455297
79 20.8543 0.455152
80 20.8557 0.455471
81 20.8535 0.456049
82 20.8516 0.456049
83 20.8523 0.456389
84 20.8517 0.456546
85 20.8502 0.45721
86 20.8517 0.456631
87 20.8503 0.456427
88 20.8504 0.456394
89 20.8472 0.456362
90 20.8457 0.45626
91 20.8456 0.455647
92 20.8431 0.456039
93 20.8429 0.456161
94 20.8412 0.456504
95 20.8397 0.456794
96 20.8387 0.456783
97 20.8418 0.4562
98 20.8419 0.456592
99 20.841 0.45653
100 20.8391 0.456003
101 20.8355 0.456352
102 20.8348 0.456813
103 20.8351 0.456902
104 20.8359 0.457113
105 20.8356 0.45703
106 20.8354 0.457001
107 20.8333 0.456725
108 20.8356 0.456242
109 20.8329 0.456518
110 20.8335 0.456804
111 20.8328 0.457204
112 20.8355 0.457295
113 20.8342 0.456872
114 20.8341 0.457227
115 20.8368 0.457004
116 20.8363 0.456787
117 20.8363 0.456843
118 20.832 0.457191
119 20.8316 0.457064
120 20.8316 0.457225
121 20.8299 0.457415
122 20.8302 0.457677
123 20.8281 0.457642
124 20.8259 0.458321
125 20.8267 0.458363
126 20.8276 0.458135
127 20.8284 0.458552
128 20.8292 0.458757
129 20.8305 0.459158
130 20.832 0.459334
131 20.8322 0.459769
132 20.8304 0.459402
133 20.8321 0.45905
134 20.8313 0.459436
135 20.8307 0.459408
136 20.8301 0.459598
137 20.8303 0.459889
138 20.8297 0.459973
139 20.8299 0.459869
140 20.8302 0.459854
141 20.828 0.459618
142 20.8289 0.459725
143 20.8289 0.459964
144 20.8294 0.459884
145 20.8289 0.460133
146 20.8297 0.459764
147 20.83 0.460022
148 20.8299 0.460239
149 20.8277 0.460129
150 20.828 0.460225
151 20.8254 0.460266
152 20.8262 0.460517
153 20.8265 0.460637
154 20.8257 0.460624
155 20.8261 0.460754
156 20.8267 0.46069
157 20.8254 0.460725
158 20.8257 0.460883
159 20.826 0.461117
160 20.8255 0.461459
161 20.8248 0.460894
162 20.8248 0.461119
163 20.8256 0.460759
164 20.828 0.461314
165 20.828 0.461456
166 20.8303 0.461632
167 20.8319 0.461914
168 20.8324 0.462207
169 20.8343 0.462412
170 20.8351 0.46256
171 20.8328 0.461905
172 20.832 0.46209
173 20.8328 0.46201
174 20.8332 0.461774
175 20.8315 0.461374
176 20.8311 0.462335
177 20.8316 0.462591
178 20.8319 0.462501
179 20.8303 0.462151
180 20.83 0.462399
181 20.8314 0.461882
182 20.832 0.461632
183 20.8312 0.461394
184 20.8325 0.461126
185 20.8344 0.461675
186 20.8341 0.461289
187 20.8324 0.461465
188 20.8327 0.461312
189 20.833 0.461162
190 20.8333 0.461033
191 20.8319 0.460704
192 20.8346 0.460597
193 20.8342 0.460318
194 20.8349 0.460794
195 20.8336 0.46063
196 20.8359 0.460241
197 20.836 0.459983
198 20.8352 0.459718
199 20.8357 0.459956
200 20.8356 0.459944
201 20.8361 0.460303
202 20.8372 0.460392
203 20.8347 0.46038
204 20.8325 0.460239
205 20.8334 0.460388
206 20.8365 0.460372
207 20.8359 0.460065
208 20.8349 0.459514
209 20.8375 0.459679
210 20.8366 0.459624
211 20.8362 0.459697
212 20.8366 0.460296
213 20.8385 0.460356
214 20.8405 0.460731
215 20.8412 0.460871
216 20.8404 0.461093
217 20.841 0.461285
218 20.8418 0.460729
219 20.8416 0.460635
220 20.842 0.460386
221 20.8423 0.460412
222 20.8401 0.46005
223 20.8419 0.459674
224 20.8416 0.459963
225 20.844 0.46004
226 20.8445 0.460535
227 20.8453 0.460739
228 20.8441 0.460896
229 20.8446 0.461121
230 20.8452 0.461049
231 20.8444 0.460491
232 20.8443 0.46079
233 20.8437 0.460626
234 20.8437 0.461077
235 20.8439 0.460955
236 20.8449 0.460901
237 20.8461 0.460979
238 20.8477 0.461299
239 20.85 0.461364
240 20.8511 0.461528
241 20.8533 0.461789
242 20.8547 0.461888
243 20.8549 0.461927
244 20.8561 0.462342
245 20.8569 0.462341
246 20.8597 0.462171
247 20.8585 0.462284
248 20.8576 0.462071
249 20.859 0.462168
250 20.8582 0.461998
251 20.8578 0.46201
252 20.8583 0.462169
253 20.8614 0.462626
254 20.8619 0.462421
255 20.8621 0.462522
256 20.8632 0.462409
257 20.8651 0.462396
258 20.8655 0.46226
259 20.8667 0.462265
260 20.8639 0.462293
261 20.8661 0.462005
262 20.8653 0.462318
263 20.8663 0.462315
264 20.8658 0.46199
265 20.8674 0.462383
266 20.8684 0.462196
267 20.8705 0.462299
268 20.8731 0.46208
269 20.8733 0.461975
270 20.8732 0.461574
271 20.8745 0.461571
272 20.8746 0.461475
273 20.8762 0.461586
274 20.8771 0.461774
275 20.88 0.462407
276 20.8805 0.463069
277 20.8811 0.463384
278 20.8818 0.463231
279 20.8821 0.46327
280 20.8795 0.462782
281 20.8809 0.462498
282 20.8799 0.462547
283 20.8824 0.46312
284 20.8822 0.463643
285 20.8851 0.463585
286 20.8861 0.463505
287 20.886 0.463208
288 20.8859 0.463261
289 20.8861 0.463462
290 20.8902 0.463445
291 20.8892 0.463354
292 20.891 0.463352
293 20.8921 0.463221
294 20.8932 0.4635
295 20.893 0.463664
296 20.8947 0.463403
297 20.8984 0.462845
298 20.902 0.462277
299 20.9019 0.462224
