0 0 0
1 0.503146 1.30576
2 0.739665 1.80161
3 1.00505 1.74716
4 -1.38875 1.31553
5 -2.56973 1.96669
6 0.428737 1.71853
7 0.181106 1.37932
8 2.79227 1.61613
9 -0.176917 0.952249
10 -4.80378 1.58974
11 2.58524 1.69385
12 2.94222 1.49652
13 0.431194 1.52482
14 -1.30205 1.48956
15 -1.45831 1.64836
16 2.14411 1.02507
17 0.702973 1.34787
18 0.84998 1.29756
19 1.64828 1.4514
20 1.31583 1.62777
21 -0.864963 1.23465
22 1.85849 1.57318
23 -1.89689 1.50066
24 2.78928 1.45748
25 0.687522 1.98299
26 1.44562 1.65149
27 -2.38559 1.29736
28 2.39204 1.26208
29 0.977843 2.0075
30 -0.597082 1.48041
31 1.8148 1.57329
32 -0.0631586 1.1489
33 0.54437 1.61828
34 0.137523 1.1901
35 -1.67693 1.35768
36 2.63498 1.17512
37 2.58789 1.50311
38 1.17197 1.69158
39 1.6524 1.58808
40 -0.0444534 1.5494
41 0.913415 1.87816
42 3.38931 1.60613
43 -0.0608414 1.53547
44 1.78395 1.20371
45 -0.684429 1.59279
46 0.243166 1.38995
47 0.466154 1.48416
48 -0.38931 1.12788
49 1.6485 1.29882
50 -0.507218 1.77908
51 -0.0577159 1.51086
52 5.21206 1.60681
53 0.354555 1.41907
54 -0.67696 1.42583
55 1.291 1.51915
56 1.62695 1.36411
57 -1.31131 1.51512
58 -0.627325 1.15545
59 0.331522 1.41726
60 -2.1619 1.40211
61 -3.94115 1.77267
62 -0.000375338 1.54631
63 0.655169 1.62338
64 0.442281 1.61338
65 0.792395 0.997241
66 -0.992734 1.65433
67 -2.72995 1.6713
68 4.50829 1.54942
69 -0.398917 1.34783
70 1.35471 1.66024
71 0.0472673 1.84786
72 1.99133 1.13834
73 2.81039 1.73655
74 -1.21562 1.63009
75 -0.865938 1.32862
76 2.85217 1.55132
77 2.34129 1.83239
78 1.56359 1.20825
79 0.469062 1.64741
80 -2.66828 1.63491
81 -0.0170758 1.53982
82 -1.03506 1.29643
83 -0.602959 1.1488
84 -1.56565 1.28386
85 1.23167 1.46228
86 0.271424 0.935391
87 -2.15266 1.01442
88 0.657634 1.16051
89 0.248934 1.35458
90 0.272028 1.50779
91 -0.291026 1.3606
92 -2.87961 1.50574
93 0.850292 1.69314
94 -0.0138459 1.72896
95 -0.860958 1.08553
96 -1.46561 1.57437
97 2.13666 1.25021
98 0.659314 1.3265
99 1.52024 1.60572
100 3.63506 1.58636
101 -0.961638 1.40981
102 -1.02537 0.814439
103 0.55794 1.3727
104 -0.978539 1.5393
105 1.31178 1.71754
106 -0.86809 1.47397
107 -0.216468 1.3905
108 2.5311 1.46403
109 -0.281125 1.34179
110 0.186219 1.86172
111 0.77425 1.31484
112 -0.819215 1.49178
113 0.580604 1.58862
114 0.0767383 1.58621
115 0.733756 1.34574
116 3.51564 1.37848
117 -0.0660842 1.25091
118 -1.9356 1.27016
119 -0.1349 1.61445
120 2.94398 1.40221
121 0.420725 1.30048
122 -3.58524 1.80261
123 0.48857 1.5161
124 1.6803 1.25933
125 2.48309 1.74232
126 -1.05531 1.37569
127 -0.897856 1.37586
128 -1.09634 1.22951
129 0.536352 1.29587
130 1.62687 1.41149
131 2.91456 1.48776
132 0.452236 1.27115
133 -0.0737346 1.03742
134 1.66059 1.23531
135 1.07282 1.58458
136 2.74708 1.17161
137 2.0673 1.97174
138 -2.23778 1.51582
139 -1.8942 1.51163
140 -0.29295 1.22585
141 -0.813734 1.32729
142 -0.716787 1.42635
143 2.66192 1.19825
144 2.61134 1.07776
145 0.0105307 1.26141
146 -2.6591 1.67506
147 0.40672 1.5496
148 1.31437 1.81788
149 0.472921 1.13258
150 0.678559 1.37217
151 2.73904 1.21905
152 -0.642699 1.3418
153 0.365565 0.889087
154 -1.4915 0.990419
155 1.49759 1.43067
156 1.24742 1.12915
157 0.673188 1.3278
158 1.00994 1.43842
159 1.723 1.54651
160 -0.535771 1.83249
161 1.35452 1.17228
162 0.152042 1.97287
163 -2.00161 0.970227
164 2.09714 1.55374
165 2.03297 1.28883
166 -1.11484 1.32616
167 1.87984 1.45782
168 1.32469 1.34456
169 2.39634 1.27852
170 -0.0124391 1.13323
171 0.079625 1.28739
172 2.54134 1.64479
173 2.64934 1.90038
174 -0.375981 1.16811
175 1.25052 1.20859
176 -0.510099 1.43055
177 2.40233 1.18346
178 1.40147 1.67115
179 -1.81956 1.37598
180 0.180468 1.2451
181 0.812405 1.07385
182 0.370571 1.54422
183 1.6898 1.17581
184 -1.78254 1.25547
185 1.13086 1.51995
186 0.0908188 1.56805
187 2.47379 1.17647
188 0.0719726 1.47353
189 -0.0251182 1.55472
190 0.296514 1.32698
191 -0.842161 1.34711
192 0.520197 1.32498
193 3.06915 1.54786
194 0.521378 1.2925
195 -1.8753 1.58897
196 -0.607456 1.24763
197 1.64755 1.69374
198 0.366497 1.09428
199 1.07087 0.977482
200 -1.23512 1.3934
201 0.600034 1.16562
202 -0.491969 1.52301
203 -0.516294 1.58706
204 1.84872 1.36256
205 -1.02758 1.42184
206 0.10627 1.33935
207 -2.60361 1.35927
208 0.784775 1.70763
209 -0.0671373 1.38215
210 -0.663723 1.67761
211 -5.15579 1.12292
212 1.91739 1.44821
213 -0.645982 1.4918
214 -2.87039 1.06712
215 2.31419 1.12246
216 1.16476 1.48531
217 1.00476 1.34107
218 -1.93314 1.18186
219 -1.89512 1.08915
220 1.32156 1.74057
221 -0.551612 1.00021
222 -0.43302 1.53382
223 2.11279 1.30709
224 0.975453 1.68904
225 0.95002 1.6759
226 -1.79426 1.28078
227 1.33547 1.34168
228 -1.8824 1.54456
229 1.5649 1.27877
230 -1.5786 1.1309
231 0.0190958 1.96001
232 0.533819 1.4091
233 -0.098798 1.57395
234 0.855998 1.75807
235 2.07924 1.66458
236 0.279802 1.56453
237 -0.578932 1.32486
238 0.563559 1.85903
239 0.0368901 1.28304
240 -0.62607 1.55598
241 1.36628 1.7259
242 -0.340231 1.41951
243 0.962497 1.5114
244 2.10424 1.03345
245 -1.46189 1.20546
246 -1.43267 1.62941
247 -1.80595 1.34894
248 -0.110777 1.19869
249 -0.59428 1.38405
250 -0.135912 1.26441
251 0.0485031 1.36199
252 -0.248778 1.25795
253 -3.25911 1.28684
254 -0.551706 1.21188
255 0.997708 1.58012
256 0.0852074 1.57485
257 -0.672223 1.25349
258 -0.64932 1.54249
259 0.698569 1.47379
260 1.29572 1.17668
261 -0.897812 1.22831
262 -1.91919 1.42876
263 1.14446 1.12314
264 0.0128008 1.36706
265 1.50945 0.970788
266 0.593219 1.76292
267 2.0081 1.71005
268 3.14684 1.354
269 -2.59163 1.1364
270 0.204097 1.55185
271 -0.17311 1.79875
272 -0.934095 1.36642
273 0.406767 1.78194
274 -1.01373 1.59834
275 0.400588 1.90061
276 1.87503 1.23122
277 -2.00598 1.65298
278 -1.30938 1.43439
279 -0.946768 1.51378
280 -1.25985 1.28977
281 0.122973 1.51497
282 -2.65573 1.2441
283 -2.66773 1.64409
284 0.318996 1.14399
285 -1.52604 1.36923
286 -0.452991 1.79168
287 1.44083 1.92637
288 1.12393 1.83728
289 -0.330717 1.08706
290 -0.941988 1.40289
291 0.287553 1.61891
292 -0.462252 1.73917
293 3.23793 1.38623
294 -2.32181 1.60932
295 -0.478839 1.42185
296 0.816562 2.0186
297 0.899214 1.16511
298 1.38585 1.60609
299 0 0
