0 0 0
1 6.4513 6.29861
2 6.92768 9.41053
3 5.16931 8.20211
4 -5.81831 6.77451
5 -11.6507 9.49838
6 0.900553 8.41884
7 4.04351 7.75533
8 10.7725 7.7691
9 -2.93815 5.32762
10 -22.5974 7.67705
11 12.8892 8.15954
12 6.73464 7.65167
13 -1.01554 7.50952
14 -9.59421 7.03077
15 -7.34999 7.81395
16 16.1514 4.90936
17 3.07491 6.21823
18 3.67293 6.7278
19 3.54933 7.48984
20 3.83886 8.19346
21 -4.17409 5.70117
22 10.1399 8.00066
23 -9.13738 7.79729
24 8.85271 8.2849
25 2.97658 9.34582
26 5.38272 7.38809
27 -10.8013 5.12363
28 10.3571 5.76145
29 6.82788 9.14024
30 -4.37625 6.85248
31 5.20988 6.53134
32 -4.05036 5.2771
33 2.17484 7.3477
34 2.02493 6.52861
35 -2.56264 6.98173
36 12.0805 6.77091
37 7.11118 7.00723
38 5.54493 8.87962
39 9.63527 7.48804
40 -0.517236 8.19203
41 2.5115 9.41474
42 19.266 6.04697
43 -1.6734 7.99855
44 5.22281 6.72737
45 -5.36778 7.54819
46 -4.86212 7.79373
47 -0.743938 7.55343
48 -2.94568 5.74772
49 11.8058 7.01497
50 -2.09927 7.97371
51 0.0990626 8.01427
52 22.8588 7.8238
53 1.86788 7.46114
54 -10.1389 7.48255
55 7.8009 7.35287
56 9.45835 6.0493
57 -8.11635 7.77673
58 -6.90371 6.05639
59 2.12081 7.73751
60 -13.5724 7.14207
61 -17.5009 9.21088
62 0.399093 7.58575
63 0.723144 8.14695
64 0.952763 7.23855
65 5.41925 5.28837
66 -6.62588 8.37164
67 -14.0142 7.62674
68 24.5523 7.39248
69 -4.23265 6.17369
70 4.74755 7.63575
71 -1.24904 9.02519
72 11.2372 7.16598
73 13.4041 8.96578
74 -8.14969 8.63376
75 -6.79102 6.7491
76 10.7438 6.68065
77 13.1214 8.97219
78 5.4918 4.08916
79 5.10221 7.68185
80 -14.7495 8.01711
81 -4.02776 7.377
82 -6.1786 6.73939
83 -6.35569 5.60125
84 -8.66029 6.38178
85 6.15567 8.04172
86 -0.225143 5.56585
87 -9.91191 4.40995
88 3.47372 5.51703
89 1.08662 7.03939
90 -1.95412 7.11624
91 -6.21066 6.18734
92 -10.6717 7.76699
93 3.48496 8.29867
94 -2.0032 8.80058
95 -7.6519 5.76666
96 -8.1082 8.13673
97 7.51884 5.94916
98 6.11148 6.56049
99 5.99722 8.30608
100 15.0229 7.84462
101 -5.25318 6.61214
102 -8.27138 5.79302
103 4.46889 6.54284
104 -8.59956 7.93306
105 10.0213 9.25331
106 0.255659 7.17814
107 -5.78738 5.82562
108 12.966 6.58535
109 -3.38135 7.07101
110 -2.34134 7.77521
111 3.24182 6.30543
112 -5.75004 7.47546
113 2.48161 7.16851
114 -1.23362 8.2744
115 1.8991 6.59548
116 13.2326 6.88979
117 -7.79847 5.77188
118 -7.51277 6.13333
119 -3.58044 8.50762
120 14.9438 7.55663
121 1.44664 7.23349
122 -16.3904 9.03118
123 -2.15601 7.50733
124 8.45549 6.87965
125 6.66724 8.98063
126 -4.75453 6.98162
127 -10.3969 7.02624
128 -8.86028 5.00451
129 3.98632 6.23427
130 2.72107 7.98603
131 10.7299 7.47133
132 -0.547713 6.39459
133 -4.97388 5.77219
134 4.3672 6.38347
135 4.97876 7.59743
136 14.4521 5.80654
137 11.2018 8.93651
138 -13.6432 8.21878
139 -9.1455 7.69386
140 -4.78905 6.65601
141 -4.33682 7.7572
142 -4.1114 7.03526
143 10.8 5.8768
144 9.74745 5.39525
145 -0.19727 6.84806
146 -12.1157 8.5462
147 -3.33376 7.41272
148 9.68392 9.56022
149 3.26514 5.70367
150 2.94697 6.47644
151 7.98462 5.7486
152 -3.92296 6.46918
153 1.23322 5.1869
154 -9.49068 4.95057
155 4.77111 7.4298
156 2.19693 6.07916
157 1.84221 6.58578
158 -0.844915 7.01173
159 8.87674 8.06962
160 -0.956118 9.57563
161 4.84432 5.93804
162 -2.40777 8.77486
163 -8.89304 4.81293
164 6.07136 6.9054
165 7.97289 6.40151
166 -3.98665 7.03223
167 5.51023 6.92278
168 -1.34466 6.38315
169 11.1482 6.14528
170 -4.31229 5.4499
171 0.29846 5.79936
172 13.5046 7.8743
173 12.9175 9.8907
174 -1.81412 5.64693
175 4.20868 6.348
176 -2.68147 7.60663
177 12.0289 5.78232
178 4.39943 8.11528
179 -9.07889 7.61273
180 1.17218 7.47571
181 6.89322 4.08154
182 -1.16004 7.57736
183 9.95628 5.76612
184 -10.6769 7.16992
185 6.64668 8.16501
186 -0.405639 8.17662
187 9.58588 5.75373
188 -1.92995 7.44252
189 -3.34795 6.98618
190 -2.09 5.9533
191 -7.05913 6.4705
192 1.85219 7.55459
193 17.0306 7.23777
194 -1.44871 7.08999
195 -9.66094 8.59276
196 -5.20617 6.98974
197 5.55775 7.95521
198 1.83953 6.12348
199 5.55414 4.61845
200 -8.05087 5.907
201 4.09981 6.17818
202 -0.18504 7.90101
203 -3.25335 7.85423
204 9.28978 7.12803
205 -4.50987 7.1453
206 -0.978918 7.30584
207 -11.9366 6.61957
208 1.09175 8.22673
209 1.54765 6.65281
210 -5.86025 8.54583
211 -25.2311 5.75723
212 3.68267 7.32989
213 -5.56433 8.07271
214 -16.4582 5.85792
215 13.7889 6.60515
216 3.5851 8.39039
217 2.94425 7.10941
218 -14.62 5.81662
219 -10.1894 6.87072
220 8.43453 8.27496
221 -2.08157 5.74455
222 -4.35334 8.1503
223 8.11655 6.41454
224 1.80355 8.09822
225 -0.145936 8.76477
226 -9.77357 6.43388
227 8.03141 6.7686
228 -10.6302 8.48551
229 9.75076 6.7349
230 -6.51429 5.62949
231 -4.86517 10.6556
232 -0.0832841 8.03888
233 -6.41208 7.52672
234 2.5239 8.3436
235 9.07406 8.19795
236 0.416053 7.90414
237 -2.87544 6.61466
238 4.32372 8.29102
239 -2.50548 5.69334
240 -2.92267 7.54119
241 9.18975 8.99011
242 -5.18033 6.30099
243 1.47541 6.58798
244 8.67157 5.23859
245 -2.13641 6.13577
246 -4.67851 7.94102
247 -9.24932 6.68683
248 1.9421 5.98979
249 -6.00914 7.52655
250 4.15511 6.06518
251 -3.7489 6.13805
252 -5.4437 6.31472
253 -17.3585 7.22373
254 -6.23835 5.49173
255 8.16394 7.47893
256 1.88954 7.30408
257 -2.97879 6.13574
258 -3.62058 7.04304
259 -2.39213 6.89393
260 0.3746 6.59381
261 -4.82427 6.8186
262 -11.1011 7.61528
263 6.42128 5.54479
264 0.25609 6.76068
265 6.66306 4.74294
266 2.4846 8.41961
267 10.6973 8.66187
268 17.3877 6.07746
269 -10.2524 5.65895
270 -0.558533 6.39604
271 -0.975287 9.74368
272 -3.1639 6.04295
273 2.27915 9.5067
274 -5.71532 8.69749
275 3.42186 8.16442
276 9.33717 6.21293
277 -8.56147 7.59803
278 -5.97067 6.6478
279 -7.60556 7.06159
280 -0.462723 7.00924
281 4.51464 7.13939
282 -15.9144 6.6994
283 -12.5807 7.79491
284 -1.89836 5.23449
285 -8.18195 6.86866
286 -1.07701 8.73035
287 5.71317 9.50704
288 8.18854 8.66412
289 0.54827 5.72553
290 -8.26271 6.43219
291 1.12327 7.94744
292 -3.62319 8.88971
293 13.8514 7.08359
294 -13.1632 8.10906
295 3.25322 6.69001
296 5.01366 9.43211
297 4.21727 5.68668
298 8.84696 8.86021
299 0 0
