0 0 0
1 0.294349 0.776083
2 0.487291 0.902148
3 0.452153 0.929999
4 -0.755737 0.607248
5 -1.04645 0.95264
6 0.12374 0.779765
7 0.177917 0.85096
8 1.49723 0.830082
9 0.738825 0.602054
10 -2.44147 0.720219
11 1.5381 0.848195
12 0.548402 0.819582
13 0.259589 0.914889
14 -1.27548 0.810824
15 -1.08752 0.748538
16 1.54807 0.769845
17 0.791299 0.691671
18 0.408412 0.743796
19 0.786107 0.819405
20 1.21653 0.775618
21 -0.10898 0.67212
22 1.11055 0.790643
23 -0.572643 0.572755
24 1.93231 0.775472
25 0.686923 0.99575
26 1.70464 0.828744
27 -1.37451 0.769057
28 0.987487 0.558921
29 0.495384 0.986111
30 -0.42378 0.671344
31 0.939518 0.673194
32 0.0142884 0.718764
33 -0.0986717 0.696606
34 -0.160816 0.688958
35 -0.498292 0.740405
36 0.994663 0.694424
37 0.796593 0.82953
38 0.440231 0.890047
39 0.264191 0.865988
40 0.014804 0.852391
41 1.01867 1.01285
42 2.26061 0.820623
43 -0.0589984 0.759891
44 0.970149 0.777508
45 0.0308135 0.876187
46 0.283238 0.576215
47 0.6624 0.632989
48 0.512996 0.636773
49 1.63631 0.663328
50 -0.0757225 0.880942
51 -0.0745578 0.681624
52 2.90551 0.7862
53 0.188294 0.654587
54 0.145986 0.777555
55 0.837532 0.637334
56 1.10671 0.793932
57 -1.13782 0.786424
58 0.518972 0.60242
59 0.687109 0.743163
60 -0.696685 0.77101
61 -1.73886 0.964908
62 0.310638 0.653848
63 0.486443 0.752811
64 -0.0167099 0.806801
65 0.76433 0.490671
66 0.000879547 0.793782
67 -0.792538 0.817098
68 2.33969 0.868948
69 -0.142347 0.684967
70 0.587198 0.844997
71 -0.124804 0.773652
72 1.28445 0.645748
73 1.67022 0.906943
74 -0.205401 0.833135
75 -0.348034 0.722881
76 1.07272 0.698841
77 1.23678 0.923866
78 0.695932 0.443628
79 0.431701 0.788937
80 -0.914223 0.691955
81 0.794349 0.678393
82 -0.380874 0.679468
83 0.249252 0.584211
84 -0.509675 0.73206
85 0.878429 0.80616
86 -0.0787902 0.538985
87 -0.787965 0.524663
88 0.746233 0.583118
89 -0.00543875 0.618713
90 0.44075 0.768987
91 -0.31657 0.616714
92 -0.906873 0.713996
93 0.643215 0.809765
94 0.109132 0.837614
95 -0.688125 0.493785
96 -0.583105 0.761635
97 1.14855 0.617192
98 0.354786 0.687469
99 1.09945 0.788494
100 1.2979 0.848757
101 -0.0144506 0.642656
102 0.127015 0.553116
103 0.344979 0.675864
104 -0.13796 0.736389
105 0.31032 1.01345
106 0.290203 0.72267
107 0.0354259 0.792698
108 1.54327 0.689081
109 -0.300011 0.641783
110 0.269607 0.85878
111 0.587728 0.662136
112 0.333363 0.859311
113 0.198017 0.856757
114 0.0166404 0.779646
115 0.529692 0.740575
116 1.72976 0.686192
117 0.257898 0.529067
118 -0.713948 0.624114
119 0.111957 0.855141
120 1.63285 0.726848
121 0.380624 0.717976
122 -1.41283 0.809008
123 0.16422 0.773892
124 0.9122 0.57992
125 0.876737 0.89749
126 -0.00464754 0.69789
127 -0.149167 0.727111
128 -0.823112 0.598355
129 0.596178 0.586543
130 0.023877 0.794423
131 1.55222 0.70074
132 0.219623 0.76583
133 -0.0172601 0.571473
134 1.31133 0.588339
135 0.50384 0.830605
136 1.64541 0.644296
137 0.815007 0.937178
138 -1.26057 0.696794
139 -0.597186 0.84068
140 -0.539404 0.585262
141 -0.565323 0.845842
142 -0.235112 0.671066
143 1.46104 0.592552
144 1.20881 0.672875
145 -0.0889194 0.739133
146 -1.20814 0.808668
147 0.521712 0.799985
148 0.960633 0.947805
149 0.728169 0.580934
150 -0.0686292 0.767121
151 0.929962 0.580141
152 0.072883 0.669284
153 0.681617 0.517576
154 -0.83133 0.484816
155 0.646228 0.757474
156 1.15684 0.726041
157 -0.00823101 0.6819
158 0.590049 0.671903
159 1.44682 0.895459
160 -0.0286283 0.960138
161 0.949427 0.578396
162 -0.143773 0.890823
163 -0.528876 0.488498
164 0.929733 0.745082
165 1.05049 0.643206
166 -0.0501164 0.716001
167 0.967516 0.765324
168 0.600528 0.695624
169 1.22754 0.53995
170 0.0850921 0.570988
171 -0.105271 0.626727
172 1.6385 0.804426
173 1.53781 0.901751
174 -0.467132 0.648987
175 1.1542 0.624848
176 -0.269951 0.852547
177 1.71758 0.694856
178 0.270954 0.812036
179 -0.912605 0.579471
180 0.706223 0.680242
181 0.884774 0.514487
182 0.624273 0.734605
183 1.11056 0.645622
184 -0.51235 0.650879
185 0.557307 0.718701
186 1.07038 0.925958
187 2.12365 0.620814
188 0.265171 0.727377
189 -0.212858 0.708268
190 -0.155501 0.734047
191 -0.522214 0.733356
192 0.374158 0.694736
193 2.07046 0.837003
194 0.739464 0.713768
195 -0.603724 0.764636
196 -0.0848166 0.684744
197 1.32763 0.814459
198 0.841747 0.530445
199 0.872206 0.556629
200 -0.228774 0.586007
201 0.578637 0.697277
202 0.0183993 0.669899
203 -0.290795 0.925986
204 1.23269 0.671311
205 0.199552 0.611545
206 0.103782 0.647586
207 -1.0466 0.753691
208 1.23219 0.780446
209 0.134551 0.741012
210 0.00700448 0.827615
211 -2.42755 0.566862
212 0.959666 0.753143
213 -0.411365 0.703588
214 -1.01371 0.521423
215 0.989698 0.579573
216 1.17341 0.775932
217 0.430414 0.763771
218 -0.998896 0.580306
219 0.13474 0.549635
220 0.744081 0.869153
221 -0.337953 0.546677
222 -0.125053 0.736908
223 1.01288 0.63608
224 0.46112 0.735583
225 0.567935 0.882095
226 -0.191731 0.672608
227 0.286486 0.719332
228 -1.49667 0.743193
229 0.804422 0.709407
230 -0.324306 0.552987
231 0.155739 1.00921
232 0.693646 0.672695
233 -0.0946807 0.739182
234 0.52513 0.779685
235 1.00133 0.830162
236 -0.125343 0.773823
237 -0.13585 0.669858
238 0.475772 0.740793
239 0.437376 0.643364
240 -0.207897 0.719335
241 1.09214 0.826201
242 -0.17584 0.692435
243 0.0738873 0.742514
244 0.779733 0.58796
245 -0.0219537 0.547798
246 0.0892461 0.796637
247 -0.570048 0.641995
248 0.387816 0.665115
249 -0.199528 0.836709
250 -0.144091 0.757803
251 -0.445313 0.744314
252 -0.295891 0.756573
253 -1.16279 0.727754
254 -0.79155 0.692864
255 0.293179 0.690466
256 0.521261 0.781771
257 -0.371533 0.542477
258 -0.0681603 0.61378
259 0.537734 0.895263
260 0.254209 0.792142
261 -0.221602 0.702917
262 -1.24358 0.772021
263 0.972279 0.551192
264 0.661826 0.697658
265 1.27075 0.468691
266 1.2366 0.80543
267 1.04835 0.849914
268 0.959277 0.595552
269 -0.291428 0.522242
270 0.240123 0.814126
271 0.458619 1.03516
272 -0.301331 0.742562
273 0.359904 0.891414
274 -0.321475 0.722678
275 -0.337358 0.709214
276 0.672267 0.624203
277 -1.01126 0.652299
278 0.138755 0.597915
279 -0.642488 0.845935
280 -0.809006 0.676226
281 0.0810785 0.703305
282 -1.38823 0.657224
283 -1.0199 0.745577
284 -0.326243 0.552775
285 -0.514595 0.93671
286 -0.637304 0.963885
287 0.830584 0.851885
288 1.30404 0.8452
289 -0.836251 0.648773
290 -0.348145 0.695063
291 0.344233 0.776215
292 -0.744191 0.893515
293 1.67322 0.821421
294 -1.87031 0.742893
295 0.166341 0.884366
296 0.705635 0.915477
297 0.114683 0.665706
298 -0.0424261 0.897288
299 0 0
