0 -0.776431 0.00500154
1 -0.776613 0.00493701
2 -0.776625 0.0049383
3 -0.776639 0.00500625
4 -0.777128 0.00501363
5 -0.776941 0.00497089
6 -0.777161 0.00491828
7 -0.777112 0.00490253
8 -0.777095 0.00498308
9 -0.777186 0.00498837
10 -0.777103 0.00490083
11 -0.777367 0.00484994
12 -0.777534 0.00480759
13 -0.7775 0.00483679
14 -0.777541 0.00482977
15 -0.777382 0.00488337
16 -0.777537 0.00482142
17 -0.777775 0.00481691
18 -0.77758 0.00488452
19 -0.777509 0.00490752
20 -0.777351 0.00498286
21 -0.777294 0.00498643
22 -0.777066 0.00493203
23 -0.7776 0.00489928
24 -0.777518 0.00484312
25 -0.777489 0.00480425
26 -0.777494 0.00487561
27 -0.777676 0.00482542
28 -0.777172 0.00486934
29 -0.777286 0.00477415
30 -0.777503 0.00477755
31 -0.777486 0.00475019
32 -0.77757 0.00481062
33 -0.777627 0.00481406
34 -0.777944 0.00482662
35 -0.777525 0.00475642
36 -0.777744 0.00471636
37 -0.777814 0.00469804
38 -0.777934 0.0046157
39 -0.778086 0.00458685
40 -0.778117 0.00461627
41 -0.778225 0.00457356
42 -0.778284 0.00456329
43 -0.778108 0.00447872
44 -0.778075 0.00451705
45 -0.778069 0.00454098
46 -0.778016 0.00457438
47 -0.777884 0.00448907
48 -0.778331 0.0044977
49 -0.778619 0.00449222
50 -0.778759 0.00449443
51 -0.77869 0.00446804
52 -0.778539 0.00442115
53 -0.778666 0.00451092
54 -0.778732 0.00452323
55 -0.778725 0.00449001
56 -0.778806 0.00440302
57 -0.778747 0.00445732
58 -0.779057 0.00441509
59 -0.778871 0.00447742
60 -0.778967 0.00444138
61 -0.778973 0.00443219
62 -0.778731 0.00443953
63 -0.778837 0.00439899
64 -0.778756 0.00434313
65 -0.77876 0.0043429
66 -0.778907 0.00432576
67 -0.778566 0.00436209
68 -0.778475 0.00438891
69 -0.778518 0.00431434
70 -0.778437 0.00436273
71 -0.778748 0.00430114
72 -0.778363 0.00429486
73 -0.778185 0.00429064
74 -0.778402 0.00432002
75 -0.778294 0.00433227
76 -0.778294 0.00428498
77 -0.778193 0.004311
78 -0.778433 0.00433499
79 -0.778458 0.00434566
80 -0.778063 0.00438847
81 -0.778064 0.00442928
82 -0.777833 0.00444357
83 -0.778054 0.00443138
84 -0.778003 0.00448466
85 -0.777826 0.00450761
86 -0.777673 0.00458935
87 -0.777679 0.00455293
88 -0.777471 0.00443786
89 -0.777531 0.00435742
90 -0.777257 0.00439886
91 -0.777552 0.00439323
92 -0.777856 0.00434356
93 -0.777944 0.00430938
94 -0.777877 0.00431506
95 -0.77783 0.00432944
96 -0.777889 0.00439242
97 -0.777551 0.00442919
98 -0.777706 0.00435274
99 -0.777838 0.00436324
100 -0.77778 0.00436254
101 -0.77763 0.00435301
102 -0.777372 0.00433517
103 -0.777298 0.00427499
104 -0.777052 0.00423871
105 -0.77677 0.00421671
106 -0.776578 0.00416258
107 -0.776677 0.00416228
108 -0.776639 0.00415187
109 -0.776815 0.00409864
110 -0.776621 0.00418223
111 -0.777075 0.00418934
112 -0.776991 0.00418693
113 -0.776972 0.00421116
114 -0.776985 0.00422839
115 -0.776674 0.00425697
116 -0.776833 0.00424294
117 -0.776501 0.00421363
118 -0.77655 0.00428303
119 -0.776351 0.00425127
120 -0.776446 0.00422862
121 -0.776275 0.00419432
122 -0.776383 0.0041801
123 -0.776331 0.00415447
124 -0.776547 0.00410525
125 -0.776422 0.00409036
126 -0.776376 0.00404738
127 -0.776447 0.00406823
128 -0.776099 0.00409087
129 -0.775958 0.00402126
130 -0.776069 0.00402745
131 -0.776288 0.00404622
132 -0.776273 0.00406993
133 -0.776139 0.00407448
134 -0.776323 0.00407602
135 -0.776266 0.00410271
136 -0.776069 0.0041181
137 -0.775877 0.0041039
138 -0.775789 0.00414953
139 -0.775851 0.00408893
140 -0.77586 0.00407495
141 -0.77611 0.0040868
142 -0.775875 0.00410793
143 -0.776062 0.00409533
144 -0.776055 0.00414465
145 -0.776077 0.00423094
146 -0.776032 0.00429903
147 -0.775829 0.00431544
148 -0.775945 0.0043133
149 -0.776013 0.00438858
150 -0.775829 0.00440317
151 -0.775858 0.00442062
152 -0.77568 0.00443122
153 -0.775622 0.0045038
154 -0.775778 0.00440759
155 -0.775731 0.00446141
156 -0.775707 0.00452479
157 -0.775818 0.00452831
158 -0.775987 0.0044809
159 -0.775972 0.00451047
160 -0.775622 0.00455545
161 -0.775195 0.00451987
162 -0.775222 0.00450063
163 -0.775377 0.00446407
164 -0.775292 0.00441576
165 -0.775077 0.00436804
166 -0.77492 0.00427656
167 -0.774829 0.00429988
168 -0.774678 0.00424417
169 -0.774592 0.00421104
170 -0.774329 0.0042218
171 -0.77454 0.00421548
172 -0.774496 0.00422684
173 -0.774665 0.00425124
174 -0.77481 0.00426355
175 -0.774756 0.00417547
176 -0.774688 0.00427197
177 -0.774488 0.00429128
178 -0.774365 0.00436646
179 -0.774372 0.00439412
180 -0.774107 0.00443045
181 -0.773681 0.00444476
182 -0.77368 0.00448342
183 -0.773721 0.00440827
184 -0.773691 0.00441035
185 -0.773355 0.00447114
186 -0.773295 0.00448766
187 -0.773569 0.0044676
188 -0.773598 0.00446561
189 -0.773806 0.00446572
190 -0.773627 0.0044811
191 -0.773499 0.0045992
192 -0.773513 0.00462657
193 -0.773472 0.00470812
194 -0.773706 0.00464469
195 -0.773749 0.00462061
196 -0.773802 0.00464887
197 -0.773606 0.0047085
198 -0.773802 0.00474215
199 -0.774097 0.00473661
200 -0.773862 0.00471247
201 -0.774148 0.0046041
202 -0.774448 0.00461697
203 -0.774615 0.00460234
204 -0.774644 0.00463099
205 -0.774643 0.00465279
206 -0.774507 0.00461129
207 -0.774587 0.0045968
208 -0.774303 0.00453548
209 -0.773932 0.00453233
210 -0.774017 0.00460873
211 -0.773894 0.00460674
212 -0.774182 0.0046102
213 -0.774035 0.00458922
214 -0.773853 0.00455567
215 -0.774133 0.00456298
216 -0.774343 0.00454026
217 -0.774317 0.0045138
218 -0.774248 0.00451491
219 -0.77433 0.00455567
220 -0.774197 0.00456575
221 -0.774078 0.00457008
222 -0.774278 0.00459314
223 -0.774565 0.00461863
224 -0.774831 0.00460818
225 -0.774744 0.00457816
226 -0.774746 0.00451091
227 -0.77452 0.00451956
228 -0.77461 0.00449265
229 -0.774604 0.00448475
230 -0.774784 0.00445232
231 -0.774683 0.00435919
232 -0.77464 0.0043416
233 -0.774581 0.00429219
234 -0.774248 0.00429324
235 -0.774176 0.00428018
236 -0.774124 0.00426061
237 -0.774284 0.00419959
238 -0.774297 0.00413827
239 -0.774031 0.00421135
240 -0.774284 0.00422426
241 -0.773817 0.00429835
242 -0.774049 0.00430913
243 -0.773966 0.00428544
244 -0.773863 0.0041989
245 -0.773811 0.00426561
246 -0.773809 0.00424038
247 -0.773988 0.00424861
248 -0.774269 0.00420997
249 -0.774475 0.00416609
250 -0.774372 0.00408885
251 -0.774357 0.0041253
252 -0.774299 0.00420557
253 -0.77426 0.00424043
254 -0.774308 0.00426676
255 -0.774606 0.00430005
256 -0.774502 0.0043122
257 -0.774471 0.00434649
258 -0.774432 0.00434641
259 -0.774437 0.00430915
260 -0.774482 0.00435183
261 -0.774647 0.00434742
262 -0.774764 0.0043604
263 -0.774549 0.00426692
264 -0.775019 0.00422359
265 -0.774912 0.00425933
266 -0.775001 0.00431623
267 -0.775083 0.0043428
268 -0.77491 0.0043731
269 -0.775025 0.00436868
270 -0.774872 0.00438235
271 -0.774919 0.0043942
272 -0.774444 0.0044611
273 -0.774129 0.00439144
274 -0.774634 0.00437682
275 -0.7746 0.00431825
276 -0.774653 0.00434667
277 -0.77428 0.00440685
278 -0.774124 0.00438645
279 -0.773988 0.00439371
280 -0.77392 0.00434243
281 -0.773709 0.00432989
282 -0.773594 0.0043354
283 -0.77325 0.00436691
284 -0.773202 0.00436181
285 -0.773203 0.00430434
286 -0.772885 0.00431678
287 -0.772625 0.00436421
288 -0.772733 0.00429556
289 -0.772673 0.00425868
290 -0.772713 0.00418872
291 -0.773038 0.00419485
292 -0.772946 0.0041777
293 -0.772856 0.00416265
294 -0.772868 0.0040811
295 -0.772986 0.00407891
296 -0.772982 0.0040182
297 -0.77294 0.00403343
298 -0.772745 0.00394887
299 -0.772621 0.00394891
