0 -0.77852 0.00400822
1 -0.779078 0.00396564
2 -0.779237 0.00402571
3 -0.780189 0.0039083
4 -0.78071 0.00397561
5 -0.780152 0.00418609
6 -0.779815 0.00409465
7 -0.78042 0.00411003
8 -0.779961 0.00412645
9 -0.78029 0.00412577
10 -0.780655 0.00405541
11 -0.781047 0.00415945
12 -0.781028 0.00400171
13 -0.780804 0.00408719
14 -0.780897 0.00401961
15 -0.781271 0.0040821
16 -0.781691 0.0039503
17 -0.78215 0.0040271
18 -0.782229 0.00412292
19 -0.78221 0.00406363
20 -0.782047 0.00410807
21 -0.782476 0.00411923
22 -0.782201 0.0042108
23 -0.782682 0.00421241
24 -0.782493 0.0041204
25 -0.782729 0.00416095
26 -0.782245 0.00415287
27 -0.782233 0.00440316
28 -0.781501 0.00438125
29 -0.780899 0.00424208
30 -0.781381 0.00431823
31 -0.781359 0.00439376
32 -0.780461 0.00439276
33 -0.781171 0.00435518
34 -0.782267 0.00439041
35 -0.78224 0.00438942
36 -0.782839 0.00447544
37 -0.782713 0.0043754
38 -0.782826 0.00430912
39 -0.783035 0.00440428
40 -0.782545 0.00424769
41 -0.78244 0.00428312
42 -0.78303 0.00429937
43 -0.782616 0.00421165
44 -0.782912 0.00430971
45 -0.782909 0.00441402
46 -0.782987 0.00429545
47 -0.782401 0.00424313
48 -0.782271 0.00413817
49 -0.781822 0.00404395
50 -0.781776 0.00407887
51 -0.781606 0.00419119
52 -0.781584 0.00419862
53 -0.782387 0.00420252
54 -0.782581 0.00408262
55 -0.78283 0.00403693
56 -0.782391 0.00384349
57 -0.782585 0.00401524
58 -0.782803 0.00384815
59 -0.782713 0.00390592
60 -0.783501 0.00381414
61 -0.783428 0.00387293
62 -0.783315 0.00387643
63 -0.783517 0.00393385
64 -0.782563 0.00390544
65 -0.782642 0.003876
66 -0.782541 0.00378858
67 -0.781749 0.00382137
68 -0.782109 0.00384843
69 -0.782428 0.00401419
70 -0.782586 0.00404182
71 -0.782958 0.00385168
72 -0.782427 0.00365771
73 -0.782312 0.00350055
74 -0.782281 0.00352634
75 -0.781883 0.00348073
76 -0.78218 0.00335157
77 -0.782235 0.00334007
78 -0.782912 0.00325545
79 -0.782629 0.00324258
80 -0.78227 0.00300457
81 -0.782741 0.00304023
82 -0.782584 0.0030837
83 -0.782623 0.002887
84 -0.783667 0.0029783
85 -0.783457 0.00281342
86 -0.783482 0.00283069
87 -0.783806 0.00293193
88 -0.783274 0.00274058
89 -0.783164 0.00278426
90 -0.783271 0.00295057
91 -0.783205 0.00297878
92 -0.783704 0.00286579
93 -0.783728 0.00277262
94 -0.784454 0.00274757
95 -0.7843 0.0025737
96 -0.783802 0.00269905
97 -0.783886 0.00268605
98 -0.783427 0.00277738
99 -0.782513 0.00295013
100 -0.78296 0.00277687
101 -0.782966 0.00275063
102 -0.783492 0.00286538
103 -0.783633 0.00295128
104 -0.783044 0.00299638
105 -0.78259 0.00296631
106 -0.782361 0.00317449
107 -0.782531 0.00314421
108 -0.782153 0.0031835
109 -0.782346 0.00311362
110 -0.782261 0.00324352
111 -0.782981 0.00307403
112 -0.782713 0.00306853
113 -0.782132 0.00298506
114 -0.781516 0.0030582
115 -0.782057 0.00288736
116 -0.782472 0.00297658
117 -0.782217 0.00292851
118 -0.782181 0.00298294
119 -0.781175 0.00303534
120 -0.781053 0.00311269
121 -0.780906 0.00315296
122 -0.781526 0.00304932
123 -0.782178 0.00306312
124 -0.782179 0.00293209
125 -0.781691 0.00302031
126 -0.781926 0.00299532
127 -0.781868 0.00314367
128 -0.78168 0.0032009
129 -0.780876 0.00334019
130 -0.781206 0.00326313
131 -0.781259 0.00323937
132 -0.781105 0.00327784
133 -0.780904 0.00312594
134 -0.780288 0.00306027
135 -0.779704 0.00286855
136 -0.779504 0.00302379
137 -0.779659 0.00314889
138 -0.779702 0.0031105
139 -0.780121 0.00313525
140 -0.780029 0.00310119
141 -0.780327 0.00297307
142 -0.780624 0.00308687
143 -0.780393 0.00304854
144 -0.780172 0.00314815
145 -0.780267 0.00308576
146 -0.78029 0.00307394
147 -0.779967 0.00304527
148 -0.779828 0.00297028
149 -0.780319 0.0030012
150 -0.780494 0.00296883
151 -0.780431 0.00303751
152 -0.780407 0.00301945
153 -0.780674 0.00296573
154 -0.781056 0.00304744
155 -0.780537 0.00302938
156 -0.781232 0.00301016
157 -0.781696 0.00298461
158 -0.782654 0.00304336
159 -0.782373 0.00304416
160 -0.781792 0.00261231
161 -0.782026 0.00265075
162 -0.782666 0.00257087
163 -0.782939 0.00250757
164 -0.782613 0.00246901
165 -0.782304 0.00250323
166 -0.782675 0.00241949
167 -0.782469 0.00238284
168 -0.782531 0.002558
169 -0.781924 0.00259068
170 -0.781222 0.00245567
171 -0.781496 0.00250746
172 -0.781297 0.00251617
173 -0.781991 0.00244019
174 -0.782799 0.00236451
175 -0.783077 0.00230376
176 -0.78282 0.00211889
177 -0.782243 0.00215286
178 -0.781785 0.00220653
179 -0.781528 0.00212093
180 -0.781057 0.00218923
181 -0.781538 0.00233395
182 -0.781334 0.00232446
183 -0.782201 0.00227161
184 -0.782011 0.00231703
185 -0.781597 0.00207433
186 -0.781929 0.00219958
187 -0.782425 0.00222692
188 -0.782583 0.0022818
189 -0.782495 0.00225221
190 -0.7827 0.00224024
191 -0.782384 0.00223254
192 -0.782434 0.00226764
193 -0.782642 0.00219485
194 -0.783254 0.00221571
195 -0.78337 0.00208908
196 -0.783556 0.00211009
197 -0.783384 0.00222166
198 -0.7831 0.00226324
199 -0.78338 0.00220507
200 -0.783488 0.00234457
201 -0.782999 0.00242178
202 -0.78414 0.00257037
203 -0.78323 0.00255203
204 -0.78266 0.00259231
205 -0.782711 0.00258004
206 -0.782546 0.00254999
207 -0.782225 0.00251767
208 -0.78275 0.0025783
209 -0.782335 0.00259523
210 -0.781696 0.00243909
211 -0.781599 0.00253553
212 -0.781904 0.0023817
213 -0.781804 0.00219138
214 -0.781853 0.00206742
215 -0.781727 0.00213255
216 -0.781281 0.00226107
217 -0.780949 0.0022285
218 -0.781453 0.00220483
219 -0.781789 0.0023582
220 -0.782238 0.0022107
221 -0.78207 0.00233189
222 -0.781789 0.00228331
223 -0.782289 0.00222287
224 -0.783182 0.0023113
225 -0.783062 0.00219549
226 -0.782916 0.00221451
227 -0.782124 0.00230187
228 -0.78176 0.00229644
229 -0.782203 0.00221788
230 -0.78209 0.0019858
231 -0.782502 0.00201322
232 -0.783247 0.0019741
233 -0.783821 0.00210426
234 -0.784317 0.00197703
235 -0.784738 0.00202546
236 -0.784471 0.00213869
237 -0.784332 0.00213618
238 -0.783708 0.00214229
239 -0.783206 0.0020765
240 -0.783441 0.00196809
241 -0.783325 0.00187559
242 -0.783893 0.00181665
243 -0.78398 0.00191046
244 -0.783545 0.001834
245 -0.783993 0.00194948
246 -0.783889 0.00206998
247 -0.784304 0.00212502
248 -0.784803 0.00217449
249 -0.785266 0.00213881
250 -0.785885 0.0021934
251 -0.786058 0.00218454
252 -0.785329 0.00217595
253 -0.785501 0.00216108
254 -0.784762 0.00219346
255 -0.784896 0.00221443
256 -0.785347 0.00210126
257 -0.785461 0.00212155
258 -0.784605 0.00213962
259 -0.784225 0.00210803
260 -0.784204 0.0021085
261 -0.783885 0.00223368
262 -0.783673 0.00232827
263 -0.783326 0.00238576
264 -0.783653 0.00227986
265 -0.782956 0.00214639
266 -0.782692 0.00217973
267 -0.782643 0.00218171
268 -0.782232 0.00225917
269 -0.782534 0.00224459
270 -0.782005 0.00222752
271 -0.781443 0.00220547
272 -0.780863 0.00219152
273 -0.780841 0.00226915
274 -0.781186 0.00212695
275 -0.780331 0.00223346
276 -0.779646 0.00205821
277 -0.779862 0.00183072
278 -0.779409 0.00196698
279 -0.779772 0.00183122
280 -0.779581 0.00190054
281 -0.780012 0.00201242
282 -0.779948 0.00196563
283 -0.77983 0.00190581
284 -0.779287 0.00185213
285 -0.779391 0.00173023
286 -0.779004 0.00184961
287 -0.779032 0.00199032
288 -0.778182 0.00209984
289 -0.778071 0.0019785
290 -0.778795 0.0018626
291 -0.778917 0.00188712
292 -0.779261 0.00200399
293 -0.779437 0.0021266
294 -0.779908 0.00226282
295 -0.780162 0.0021906
296 -0.780529 0.00216235
297 -0.780298 0.00206355
298 -0.779738 0.00217509
299 -0.779583 0.00229039
