           1       -0.44       -0.44           0
           2        -0.6       -0.52   0.0565685
           3        -0.6   -0.546667   0.0435465
           4       -0.68       -0.58    0.043589
           5       -0.76      -0.616   0.0474637
           6       -0.76       -0.64   0.0452155
           7       -0.84   -0.668571   0.0469228
           8       -0.84       -0.69   0.0456892
           9       -0.84   -0.706667   0.0435465
          10       -0.84       -0.72   0.0411825
          11       -0.84   -0.730909   0.0388567
          12       -0.84       -0.74   0.0366667
          13       -0.84   -0.747692   0.0346436
          14       -0.84   -0.754286   0.0327905
          15       -0.84       -0.76   0.0310984
          16       -0.84      -0.765    0.029554
          17       -0.84   -0.769412   0.0281429
          18       -0.84   -0.773333   0.0268512
          19       -0.84   -0.776842   0.0256662
          20       -0.84       -0.78   0.0245764
          21       -0.84   -0.782857   0.0235716
          22       -0.84   -0.785455   0.0226428
          23       -0.84   -0.787826   0.0217822
          24       -0.84       -0.79   0.0209828
          25       -0.84      -0.792   0.0202386
          26       -0.84   -0.793846   0.0195442
          27       -0.84   -0.795556   0.0188949
          28       -0.84   -0.797143   0.0182867
          29       -0.92   -0.801379   0.0181402
          30       -0.92   -0.805333   0.0179613
          31       -0.92   -0.809032   0.0177587
          32       -0.92     -0.8125    0.017539
          33       -0.92   -0.815758   0.0173074
          34       -0.92   -0.818824   0.0170678
          35       -0.92   -0.821714   0.0168231
          36       -0.92   -0.824444   0.0165759
          37       -0.92   -0.827027   0.0163278
          38       -0.92   -0.829474   0.0160804
          39       -0.92   -0.831795   0.0158347
          40       -0.92      -0.834   0.0155917
          41       -0.92   -0.836098   0.0153518
          42       -0.84    -0.83619   0.0149866
          43       -0.92    -0.83814   0.0147643
          44       -0.92       -0.84   0.0145455
          45       -0.92   -0.841778   0.0143305
          46       -0.92   -0.843478   0.0141195
          47       -0.92   -0.845106   0.0139126
          48       -0.92   -0.846667     0.01371
          49       -0.92   -0.848163   0.0135116
          50       -0.92     -0.8496   0.0133175
          51       -0.92    -0.85098   0.0131278
          52       -0.92   -0.852308   0.0129422
          53       -0.92   -0.853585   0.0127609
          54       -0.92   -0.854815   0.0125837
          55       -0.92      -0.856   0.0124106
          56       -0.92   -0.857143   0.0122415
          57       -0.92   -0.858246   0.0120763
          58       -0.92    -0.85931   0.0119149
          59       -0.92   -0.860339   0.0117573
          60       -0.92   -0.861333   0.0116033
          61       -0.92   -0.862295   0.0114529
          62       -0.92   -0.863226   0.0113059
          63       -0.92   -0.864127   0.0111623
          64       -0.92      -0.865    0.011022
          65       -0.92   -0.865846   0.0108849
          66       -0.92   -0.866667   0.0107508
          67       -0.92   -0.867463   0.0106198
          68       -0.92   -0.868235   0.0104917
          69       -0.92   -0.868986   0.0103664
          70       -0.92   -0.869714   0.0102439
          71       -0.92   -0.870423   0.0101241
          72       -0.92   -0.871111   0.0100069
          73       -0.92   -0.871781  0.00989216
          74       -0.92   -0.872432  0.00977992
          75       -0.92   -0.873067  0.00967007
          76       -0.92   -0.873684  0.00956253
          77       -0.92   -0.874286  0.00945724
          78       -0.92   -0.874872  0.00935413
          79       -0.92   -0.875443  0.00925315
          80       -0.92      -0.876  0.00915423
          81       -0.92   -0.876543  0.00905732
          82       -0.92   -0.877073  0.00896236
          83       -0.92    -0.87759  0.00886929
          84       -0.92   -0.878095  0.00877806
          85       -0.92   -0.878588  0.00868862
          86       -0.92    -0.87907  0.00860092
          87       -0.92    -0.87954  0.00851492
          88       -0.92       -0.88  0.00843056
          89       -0.92   -0.880449  0.00834781
          90       -0.92   -0.880889  0.00826661
          91       -0.92   -0.881319  0.00818694
          92       -0.92   -0.881739  0.00810874
          93       -0.92   -0.882151  0.00803198
          94       -0.92   -0.882553  0.00795662
          95       -0.92   -0.882947  0.00788262
          96       -0.92   -0.883333  0.00780995
          97       -0.92   -0.883711  0.00773858
          98       -0.92   -0.884082  0.00766847
          99       -0.92   -0.884444  0.00759959
         100       -0.92     -0.8848  0.00753191
         101       -0.92   -0.885149  0.00746539
         102       -0.92    -0.88549  0.00740002
         103       -0.92   -0.885825  0.00733575
         104       -0.92   -0.886154  0.00727257
         105       -0.92   -0.886476  0.00721045
         106       -0.92   -0.886792  0.00714936
         107       -0.92   -0.887103  0.00708928
         108       -0.92   -0.887407  0.00703017
         109       -0.92   -0.887706  0.00697203
         110       -0.92      -0.888  0.00691483
         111       -0.92   -0.888288  0.00685854
         112       -0.92   -0.888571  0.00680315
         113       -0.92    -0.88885  0.00674862
         114       -0.92   -0.889123  0.00669496
         115       -0.92   -0.889391  0.00664212
         116       -0.92   -0.889655   0.0065901
         117       -0.92   -0.889915  0.00653888
         118       -0.92   -0.890169  0.00648843
         119       -0.92    -0.89042  0.00643875
         120       -0.92   -0.890667  0.00638981
         121       -0.92   -0.890909   0.0063416
         122       -0.92   -0.891148   0.0062941
         123       -0.92   -0.891382  0.00624729
         124       -0.92   -0.891613  0.00620117
         125       -0.92    -0.89184  0.00615572
         126       -0.92   -0.892063  0.00611092
         127       -0.92   -0.892283  0.00606676
         128       -0.92     -0.8925  0.00602323
         129       -0.92   -0.892713  0.00598031
         130       -0.92   -0.892923  0.00593799
         131       -0.92    -0.89313  0.00589626
         132       -0.92   -0.893333   0.0058551
         133       -0.92   -0.893534  0.00581451
         134       -0.92   -0.893731  0.00577447
         135       -0.92   -0.893926  0.00573498
         136       -0.92   -0.894118  0.00569601
         137       -0.92   -0.894307  0.00565757
         138       -0.92   -0.894493  0.00561963
         139       -0.92   -0.894676   0.0055822
         140       -0.92   -0.894857  0.00554526
         141       -0.92   -0.895035  0.00550879
         142       -0.92   -0.895211   0.0054728
         143       -0.92   -0.895385  0.00543728
         144       -0.92   -0.895556   0.0054022
         145       -0.92   -0.895724  0.00536758
         146       -0.92    -0.89589  0.00533339
         147       -0.92   -0.896054  0.00529963
         148       -0.92   -0.896216  0.00526629
         149       -0.92   -0.896376  0.00523336
         150       -0.92   -0.896533  0.00520084
         151       -0.92   -0.896689  0.00516872
         152       -0.92   -0.896842  0.00513699
         153       -0.92   -0.896993  0.00510565
         154       -0.92   -0.897143  0.00507468
         155       -0.92    -0.89729  0.00504408
         156       -0.92   -0.897436  0.00501385
         157       -0.92    -0.89758  0.00498397
         158       -0.92   -0.897722  0.00495445
         159       -0.92   -0.897862  0.00492527
         160       -0.92      -0.898  0.00489643
         161       -0.92   -0.898137  0.00486792
         162       -0.92   -0.898272  0.00483974
         163       -0.92   -0.898405  0.00481189
         164       -0.92   -0.898537  0.00478435
         165       -0.92   -0.898667  0.00475712
         166       -0.92   -0.898795   0.0047302
         167       -0.92   -0.898922  0.00470358
         168       -0.92   -0.899048  0.00467725
         169       -0.92   -0.899172  0.00465122
         170       -0.84   -0.898824  0.00463686
         171       -0.84    -0.89848  0.00462249
         172       -0.84    -0.89814   0.0046081
         173       -0.84   -0.897803   0.0045937
         174       -0.84   -0.897471   0.0045793
         175       -0.84   -0.897143  0.00456489
         176       -0.84   -0.896818  0.00455049
         177       -0.84   -0.896497  0.00453609
         178       -0.84    -0.89618  0.00452169
         179       -0.84   -0.895866  0.00450731
         180       -0.84   -0.895556  0.00449295
         181       -0.84   -0.895249  0.00447859
         182       -0.84   -0.894945  0.00446426
         183       -0.84   -0.894645  0.00444995
         184       -0.84   -0.894348  0.00443567
         185       -0.84   -0.894054  0.00442141
         186       -0.84   -0.893763  0.00440718
         187       -0.84   -0.893476  0.00439298
         188       -0.84   -0.893191  0.00437881
         189       -0.84    -0.89291  0.00436468
         190       -0.84   -0.892632  0.00435058
         191       -0.84   -0.892356  0.00433652
         192       -0.84   -0.892083   0.0043225
         193       -0.84   -0.891813  0.00430852
         194       -0.84   -0.891546  0.00429458
         195       -0.84   -0.891282  0.00428068
         196       -0.84    -0.89102  0.00426683
         197       -0.84   -0.890761  0.00425302
         198       -0.92   -0.890909  0.00423411
         199       -0.92   -0.891055  0.00421535
         200       -0.92     -0.8912  0.00419676
         201       -0.92   -0.891343  0.00417833
         202       -0.92   -0.891485  0.00416005
         203       -0.92   -0.891626  0.00414193
         204       -0.92   -0.891765  0.00412396
         205       -0.92   -0.891902  0.00410614
         206       -0.92   -0.892039  0.00408847
         207       -0.92   -0.892174  0.00407095
         208       -0.92   -0.892308  0.00405358
         209       -0.92    -0.89244  0.00403635
         210       -0.92   -0.892571  0.00401926
         211       -0.92   -0.892701  0.00400231
         212       -0.92    -0.89283  0.00398551
         213       -0.92   -0.892958  0.00396883
         214       -0.84    -0.89271    0.003958
         215       -0.84   -0.892465  0.00394717
         216       -0.84   -0.892222  0.00393637
         217       -0.84   -0.891982  0.00392557
         218       -0.84   -0.891743   0.0039148
         219       -0.84   -0.891507  0.00390405
         220       -0.84   -0.891273  0.00389332
         221       -0.84   -0.891041  0.00388261
         222       -0.84   -0.890811  0.00387192
         223       -0.84   -0.890583  0.00386126
         224       -0.84   -0.890357  0.00385062
         225       -0.84   -0.890133     0.00384
         226       -0.84   -0.889912  0.00382941
         227       -0.84   -0.889692  0.00381885
         228       -0.84   -0.889474  0.00380831
         229       -0.84   -0.889258  0.00379781
         230       -0.84   -0.889043  0.00378733
         231       -0.84   -0.888831  0.00377688
         232       -0.84   -0.888621  0.00376646
         233       -0.84   -0.888412  0.00375607
         234       -0.84   -0.888205  0.00374571
         235       -0.84      -0.888  0.00373538
         236       -0.84   -0.887797  0.00372509
         237       -0.84   -0.887595  0.00371483
         238       -0.84   -0.887395   0.0037046
         239       -0.84   -0.887197   0.0036944
         240       -0.84      -0.887  0.00368424
         241       -0.84   -0.886805  0.00367411
         242       -0.84   -0.886612  0.00366401
         243       -0.84    -0.88642  0.00365395
         244       -0.92   -0.886557  0.00364157
         245       -0.92   -0.886694  0.00362926
         246       -0.92   -0.886829  0.00361703
         247       -0.92   -0.886964  0.00360488
         248       -0.92   -0.887097  0.00359281
         249       -0.92   -0.887229  0.00358081
         250       -0.92    -0.88736  0.00356888
         251       -0.92    -0.88749  0.00355703
         252       -0.92   -0.887619  0.00354526
         253       -0.92   -0.887747  0.00353355
         254       -0.92   -0.887874  0.00352192
         255       -0.92      -0.888  0.00351036
         256       -0.92   -0.888125  0.00349888
         257       -0.92   -0.888249  0.00348746
         258       -0.92   -0.888372  0.00347611
         259       -0.92   -0.888494  0.00346483
         260       -0.92   -0.888615  0.00345363
         261       -0.92   -0.888736  0.00344249
         262       -0.92   -0.888855  0.00343142
         263       -0.92   -0.888973  0.00342041
         264       -0.92   -0.889091  0.00340947
         265       -0.92   -0.889208   0.0033986
         266       -0.92   -0.889323   0.0033878
         267       -0.92   -0.889438  0.00337706
         268       -0.92   -0.889552  0.00336638
         269       -0.92   -0.889665  0.00335577
         270       -0.92   -0.889778  0.00334522
         271       -0.92   -0.889889  0.00333473
         272       -0.92       -0.89  0.00332431
         273       -0.92    -0.89011  0.00331395
         274       -0.92   -0.890219  0.00330365
         275       -0.92   -0.890327  0.00329341
         276       -0.92   -0.890435  0.00328323
         277       -0.92   -0.890542  0.00327311
         278       -0.92   -0.890647  0.00326305
         279       -0.92   -0.890753  0.00325305
         280       -0.92   -0.890857  0.00324311
         281       -0.92   -0.890961  0.00323323
         282       -0.92   -0.891064   0.0032234
         283       -0.92   -0.891166  0.00321364
         284       -0.92   -0.891268  0.00320392
         285       -0.92   -0.891368  0.00319427
         286       -0.92   -0.891469  0.00318467
         287       -0.92   -0.891568  0.00317512
         288       -0.92   -0.891667  0.00316563
         289       -0.92   -0.891765  0.00315619
         290       -0.92   -0.891862  0.00314681
         291       -0.92   -0.891959  0.00313748
         292       -0.92   -0.892055  0.00312821
         293       -0.92    -0.89215  0.00311899
         294       -0.92   -0.892245  0.00310982
         295       -0.92   -0.892339   0.0031007
         296       -0.92   -0.892432  0.00309163
         297       -0.92   -0.892525  0.00308261
         298       -0.92   -0.892617  0.00307365
         299       -0.92   -0.892709  0.00306473
         300       -0.92     -0.8928  0.00305587
         301       -0.92    -0.89289  0.00304705
         302       -0.92    -0.89298  0.00303828
         303       -0.92   -0.893069  0.00302956
         304       -0.92   -0.893158  0.00302089
         305       -0.92   -0.893246  0.00301227
         306       -0.92   -0.893333  0.00300369
         307       -0.92    -0.89342  0.00299516
         308       -0.92   -0.893506  0.00298668
         309       -0.92   -0.893592  0.00297825
         310       -0.92   -0.893677  0.00296986
         311       -0.92   -0.893762  0.00296151
         312       -0.92   -0.893846  0.00295322
         313       -0.92    -0.89393  0.00294496
         314       -0.92   -0.894013  0.00293675
         315       -0.92   -0.894095  0.00292859
         316       -0.92   -0.894177  0.00292047
         317       -0.92   -0.894259  0.00291239
         318       -0.92    -0.89434  0.00290436
         319       -0.92    -0.89442  0.00289637
         320       -0.92     -0.8945  0.00288842
         321       -0.92   -0.894579  0.00288051
         322       -0.92   -0.894658  0.00287265
         323       -0.92   -0.894737  0.00286483
         324       -0.92   -0.894815  0.00285705
         325       -0.92   -0.894892  0.00284931
         326       -0.92   -0.894969  0.00284161
         327       -0.92   -0.895046  0.00283395
         328       -0.92   -0.895122  0.00282633
         329       -0.92   -0.895198  0.00281875
         330       -0.92   -0.895273  0.00281121
         331       -0.92   -0.895347  0.00280371
         332       -0.92   -0.895422  0.00279625
         333       -0.92   -0.895495  0.00278882
         334       -0.92   -0.895569  0.00278144
         335       -0.92   -0.895642  0.00277409
         336       -0.92   -0.895714  0.00276678
         337       -0.92   -0.895786  0.00275951
         338       -0.92   -0.895858  0.00275228
         339       -0.92   -0.895929  0.00274508
         340       -0.92      -0.896  0.00273792
         341       -0.92    -0.89607  0.00273079
         342       -0.92    -0.89614   0.0027237
         343       -0.92    -0.89621  0.00271665
         344       -0.92   -0.896279  0.00270963
         345       -0.92   -0.896348  0.00270265
         346       -0.92   -0.896416  0.00269571
         347       -0.92   -0.896484  0.00268879
         348       -0.92   -0.896552  0.00268192
         349       -0.92   -0.896619  0.00267507
         350       -0.92   -0.896686  0.00266826
         351       -0.92   -0.896752  0.00266149
         352       -0.92   -0.896818  0.00265475
         353       -0.92   -0.896884  0.00264804
         354       -0.92   -0.896949  0.00264136
         355       -0.92   -0.897014  0.00263472
         356       -0.92   -0.897079  0.00262811
         357       -0.92   -0.897143  0.00262153
         358       -0.92   -0.897207  0.00261499
         359       -0.92    -0.89727  0.00260848
         360       -0.92   -0.897333  0.00260199
         361       -0.92   -0.897396  0.00259554
         362       -0.92   -0.897459  0.00258912
         363       -0.92   -0.897521  0.00258274
         364       -0.92   -0.897582  0.00257638
         365       -0.92   -0.897644  0.00257005
         366       -0.92   -0.897705  0.00256376
         367       -0.92   -0.897766  0.00255749
         368       -0.92   -0.897826  0.00255125
         369       -0.92   -0.897886  0.00254505
         370       -0.92   -0.897946  0.00253887
         371       -0.92   -0.898005  0.00253272
         372       -0.92   -0.898065   0.0025266
         373       -0.92   -0.898123  0.00252052
         374       -0.92   -0.898182  0.00251445
         375       -0.92    -0.89824  0.00250842
         376       -0.92   -0.898298  0.00250242
         377       -0.92   -0.898355  0.00249644
         378       -0.92   -0.898413   0.0024905
         379       -0.92    -0.89847  0.00248458
         380       -0.92   -0.898526  0.00247868
         381       -0.92   -0.898583  0.00247282
         382       -0.92   -0.898639  0.00246698
         383       -0.92   -0.898695  0.00246117
         384       -0.92    -0.89875  0.00245539
         385       -0.92   -0.898805  0.00244963
         386       -0.92    -0.89886   0.0024439
         387       -0.92   -0.898915  0.00243819
         388       -0.92   -0.898969  0.00243251
         389       -0.92   -0.899023  0.00242686
         390       -0.92   -0.899077  0.00242123
         391       -0.92    -0.89913  0.00241563
         392       -0.92   -0.899184  0.00241006
         393       -0.92   -0.899237  0.00240451
         394       -0.92   -0.899289  0.00239898
         395       -0.92   -0.899342  0.00239348
         396       -0.92   -0.899394  0.00238801
         397       -0.92   -0.899446  0.00238255
         398       -0.92   -0.899497  0.00237713
         399       -0.92   -0.899549  0.00237173
         400       -0.92     -0.8996  0.00236635
         401       -0.92   -0.899651  0.00236099
         402       -0.92   -0.899701  0.00235566
         403       -0.92   -0.899752  0.00235036
         404       -0.92   -0.899802  0.00234507
         405       -0.92   -0.899852  0.00233981
         406       -0.92   -0.899901  0.00233458
         407       -0.92   -0.899951  0.00232936
         408       -0.92        -0.9  0.00232417
         409       -0.92   -0.900049    0.002319
         410       -0.92   -0.900098  0.00231386
         411       -0.92   -0.900146  0.00230873
         412       -0.84        -0.9  0.00230774
         413       -0.92   -0.900048  0.00230266
         414       -0.92   -0.900097   0.0022976
         415       -0.92   -0.900145  0.00229257
         416       -0.92   -0.900192  0.00228755
         417       -0.92    -0.90024  0.00228256
         418       -0.92   -0.900287  0.00227759
         419       -0.92   -0.900334  0.00227264
         420       -0.92   -0.900381  0.00226771
         421       -0.92   -0.900428   0.0022628
         422       -0.84   -0.900284  0.00226197
         423       -0.84   -0.900142   0.0022611
         424       -0.84        -0.9  0.00226022
         425       -0.84   -0.899859   0.0022593
         426       -0.92   -0.899906  0.00225449
         427       -0.92   -0.899953  0.00224971
         428       -0.92        -0.9  0.00224494
         429       -0.92   -0.900047  0.00224019
         430       -0.92   -0.900093  0.00223546
         431       -0.92   -0.900139  0.00223075
         432       -0.92   -0.900185  0.00222606
         433       -0.92   -0.900231  0.00222139
         434       -0.92   -0.900276  0.00221674
         435       -0.92   -0.900322   0.0022121
         436       -0.92   -0.900367  0.00220749
         437       -0.92   -0.900412   0.0022029
         438       -0.92   -0.900457  0.00219832
         439       -0.92   -0.900501  0.00219376
         440       -0.92   -0.900545  0.00218923
         441       -0.92    -0.90059  0.00218471
         442       -0.92   -0.900633  0.00218021
         443       -0.92   -0.900677  0.00217572
         444       -0.92   -0.900721  0.00217126
         445       -0.92   -0.900764  0.00216681
         446       -0.92   -0.900807  0.00216238
         447       -0.92    -0.90085  0.00215797
         448       -0.92   -0.900893  0.00215358
         449       -0.92   -0.900935   0.0021492
         450       -0.92   -0.900978  0.00214484
         451       -0.92    -0.90102   0.0021405
         452       -0.92   -0.901062  0.00213618
         453       -0.92   -0.901104  0.00213187
         454       -0.92   -0.901145  0.00212758
         455       -0.92   -0.901187  0.00212331
         456       -0.92   -0.901228  0.00211905
         457       -0.92   -0.901269  0.00211481
         458       -0.92    -0.90131  0.00211059
         459       -0.92   -0.901351  0.00210639
         460       -0.92   -0.901391   0.0021022
         461       -0.92   -0.901432  0.00209802
         462       -0.92   -0.901472  0.00209387
         463       -0.92   -0.901512  0.00208973
         464       -0.92   -0.901552   0.0020856
         465       -0.92   -0.901591   0.0020815
         466       -0.92   -0.901631   0.0020774
         467       -0.92    -0.90167  0.00207333
         468       -0.92   -0.901709  0.00206927
         469       -0.92   -0.901748  0.00206522
         470       -0.92   -0.901787  0.00206119
         471       -0.92   -0.901826  0.00205718
         472       -0.92   -0.901864  0.00205318
         473       -0.92   -0.901903   0.0020492
         474       -0.92   -0.901941  0.00204523
         475       -0.92   -0.901979  0.00204128
         476       -0.92   -0.902017  0.00203734
         477       -0.92   -0.902055  0.00203342
         478       -0.92   -0.902092  0.00202951
         479       -0.92   -0.902129  0.00202562
         480       -0.92   -0.902167  0.00202174
         481       -0.92   -0.902204  0.00201788
         482       -0.92   -0.902241  0.00201403
         483       -0.92   -0.902277   0.0020102
         484       -0.92   -0.902314  0.00200638
         485       -0.92   -0.902351  0.00200257
         486       -0.92   -0.902387  0.00199878
         487       -0.92   -0.902423    0.001995
         488       -0.92   -0.902459  0.00199124
         489       -0.92   -0.902495  0.00198749
         490       -0.92   -0.902531  0.00198376
         491       -0.92   -0.902566  0.00198003
         492       -0.92   -0.902602  0.00197633
         493       -0.92   -0.902637  0.00197263
         494       -0.92   -0.902672  0.00196895
         495       -0.92   -0.902707  0.00196529
         496       -0.92   -0.902742  0.00196163
         497       -0.92   -0.902777  0.00195799
         498       -0.92   -0.902811  0.00195437
         499       -0.92   -0.902846  0.00195075
         500       -0.92    -0.90288  0.00194715
