           1        -0.6        -0.6           0
           2       -0.68       -0.64   0.0282843
           3       -0.68   -0.653333   0.0217732
           4       -0.84        -0.7    0.043589
           5       -0.84      -0.728   0.0429325
           6       -0.84   -0.746667   0.0396279
           7       -0.84       -0.76   0.0361403
           8       -0.92       -0.78   0.0367423
           9       -0.92   -0.795556   0.0358016
          10       -0.92      -0.808   0.0343162
          11       -0.92   -0.818182   0.0326721
          12       -0.92   -0.826667   0.0310316
          13       -0.92   -0.833846   0.0294634
          14       -0.92       -0.84   0.0279942
          15       -0.92   -0.845333   0.0266311
          16       -0.92       -0.85   0.0253722
          17       -0.92   -0.854118   0.0242116
          18       -0.92   -0.857778   0.0231415
          19       -0.92   -0.861053    0.022154
          20       -0.92      -0.864   0.0212415
          21       -0.92   -0.866667   0.0203967
          22       -0.92   -0.869091   0.0196131
          23       -0.92   -0.871304   0.0188848
          24       -0.92   -0.873333   0.0182066
          25       -0.92     -0.8752   0.0175738
          26       -0.92   -0.876923   0.0169821
          27       -0.92   -0.878519    0.016428
          28       -0.92       -0.88   0.0159079
          29       -0.92   -0.881379    0.015419
          30       -0.92   -0.882667   0.0149587
          31       -0.92   -0.883871   0.0145246
          32       -0.92      -0.885   0.0141145
          33       -0.92   -0.886061   0.0137266
          34       -0.92   -0.887059   0.0133591
          35       -0.92      -0.888   0.0130105
          36       -0.92   -0.888889   0.0126794
          37       -0.92    -0.88973   0.0123646
          38       -0.92   -0.890526   0.0120648
          39       -0.92   -0.891282   0.0117791
          40          -1      -0.894   0.0117941
          41          -1   -0.896585   0.0117864
          42       -0.92   -0.897143   0.0115189
          43       -0.92   -0.897674   0.0112633
          44       -0.92   -0.898182   0.0110187
          45       -0.92   -0.898667   0.0107845
          46       -0.92    -0.89913   0.0105601
          47          -1   -0.901277   0.0105512
          48          -1   -0.903333   0.0105299
          49          -1   -0.905306   0.0104982
          50          -1     -0.9072   0.0104577
          51          -1    -0.90902   0.0104097
          52          -1   -0.910769   0.0103555
          53          -1   -0.912453   0.0102961
          54          -1   -0.914074   0.0102323
          55          -1   -0.915636   0.0101648
          56          -1   -0.917143   0.0100943
          57          -1   -0.918596   0.0100213
          58          -1       -0.92  0.00994635
          59          -1   -0.921356  0.00986976
          60          -1   -0.922667  0.00979191
          61       -0.92   -0.922623  0.00963148
          62       -0.92   -0.922581  0.00947623
          63       -0.92    -0.92254   0.0093259
          64       -0.92     -0.9225  0.00918027
          65       -0.92   -0.922462  0.00903911
          66       -0.92   -0.922424  0.00890224
          67       -0.92   -0.922388  0.00876944
          68          -1   -0.923529  0.00871444
          69          -1   -0.924638  0.00865832
          70          -1   -0.925714  0.00860131
          71          -1   -0.926761  0.00854356
          72          -1   -0.927778  0.00848524
          73          -1   -0.928767  0.00842648
          74          -1    -0.92973  0.00836741
          75          -1   -0.930667  0.00830814
          76          -1   -0.931579  0.00824876
          77          -1   -0.932468  0.00818935
          78          -1   -0.933333     0.00813
          79          -1   -0.934177  0.00807076
          80          -1      -0.935  0.00801171
          81          -1   -0.935802  0.00795289
          82          -1   -0.936585  0.00789434
          83          -1   -0.937349  0.00783611
          84          -1   -0.938095  0.00777824
          85          -1   -0.938824  0.00772075
          86          -1   -0.939535  0.00766368
          87          -1    -0.94023  0.00760704
          88          -1   -0.940909  0.00755085
          89          -1   -0.941573  0.00749515
          90          -1   -0.942222  0.00743993
          91          -1   -0.942857  0.00738521
          92          -1   -0.943478  0.00733101
          93          -1   -0.944086  0.00727733
          94          -1   -0.944681  0.00722418
          95          -1   -0.945263  0.00717157
          96          -1   -0.945833   0.0071195
          97          -1   -0.946392  0.00706796
          98          -1   -0.946939  0.00701698
          99          -1   -0.947475  0.00696654
         100          -1      -0.948  0.00691665
         101          -1   -0.948515   0.0068673
         102          -1    -0.94902   0.0068185
         103          -1   -0.949515  0.00677024
         104          -1       -0.95  0.00672252
         105          -1   -0.950476  0.00667534
         106          -1   -0.950943   0.0066287
         107          -1   -0.951402  0.00658258
         108          -1   -0.951852    0.006537
         109          -1   -0.952294  0.00649193
         110          -1   -0.952727  0.00644738
         111          -1   -0.953153  0.00640335
         112          -1   -0.953571  0.00635982
         113          -1   -0.953982   0.0063168
         114          -1   -0.954386  0.00627427
         115          -1   -0.954783  0.00623224
         116          -1   -0.955172  0.00619069
         117          -1   -0.955556  0.00614962
         118          -1   -0.955932  0.00610903
         119          -1   -0.956303  0.00606891
         120          -1   -0.956667  0.00602925
         121          -1   -0.957025  0.00599005
         122          -1   -0.957377   0.0059513
         123          -1   -0.957724  0.00591299
         124          -1   -0.958065  0.00587513
         125          -1     -0.9584   0.0058377
         126          -1    -0.95873   0.0058007
         127          -1   -0.959055  0.00576412
         128          -1   -0.959375  0.00572795
         129          -1    -0.95969   0.0056922
         130          -1       -0.96  0.00565685
         131          -1   -0.960305  0.00562191
         132          -1   -0.960606  0.00558735
         133          -1   -0.960902  0.00555319
         134          -1   -0.961194  0.00551941
         135          -1   -0.961481    0.005486
         136          -1   -0.961765  0.00545297
         137          -1   -0.962044  0.00542031
         138          -1   -0.962319    0.005388
         139          -1    -0.96259  0.00535605
         140          -1   -0.962857  0.00532446
         141          -1   -0.963121  0.00529321
         142          -1    -0.96338   0.0052623
         143          -1   -0.963636  0.00523173
         144          -1   -0.963889  0.00520149
         145          -1   -0.964138  0.00517157
         146          -1   -0.964384  0.00514198
         147          -1   -0.964626  0.00511271
         148          -1   -0.964865  0.00508375
         149          -1   -0.965101  0.00505509
         150          -1   -0.965333  0.00502674
         151          -1   -0.965563  0.00499869
         152          -1   -0.965789  0.00497094
         153          -1   -0.966013  0.00494348
         154          -1   -0.966234   0.0049163
         155          -1   -0.966452   0.0048894
         156          -1   -0.966667  0.00486279
         157          -1   -0.966879  0.00483645
         158          -1   -0.967089  0.00481038
         159          -1   -0.967296  0.00478458
         160          -1     -0.9675  0.00475904
         161          -1   -0.967702  0.00473376
         162          -1   -0.967901  0.00470873
         163          -1   -0.968098  0.00468396
         164          -1   -0.968293  0.00465944
         165          -1   -0.968485  0.00463516
         166          -1   -0.968675  0.00461112
         167          -1   -0.968862  0.00458733
         168          -1   -0.969048  0.00456376
         169       -0.92   -0.968757  0.00454598
         170       -0.92   -0.968471  0.00452827
         171          -1   -0.968655  0.00450555
         172          -1   -0.968837  0.00448303
         173          -1   -0.969017  0.00446074
         174          -1   -0.969195  0.00443865
         175          -1   -0.969371  0.00441678
         176          -1   -0.969545  0.00439511
         177          -1   -0.969718  0.00437365
         178          -1   -0.969888  0.00435238
         179          -1   -0.970056  0.00433132
         180          -1   -0.970222  0.00431045
         181          -1   -0.970387  0.00428977
         182          -1   -0.970549  0.00426929
         183          -1    -0.97071  0.00424899
         184          -1    -0.97087  0.00422888
         185          -1   -0.971027  0.00420895
         186          -1   -0.971183   0.0041892
         187          -1   -0.971337  0.00416963
         188          -1   -0.971489  0.00415024
         189          -1    -0.97164  0.00413102
         190          -1   -0.971789  0.00411198
         191          -1   -0.971937   0.0040931
         192          -1   -0.972083  0.00407439
         193          -1   -0.972228  0.00405585
         194          -1   -0.972371  0.00403747
         195          -1   -0.972513  0.00401925
         196          -1   -0.972653  0.00400119
         197          -1   -0.972792  0.00398328
         198          -1   -0.972929  0.00396553
         199          -1   -0.973065  0.00394794
         200          -1     -0.9732   0.0039305
         201          -1   -0.973333   0.0039132
         202          -1   -0.973465  0.00389606
         203          -1   -0.973596  0.00387906
         204          -1   -0.973725   0.0038622
         205          -1   -0.973854  0.00384549
         206          -1   -0.973981  0.00382891
         207          -1   -0.974106  0.00381248
         208          -1   -0.974231  0.00379618
         209          -1   -0.974354  0.00378002
         210          -1   -0.974476  0.00376399
         211          -1   -0.974597   0.0037481
         212          -1   -0.974717  0.00373233
         213          -1   -0.974836  0.00371669
         214          -1   -0.974953  0.00370119
         215          -1    -0.97507  0.00368581
         216          -1   -0.975185  0.00367055
         217          -1     -0.9753  0.00365541
         218          -1   -0.975413   0.0036404
         219          -1   -0.975525  0.00362551
         220          -1   -0.975636  0.00361074
         221          -1   -0.975747  0.00359608
         222          -1   -0.975856  0.00358154
         223          -1   -0.975964  0.00356712
         224          -1   -0.976071  0.00355281
         225          -1   -0.976178  0.00353861
         226          -1   -0.976283  0.00352452
         227          -1   -0.976388  0.00351054
         228          -1   -0.976491  0.00349667
         229          -1   -0.976594  0.00348291
         230          -1   -0.976696  0.00346925
         231          -1   -0.976797   0.0034557
         232          -1   -0.976897  0.00344225
         233          -1   -0.976996  0.00342891
         234          -1   -0.977094  0.00341566
         235          -1   -0.977191  0.00340252
         236          -1   -0.977288  0.00338947
         237          -1   -0.977384  0.00337652
         238          -1   -0.977479  0.00336367
         239          -1   -0.977573  0.00335092
         240          -1   -0.977667  0.00333826
         241          -1   -0.977759  0.00332569
         242          -1   -0.977851  0.00331322
         243          -1   -0.977942  0.00330084
         244          -1   -0.978033  0.00328855
         245          -1   -0.978122  0.00327635
         246          -1   -0.978211  0.00326424
         247          -1     -0.9783  0.00325221
         248          -1   -0.978387  0.00324028
         249          -1   -0.978474  0.00322843
         250          -1    -0.97856  0.00321666
         251          -1   -0.978645  0.00320498
         252          -1    -0.97873  0.00319338
         253          -1   -0.978814  0.00318187
         254          -1   -0.978898  0.00317043
         255          -1    -0.97898  0.00315908
         256          -1   -0.979063   0.0031478
         257          -1   -0.979144  0.00313661
         258          -1   -0.979225  0.00312549
         259          -1   -0.979305  0.00311446
         260          -1   -0.979385  0.00310349
         261          -1   -0.979464  0.00309261
         262          -1   -0.979542   0.0030818
         263          -1    -0.97962  0.00307106
         264          -1   -0.979697   0.0030604
         265          -1   -0.979774  0.00304981
         266          -1    -0.97985  0.00303929
         267          -1   -0.979925  0.00302885
         268          -1       -0.98  0.00301847
         269          -1   -0.980074  0.00300816
         270          -1   -0.980148  0.00299793
         271          -1   -0.980221  0.00298776
         272          -1   -0.980294  0.00297766
         273          -1   -0.980366  0.00296763
         274          -1   -0.980438  0.00295766
         275          -1   -0.980509  0.00294776
         276          -1    -0.98058  0.00293793
         277          -1    -0.98065  0.00292816
         278          -1   -0.980719  0.00291845
         279          -1   -0.980789  0.00290881
         280          -1   -0.980857  0.00289923
         281          -1   -0.980925  0.00288971
         282          -1   -0.980993  0.00288026
         283          -1    -0.98106  0.00287086
         284          -1   -0.981127  0.00286153
         285          -1   -0.981193  0.00285225
         286          -1   -0.981259  0.00284304
         287          -1   -0.981324  0.00283388
         288          -1   -0.981389  0.00282479
         289          -1   -0.981453  0.00281575
         290          -1   -0.981517  0.00280676
         291          -1   -0.981581  0.00279784
         292          -1   -0.981644  0.00278896
         293          -1   -0.981706  0.00278015
         294          -1   -0.981769  0.00277139
         295          -1   -0.981831  0.00276268
         296          -1   -0.981892  0.00275403
         297          -1   -0.981953  0.00274543
         298          -1   -0.982013  0.00273689
         299          -1   -0.982074   0.0027284
         300          -1   -0.982133  0.00271996
         301          -1   -0.982193  0.00271157
         302          -1   -0.982252  0.00270323
         303          -1    -0.98231  0.00269494
         304          -1   -0.982368  0.00268671
         305          -1   -0.982426  0.00267852
         306          -1   -0.982484  0.00267038
         307          -1   -0.982541  0.00266229
         308          -1   -0.982597  0.00265425
         309          -1   -0.982654  0.00264626
         310          -1    -0.98271  0.00263832
         311          -1   -0.982765  0.00263042
         312          -1   -0.982821  0.00262257
         313          -1   -0.982875  0.00261476
         314          -1    -0.98293    0.002607
         315          -1   -0.982984  0.00259929
         316          -1   -0.983038  0.00259162
         317          -1   -0.983091    0.002584
         318          -1   -0.983145  0.00257642
         319          -1   -0.983197  0.00256889
         320          -1    -0.98325  0.00256139
         321          -1   -0.983302  0.00255395
         322          -1   -0.983354  0.00254654
         323          -1   -0.983406  0.00253918
         324          -1   -0.983457  0.00253186
         325          -1   -0.983508  0.00252458
         326          -1   -0.983558  0.00251734
         327          -1   -0.983609  0.00251015
         328          -1   -0.983659  0.00250299
         329          -1   -0.983708  0.00249588
         330          -1   -0.983758   0.0024888
         331          -1   -0.983807  0.00248177
         332          -1   -0.983855  0.00247477
         333          -1   -0.983904  0.00246781
         334          -1   -0.983952  0.00246089
         335          -1      -0.984  0.00245401
         336          -1   -0.984048  0.00244717
         337          -1   -0.984095  0.00244037
         338          -1   -0.984142   0.0024336
         339          -1   -0.984189  0.00242687
         340          -1   -0.984235  0.00242018
         341          -1   -0.984282  0.00241353
         342          -1   -0.984327  0.00240691
         343          -1   -0.984373  0.00240032
         344          -1   -0.984419  0.00239377
         345          -1   -0.984464  0.00238726
         346          -1   -0.984509  0.00238078
         347          -1   -0.984553  0.00237434
         348          -1   -0.984598  0.00236793
         349          -1   -0.984642  0.00236156
         350          -1   -0.984686  0.00235522
         351          -1   -0.984729  0.00234891
         352          -1   -0.984773  0.00234264
         353          -1   -0.984816   0.0023364
         354          -1   -0.984859   0.0023302
         355          -1   -0.984901  0.00232402
         356          -1   -0.984944  0.00231788
         357          -1   -0.984986  0.00231177
         358          -1   -0.985028   0.0023057
         359          -1    -0.98507  0.00229965
         360          -1   -0.985111  0.00229364
         361          -1   -0.985152  0.00228765
         362          -1   -0.985193   0.0022817
         363          -1   -0.985234  0.00227578
         364          -1   -0.985275  0.00226989
         365          -1   -0.985315  0.00226403
         366          -1   -0.985355   0.0022582
         367          -1   -0.985395   0.0022524
         368          -1   -0.985435  0.00224663
         369          -1   -0.985474  0.00224089
         370          -1   -0.985514  0.00223517
         371          -1   -0.985553  0.00222949
         372          -1   -0.985591  0.00222383
         373          -1    -0.98563  0.00221821
         374          -1   -0.985668  0.00221261
         375          -1   -0.985707  0.00220704
         376          -1   -0.985745   0.0022015
         377          -1   -0.985782  0.00219598
         378          -1    -0.98582  0.00219049
         379          -1   -0.985858  0.00218503
         380          -1   -0.985895   0.0021796
         381          -1   -0.985932   0.0021742
         382          -1   -0.985969  0.00216882
         383          -1   -0.986005  0.00216346
         384          -1   -0.986042  0.00215814
         385          -1   -0.986078  0.00215283
         386          -1   -0.986114  0.00214756
         387          -1    -0.98615  0.00214231
         388          -1   -0.986186  0.00213709
         389          -1   -0.986221  0.00213189
         390          -1   -0.986256  0.00212671
         391          -1   -0.986292  0.00212156
         392          -1   -0.986327  0.00211644
         393          -1   -0.986361  0.00211134
         394          -1   -0.986396  0.00210627
         395          -1    -0.98643  0.00210122
         396          -1   -0.986465  0.00209619
         397          -1   -0.986499  0.00209119
         398          -1   -0.986533  0.00208621
         399          -1   -0.986566  0.00208125
         400          -1     -0.9866  0.00207632
         401          -1   -0.986633  0.00207141
         402          -1   -0.986667  0.00206652
         403          -1     -0.9867  0.00206166
         404          -1   -0.986733  0.00205682
         405          -1   -0.986765    0.002052
         406          -1   -0.986798  0.00204721
         407          -1    -0.98683  0.00204243
         408          -1   -0.986863  0.00203768
         409          -1   -0.986895  0.00203295
         410          -1   -0.986927  0.00202825
         411          -1   -0.986959  0.00202356
         412       -0.92   -0.986796  0.00202517
         413          -1   -0.986828  0.00202052
         414          -1    -0.98686  0.00201589
         415          -1   -0.986892  0.00201128
         416          -1   -0.986923  0.00200669
         417          -1   -0.986954  0.00200212
         418          -1   -0.986986  0.00199757
         419          -1   -0.987017  0.00199305
         420          -1   -0.987048  0.00198854
         421          -1   -0.987078  0.00198406
         422          -1   -0.987109  0.00197959
         423          -1   -0.987139  0.00197515
         424          -1    -0.98717  0.00197072
         425          -1     -0.9872  0.00196632
         426          -1    -0.98723  0.00196193
         427          -1    -0.98726  0.00195756
         428          -1    -0.98729  0.00195322
         429          -1   -0.987319  0.00194889
         430          -1   -0.987349  0.00194458
         431          -1   -0.987378  0.00194029
         432          -1   -0.987407  0.00193602
         433          -1   -0.987436  0.00193176
         434          -1   -0.987465  0.00192753
         435          -1   -0.987494  0.00192331
         436          -1   -0.987523  0.00191912
         437          -1   -0.987551  0.00191494
         438          -1    -0.98758  0.00191078
         439          -1   -0.987608  0.00190663
         440          -1   -0.987636  0.00190251
         441          -1   -0.987664   0.0018984
         442          -1   -0.987692  0.00189431
         443          -1    -0.98772  0.00189024
         444          -1   -0.987748  0.00188618
         445          -1   -0.987775  0.00188214
         446          -1   -0.987803  0.00187812
         447          -1    -0.98783  0.00187412
         448          -1   -0.987857  0.00187013
         449          -1   -0.987884  0.00186617
         450          -1   -0.987911  0.00186221
         451          -1   -0.987938  0.00185828
         452          -1   -0.987965  0.00185436
         453          -1   -0.987991  0.00185045
         454          -1   -0.988018  0.00184657
         455          -1   -0.988044   0.0018427
         456          -1    -0.98807  0.00183884
         457          -1   -0.988096    0.001835
         458          -1   -0.988122  0.00183118
         459          -1   -0.988148  0.00182737
         460          -1   -0.988174  0.00182358
         461          -1     -0.9882  0.00181981
         462          -1   -0.988225  0.00181605
         463          -1   -0.988251   0.0018123
         464          -1   -0.988276  0.00180857
         465          -1   -0.988301  0.00180486
         466          -1   -0.988326  0.00180116
         467          -1   -0.988351  0.00179748
         468          -1   -0.988376  0.00179381
         469          -1   -0.988401  0.00179016
         470          -1   -0.988426  0.00178652
         471          -1    -0.98845  0.00178289
         472          -1   -0.988475  0.00177928
         473          -1   -0.988499  0.00177569
         474          -1   -0.988523  0.00177211
         475          -1   -0.988547  0.00176854
         476          -1   -0.988571  0.00176499
         477          -1   -0.988595  0.00176145
         478          -1   -0.988619  0.00175793
         479          -1   -0.988643  0.00175442
         480          -1   -0.988667  0.00175093
         481          -1    -0.98869  0.00174744
         482          -1   -0.988714  0.00174398
         483          -1   -0.988737  0.00174052
         484          -1    -0.98876  0.00173708
         485          -1   -0.988784  0.00173365
         486          -1   -0.988807  0.00173024
         487          -1    -0.98883  0.00172684
         488          -1   -0.988852  0.00172345
         489          -1   -0.988875  0.00172008
         490          -1   -0.988898  0.00171672
         491          -1   -0.988921  0.00171337
         492          -1   -0.988943  0.00171004
         493          -1   -0.988966  0.00170672
         494          -1   -0.988988  0.00170341
         495          -1    -0.98901  0.00170011
         496          -1   -0.989032  0.00169683
         497          -1   -0.989054  0.00169356
         498          -1   -0.989076   0.0016903
         499          -1   -0.989098  0.00168705
         500          -1    -0.98912  0.00168382
