-7.84036
-7.80385
-7.72844
-7.63797
-7.53569
-7.42333
-7.3053
-7.1903
-7.08594
-6.99745
-6.93104
-6.88975
-6.87263
-6.8782
-6.90194
-6.93607
-6.97503
-7.01458
-7.04871
-7.07687
-7.09655
-7.10867
-7.11183
-7.10695
-7.0968
-7.08477
-7.07178
-7.06103
-7.05067
-7.04604
-7.04756
-7.05905
-7.07687
-7.10285
-7.13414
-7.17073
-7.20798
-7.24226
-7.2753
-7.30335
-7.32235
-7.33207
-7.33634
-7.33247
-7.32453
-7.30859
-7.29188
-7.2706
-7.24986
-7.23011
-7.21108
-7.19665
-7.18298
-7.17543
-7.16835
-7.16235
-7.15969
-7.15829
-7.15766
-7.16212
-7.16575
-7.17506
-7.18494
-7.19561
-7.20646
-7.21699
-7.22658
-7.23228
-7.23851
-7.24147
-7.24235
-7.242
-7.24035
-7.23471
-7.22921
-7.22471
-7.2199
-7.21442
-7.20884
-7.20444
-7.19891
-7.19534
-7.19327
-7.19283
-7.19343
-7.19553
-7.19774
-7.19958
-7.20144
-7.20265
-7.1995
-7.1922
-7.18344
-7.1719
-7.15865
-7.14838
-7.13602
-7.12632
-7.12037
-7.11738
-7.11802
-7.12132
-7.12827
-7.13299
-7.13997
-7.14539
-7.14916
-7.14914
-7.14747
-7.1412
-7.13657
-7.13143
-7.1259
-7.12175
-7.12228
-7.12717
-7.13779
-7.15364
-7.17491
-7.201
-7.22588
-7.24954
-7.27273
-7.29211
-7.30663
-7.31427
-7.32169
-7.32046
-7.31187
-7.29943
-7.28441
-7.26762
-7.24882
-7.23236
-7.21448
-7.20034
-7.19317
-7.1892
-7.18814
-7.18854
-7.19439
-7.2015
-7.20517
-7.20436
-7.20306
-7.19848
-7.19344
-7.18791
-7.18157
-7.1738
-7.15341
-7.11862
-7.06985
-7.01503
-6.9535
-6.89376
-6.84098
-6.80141
-6.77701
-6.76799
-6.77432
-6.78538
-6.7974
-6.8101
-6.81749
-6.82057
-6.81862
-6.81398
-6.80791
-6.80585
-6.80401
-6.80247
-6.80167
-6.80243
-6.80667
-6.81187
-6.82393
-6.84058
-6.86087
-6.88272
-6.90688
-6.93256
-6.95587
-6.97854
-6.99591
-7.01132
-7.0205
-7.02329
-7.018
-7.0052
-6.98695
-6.96424
-6.93805
-6.91105
-6.8909
-6.87898
-6.87452
-6.87837
-6.89065
-6.90754
-6.92456
-6.94254
-6.95558
-6.95874
-6.95852
-6.95364
-6.94361
-6.93234
-6.91948
-6.91059
-6.90566
-6.90352
-6.90204
-6.89834
-6.89487
-6.88969
-6.88359
-6.87701
-6.86715
-6.86361
-6.86184
-6.86188
-6.86085
-6.86066
-6.86451
-6.86883
-6.87307
-6.88133
-6.89066
-6.90425
-6.91698
-6.92346
-6.93035
-6.93056
-6.92588
-6.91476
-6.89576
-6.87703
-6.85784
-6.84049
-6.82398
-6.80909
-6.79942
-6.79213
-6.78904
-6.78964
-6.79333
-6.79835
-6.80479
-6.81457
-6.8232
-6.83034
-6.8377
-6.84655
-6.85856
-6.87302
-6.88966
-6.90677
-6.92575
-6.94281
-6.95426
-6.96593
-6.97537
-6.98194
-6.98951
-6.99708
-6.99927
-7.00033
-6.99923
-6.99664
-6.99266
-6.98916
-6.98908
-6.9846
-6.98048
-6.97632
-6.97438
-6.969
-6.96267
-6.95581
-6.94247
-6.93095
-6.91878
-6.9076
-6.89563
-6.88519
-6.87654
-6.86933
-6.86691
-6.86651
-6.86834
-6.869
-6.8698
-6.86884
-6.86047
-6.85029
-6.84356
-6.83786
-6.83886
-6.84673
-6.85586
-6.85874
-6.85707
-6.85016
-6.83692
-6.82155
-6.7999
-6.77758
-6.75312
-6.73135
-6.71153
-6.69589
-6.68373
-6.6725
-6.66273
-6.65344
-6.64415
-6.63867
-6.63472
-6.63251
-6.63412
-6.63487
-6.63713
-6.64193
-6.65105
-6.66463
-6.68407
-6.7034
-6.72064
-6.73466
-6.74518
-6.75156
-6.75761
-6.76249
-6.77019
-6.78114
-6.7921
-6.80681
-6.8193
-6.8278
-6.83194
-6.83045
-6.82712
-6.82153
-6.81301
-6.80647
-6.80393
-6.80022
-6.79886
-6.79777
-6.79326
-6.78771
-6.77896
-6.76572
-6.7544
-6.74788
-6.7439
-6.74278
-6.74005
-6.73864
-6.73588
-6.73419
-6.73092
-6.72921
-6.7292
-6.72633
-6.7255
-6.72572
-6.72545
-6.72721
-6.72736
-6.72842
-6.73202
-6.73151
-6.72602
-6.71726
-6.71102
-6.70538
-6.70705
-6.71455
-6.72615
-6.73944
-6.75525
-6.76877
-6.77684
-6.78021
-6.78014
-6.77931
-6.77976
-6.779
-6.78133
-6.77931
-6.7812
-6.78146
-6.78633
-6.79306
-6.79915
-6.80194
-6.80162
-6.79681
-6.78437
-6.767
-6.74871
-6.73053
-6.71402
-6.70596
-6.70218
-6.7073
-6.71632
-6.73368
-6.75505
-6.77371
-6.78716
-6.7956
-6.80489
-6.80663
-6.80635
-6.8018
-6.79411
-6.77826
-6.75784
-6.73299
-6.70355
-6.67507
-6.64923
-6.63403
-6.62912
-6.63389
-6.64673
-6.66602
-6.69259
-6.72001
-6.74812
-6.77745
-6.80353
-6.82612
-6.84167
-6.84969
-6.84864
-6.83822
-6.81998
-6.79709
-6.77075
-6.7467
-6.72736
-6.71227
-6.70234
-6.69836
-6.70712
-6.72101
-6.73991
-6.75646
-6.76994
-6.77736
-6.77624
-6.76001
-6.73587
-6.70632
-6.67148
-6.63874
-6.60559
-6.57573
-6.55504
-6.53997
-6.53803
-6.54785
-6.56848
-6.5988
-6.63454
-6.6684
-6.70168
-6.72906
-6.74671
-6.75637
-6.76249
-6.76492
-6.76366
-6.75774
-6.75726
-6.75344
-6.74897
-6.74452
-6.73267
-6.71715
-6.69942
-6.67824
-6.66009
-6.6426
-6.63116
-6.62629
-6.63137
-6.64256
-6.65867
-6.67765
-6.69676
-6.71617
-6.73261
-6.74533
-6.7569
-6.76325
-6.76704
-6.76663
-6.76174
-6.75058
-6.72963
-6.70187
-6.66746
-6.62824
-6.59462
-6.56866
-6.55612
-6.55861
-6.57851
-6.61108
-6.65108
-6.69002
-6.72402
-6.74666
-6.75486
-6.74941
-6.73305
-6.71013
-6.68237
-6.65385
-6.63045
-6.61339
-6.6043
-6.60539
-6.61292
-6.62846
-6.65004
-6.6712
-6.69494
-6.7118
-6.73088
-6.74761
-6.7584
-6.76369
-6.76261
-6.75555
-6.7466
-6.73553
-6.71918
-6.7032
-6.68531
-6.67104
-6.65665
-6.64239
-6.63155
-6.62223
-6.61603
-6.6138
-6.6182
-6.62326
-6.63873
-6.6554
-6.67689
-6.69726
-6.72005
-6.74069
-6.76026
-6.7791
-6.79688
-6.80749
-6.81486
-6.81267
-6.80505
-6.79004
-6.77149
-6.75385
-6.741
-6.73521
-6.73418
-6.73736
-6.73893
-6.73947
-6.73833
-6.73179
-6.72007
-6.70521
-6.68939
-6.67009
-6.65078
-6.63103
-6.61284
-6.59768
-6.58779
-6.58719
-6.59252
-6.60592
-6.62175
-6.63923
-6.65634
-6.66989
-6.684
-6.69608
-6.7052
-6.70668
-6.70303
-6.69194
-6.66889
-6.64404
-6.61889
-6.59674
-6.58667
-6.58507
-6.59602
-6.61373
-6.63676
-6.664
-6.68977
-6.71654
-6.73685
-6.75134
-6.75894
-6.76048
-6.75591
-6.74599
-6.73246
-6.71765
-6.70194
-6.68577
-6.66713
-6.65177
-6.63501
-6.61815
-6.60231
-6.5922
-6.58457
-6.58007
-6.58174
-6.59088
-6.60395
-6.62107
-6.64647
-6.67117
-6.69708
-6.72206
-6.74459
-6.76309
-6.77503
-6.77757
-6.77508
-6.76681
-6.75819
-6.74522
-6.73153
-6.71611
-6.70242
-6.69018
-6.68289
-6.67657
-6.67409
-6.67358
-6.67414
-6.67362
-6.67167
-6.66483
-6.65451
-6.64447
-6.62855
-6.61306
-6.60093
-6.5926
-6.58949
-6.59078
-6.59697
-6.6078
-6.61888
-6.62738
-6.63388
-6.63844
-6.64018
-6.64
-6.64073
-6.64219
-6.647
-6.66051
-6.68128
-6.71138
-6.74564
-6.77588
-6.80395
-6.82059
-6.8284
-6.8233
-6.80872
-6.78662
-6.75578
-6.72349
-6.69055
-6.65987
-6.63355
-6.61341
-6.59855
-6.59296
-6.59262
-6.59925
-6.60606
-6.61497
-6.62604
-6.63844
-6.65179
-6.66222
-6.66894
-6.6733
-6.67601
-6.67553
-6.67527
-6.67595
-6.67601
-6.67712
-6.6797
-6.68387
-6.68639
-6.68852
-6.68952
-6.6886
-6.68013
-6.6706
-6.65755
-6.63915
-6.62058
-6.60545
-6.59317
-6.59052
-6.59846
-6.61599
-6.63999
-6.6669
-6.69229
-6.71308
-6.72889
-6.73848
-6.74454
-6.74732
-6.74931
-6.7465
-6.74282
-6.7357
-6.72427
-6.70513
-6.68137
-6.65799
-6.63819
-6.62043
-6.61147
-6.60919
-6.61367
-6.62329
