-6.65046
-6.64819
-6.62941
-6.61548
-6.60641
-6.59929
-6.59248
-6.58762
-6.5847
-6.58179
-6.57952
-6.5779
-6.57596
-6.57499
-6.57532
-6.575
-6.57435
-6.57436
-6.57306
-6.57274
-6.57242
-6.57339
-6.57371
-6.57306
-6.57241
-6.57306
-6.57371
-6.57532
-6.57403
-6.57338
-6.57241
-6.57402
-6.57435
-6.57565
-6.57629
-6.57824
-6.57921
-6.57824
-6.57954
-6.58148
-6.58148
-6.58019
-6.58148
-6.58213
-6.58504
-6.58472
-6.58666
-6.58536
-6.58439
-6.58309
-6.5805
-6.58018
-6.57824
-6.58018
-6.5805
-6.57986
-6.5805
-6.58018
-6.57824
-6.57888
-6.57629
-6.57726
-6.57726
-6.57726
-6.57759
-6.57856
-6.58018
-6.57986
-6.58212
-6.58309
-6.58374
-6.58471
-6.58569
-6.58374
-6.58277
-6.58342
-6.58406
-6.58406
-6.58374
-6.58406
-6.58244
-6.5818
-6.58147
-6.58147
-6.58115
-6.58115
-6.5805
-6.57953
-6.57953
-6.58083
-6.5805
-6.57921
-6.57953
-6.57953
-6.57921
-6.58179
-6.58082
-6.57985
-6.5792
-6.57791
-6.57693
-6.57596
-6.57694
-6.57499
-6.57564
-6.57597
-6.57661
-6.57597
-6.57629
-6.57435
-6.57564
-6.57693
-6.57693
-6.57596
-6.57596
-6.57564
-6.57596
-6.57661
-6.57855
-6.58244
-6.58373
-6.58406
-6.58568
-6.58665
-6.58697
-6.58536
-6.58892
-6.58924
-6.5873
-6.586
-6.58568
-6.586
-6.58535
-6.58665
-6.5847
-6.58341
-6.58503
-6.58535
-6.58438
-6.58179
-6.58309
-6.58568
-6.586
-6.58374
-6.58309
-6.58115
-6.5805
-6.58082
-6.58147
-6.58147
-5.97189
-5.97092
-5.96865
-5.96962
-5.96864
-5.96864
-5.96863
-5.96928
-5.96895
-5.96766
-5.96864
-5.9667
-5.96379
-5.96411
-5.96411
-5.96508
-5.96508
-5.96443
-5.96249
-5.96379
-5.96443
-5.96476
-5.96508
-5.9654
-5.96638
-5.96443
-5.96508
-5.96637
-5.96799
-5.96864
-5.96994
-5.97188
-5.97156
-5.97188
-5.96962
-5.96962
-5.96897
-5.96864
-5.96767
-5.9667
-5.96703
-5.96799
-5.96799
-5.96637
-5.96734
-5.96928
-5.9696
-5.96896
-5.96896
-5.96864
-5.96702
-5.96832
-5.96929
-5.96638
-5.96638
-5.96735
-5.96734
-5.96831
-5.96767
-5.96896
-5.9709
-5.9722
-5.97188
-5.96896
-5.96767
-5.96702
-5.96767
-5.96896
-5.96669
-5.96928
-5.97155
-5.97349
-5.97252
-5.97091
-5.97188
-5.97155
-5.96896
-5.96799
-5.96605
-5.96735
-5.96832
-5.9654
-5.96702
-5.96735
-5.96864
-5.96897
-5.96573
-5.9654
-5.9654
-5.96637
-5.96605
-5.96443
-5.96475
-5.9641
-5.96443
-5.9654
-5.96669
-5.96702
-5.96702
-5.96929
-5.96993
-5.96896
-5.96799
-5.96767
-5.96864
-5.96928
-5.96928
-5.96799
-5.96864
-5.96929
-5.96734
-5.96864
-5.96993
-5.96961
-5.9709
-5.97285
-5.97058
-5.96896
-5.96734
-5.96637
-5.96572
-5.96669
-5.97155
-5.97187
-5.9722
-5.9722
-5.97447
-5.97382
-5.97317
-5.97317
-5.96799
-5.96605
-5.96475
-5.9654
-5.9654
-5.96605
-5.96638
-5.96508
-5.96508
-5.96411
-5.96378
-5.96281
-5.96443
-5.96767
-5.96637
-5.96443
-5.96475
-5.96281
-5.96281
-5.96443
-5.64848
-5.64783
-5.64751
-5.64719
-5.64589
-5.64751
-5.64686
-5.64783
-5.64686
-5.64686
-5.64589
-5.64589
-5.64686
-5.64718
-5.64783
-5.64751
-5.64492
-5.6433
-5.64071
-5.63844
-5.63974
-5.64006
-5.64071
-5.64103
-5.64136
-5.64136
-5.6433
-5.6433
-5.64201
-5.64072
-5.64039
-5.64007
-5.64168
-5.64201
-5.64298
-5.64427
-5.6433
-5.64557
-5.64719
-5.64816
-5.64913
-5.64881
-5.6501
-5.65107
-5.64945
-5.64881
-5.65043
-5.64913
-5.64913
-5.64946
-5.64784
-5.64784
-5.64752
-5.6446
-5.64363
-5.64557
-5.64719
-5.64913
-5.64816
-5.64848
-5.64816
-5.64945
-5.64913
-5.64978
-5.6514
-5.64978
-5.6501
-5.65107
-5.65042
-5.6501
-5.64686
-5.6446
-5.64687
-5.64849
-5.64881
-5.64816
-5.64978
-5.64881
-5.64978
-5.65043
-5.65011
-5.64881
-5.65043
-5.6527
-5.65367
-5.65367
-5.65238
-5.65076
-5.65011
-5.64817
-5.64979
-5.64752
-5.64881
-5.64687
-5.6472
-5.64752
-5.6472
-5.6459
-5.6459
-5.64687
-5.64558
-5.64364
-5.64331
-5.64331
-5.64266
-5.64557
-5.6459
-5.64752
-5.64622
-5.64849
-5.6527
-5.65464
-5.65367
-5.65108
-5.65302
-5.65108
-5.65076
-5.65011
-5.65108
-5.64946
-5.64914
-5.64946
-5.64816
-5.64751
-5.64525
-5.64589
-5.64687
-5.64719
-5.64654
-5.64557
-5.64752
-5.64784
-5.64784
-5.64946
-5.64979
-5.65043
-5.64979
-5.64914
-5.64817
-5.64688
-5.6459
-5.64623
-5.6459
-5.64719
-5.64946
-5.65011
-5.64881
-5.6459
-5.64816
-5.64849
-5.52334
-5.52237
-5.5214
-5.52108
-5.52205
-5.51914
-5.51849
-5.51946
-5.51849
-5.5201
-5.51978
-5.51913
-5.5214
-5.5201
-5.52042
-5.5201
-5.51913
-5.51913
-5.51978
-5.51816
-5.51946
-5.52108
-5.52043
-5.51914
-5.52043
-5.52237
-5.52302
-5.51978
-5.52204
-5.5214
-5.52172
-5.52496
-5.52464
-5.52464
-5.52561
-5.52464
-5.52593
-5.52463
-5.52398
-5.52301
-5.52463
-5.52561
-5.52626
-5.52658
-5.52593
-5.52626
-5.52561
-5.52399
-5.52432
-5.5227
-5.52205
-5.52141
-5.52173
-5.5227
-5.52173
-5.52173
-5.52108
-5.51816
-5.51848
-5.51848
-5.5188
-5.51783
-5.51783
-5.51751
-5.51784
-5.51752
-5.51914
-5.52076
-5.52141
-5.52173
-5.52238
-5.52399
-5.52399
-5.52237
-5.52172
-5.52107
-5.52075
-5.52237
-5.52237
-5.52334
-5.52529
-5.52431
-5.52593
-5.52237
-5.52367
-5.52594
-5.52626
-5.52594
-5.52464
-5.5227
-5.52367
-5.52626
-5.52593
-5.5269
-5.52561
-5.5269
-5.52658
-5.52463
-5.52399
-5.52237
-5.52107
-5.52042
-5.52237
-5.5201
-5.52301
-5.52237
-5.52334
-5.52205
-5.52367
-5.52431
-5.52496
-5.52593
-5.52788
-5.52658
-5.5282
-5.52788
-5.5295
-5.52917
-5.52755
-5.5256
-5.52431
-5.52463
-5.52463
-5.52561
-5.52431
-5.52367
-5.52464
-5.52431
-5.52302
-5.52237
-5.52366
-5.52334
-5.52366
-5.52301
-5.52204
-5.52042
-5.51848
-5.5188
-5.51783
-5.51913
-5.51945
-5.52043
-5.52172
-5.52075
-5.52172
-5.52237
-5.52302
-5.52108
-5.52108
-5.52172
-5.48964
-5.49126
-5.49255
-5.49158
-5.4932
-5.4919
-5.49223
-5.49061
-5.48867
-5.48834
-5.48673
-5.48867
-5.48867
-5.48867
-5.48835
-5.48867
-5.489
-5.489
-5.489
-5.48997
-5.49126
-5.49256
-5.49126
-5.49256
-5.49126
-5.48835
-5.48479
-5.48511
-5.48544
-5.48511
-5.48576
-5.4877
-5.48738
-5.48576
-5.48835
-5.4877
-5.48738
-5.48738
-5.48835
-5.49062
-5.49288
-5.49256
-5.49321
-5.49256
-5.4945
-5.49386
-5.49353
-5.49191
-5.49159
-5.49094
-5.49223
-5.49094
-5.49029
-5.48965
-5.48965
-5.48965
-5.49062
-5.48998
-5.48933
-5.49192
-5.4903
-5.48901
-5.48901
-5.48901
-5.48933
-5.48901
-5.48933
-5.4916
-5.49322
-5.4929
-5.49226
-5.49193
-5.49128
-5.49096
-5.49258
-5.49355
-5.49322
-5.49387
-5.4929
-5.4942
-5.49647
-5.49615
-5.49906
-5.49874
-5.49939
-5.49744
-5.49582
-5.49517
-5.49225
-5.49193
-5.49225
-5.49322
-5.49419
-5.49483
-5.49322
-5.49354
-5.4929
-5.49452
-5.4929
-5.49095
-5.48966
-5.48934
-5.49096
-5.49193
-5.49225
-5.49322
-5.49484
-5.49452
-5.49452
-5.49484
-5.49355
-5.49225
-5.49161
-5.49225
-5.49161
-5.49161
-5.49225
-5.49355
-5.49064
-5.49064
-5.49128
-5.48999
-5.48999
-5.49193
-5.4916
-5.49225
-5.49257
-5.49193
-5.49064
-5.49031
-5.49096
-5.49193
-5.49323
-5.4929
-5.49258
-5.49161
-5.49193
-5.48967
-5.48967
-5.49064
-5.49291
-5.49323
-5.49323
-5.49485
-5.49744
-5.49614
-5.49614
-5.49549
-5.49549
-5.49582
