1.18991
1.15567
1.09903
1.02249
0.929279
0.824046
0.712812
0.602676
0.50124
0.415659
0.351524
0.311852
0.296674
0.303209
0.326623
0.361077
0.400677
0.440224
0.475645
0.504127
0.524135
0.535284
0.538117
0.533887
0.524387
0.511706
0.498078
0.485708
0.47664
0.472664
0.475153
0.485023
0.502525
0.527206
0.557842
0.592487
0.628766
0.66402
0.695761
0.721875
0.740866
0.751884
0.75486
0.750344
0.73949
0.723878
0.705222
0.685242
0.665475
0.647021
0.630581
0.616473
0.604739
0.595249
0.587851
0.582491
0.579193
0.578109
0.579424
0.583235
0.589454
0.597792
0.607679
0.618342
0.628872
0.638432
0.646401
0.652425
0.656384
0.658375
0.658609
0.657288
0.654668
0.650971
0.646438
0.641289
0.635833
0.630356
0.625098
0.620375
0.616466
0.613539
0.611802
0.611359
0.612277
0.614384
0.617234
0.620055
0.621911
0.621824
0.619003
0.612997
0.603905
0.592369
0.579449
0.566584
0.555196
0.54647
0.541168
0.53947
0.541089
0.545355
0.551336
0.557993
0.564326
0.569423
0.572547
0.57317
0.571179
0.566856
0.560927
0.5545
0.548965
0.545793
0.546317
0.55153
0.561829
0.577033
0.596353
0.618563
0.642147
0.665483
0.687055
0.70546
0.719658
0.728911
0.732774
0.731219
0.724571
0.713427
0.698727
0.68162
0.663471
0.645714
0.629771
0.616933
0.608139
0.603852
0.603757
0.606754
0.611308
0.615826
0.619166
0.620627
0.619973
0.617339
0.612946
0.607088
0.6001
0.592336
1.18152
1.1477
1.10121
1.04541
0.984861
0.925127
0.872346
0.832132
0.808061
0.800331
0.805685
0.818688
0.833609
0.845986
0.853383
0.855487
0.853539
0.849545
0.845416
0.842068
0.839575
0.837708
0.836583
0.837029
0.840293
0.847437
0.858848
0.874208
0.892876
0.914078
0.936947
0.960684
0.984318
1.00665
1.02629
1.04171
1.05153
1.05465
1.05032
1.0385
1.01993
0.996248
0.970057
0.944682
0.923557
0.909696
0.90492
0.909415
0.921689
0.9389
0.957543
0.974216
0.986292
0.99236
0.992141
0.986294
0.976263
0.964024
0.951814
0.941628
0.934761
0.93132
0.930161
0.92937
0.927203
0.922669
0.915924
0.908046
0.900455
0.89433
0.890288
0.888388
0.88833
0.889759
0.892629
0.897275
0.904112
0.913336
0.924611
0.936904
0.948665
0.958053
0.963322
0.963212
0.957232
0.945796
0.930032
0.911629
0.892441
0.874119
0.85793
0.844659
0.834667
0.828022
0.824615
0.824242
0.826636
0.831333
0.837768
0.845283
0.85327
0.86138
0.869706
0.878881
0.889921
0.903736
0.920375
0.938785
0.957114
0.973519
0.986911
0.997294
1.00543
1.01233
1.0186
1.02423
1.02869
1.03137
1.03189
1.03027
1.02694
1.02247
1.01753
1.01273
1.00828
1.00412
0.999918
0.995185
0.989494
0.982643
0.974476
0.964904
0.954023
0.942202
0.930222
0.919138
0.910162
0.904251
0.901829
0.902399
0.904551
0.906184
0.905372
0.901177
0.894099
0.885867
0.878813
0.875057
0.876055
0.882304
1.20738
1.21091
1.20956
1.20298
1.19103
1.17404
1.15304
1.12975
1.10626
1.08449
1.06565
1.05
1.03687
1.02531
1.0149
1.00593
0.999236
0.995372
0.994013
0.994065
0.994377
0.99481
0.996424
1.0009
1.00969
1.02328
1.04077
1.0601
1.07864
1.09395
1.10478
1.1115
1.11593
1.12049
1.12721
1.13687
1.1488
1.16124
1.17211
1.17964
1.18281
1.18164
1.17702
1.17045
1.16356
1.15766
1.1535
1.15108
1.14973
1.14832
1.14542
1.13987
1.13144
1.12111
1.11077
1.10231
1.09671
1.09365
1.09189
1.09015
1.08772
1.08474
1.08179
1.07943
1.07781
1.07655
1.0754
1.07464
1.07503
1.07711
1.08049
1.08382
1.08515
1.08303
1.07721
1.0691
1.06124
1.05657
1.05727
1.06412
1.07604
1.09062
1.10482
1.11606
1.12317
1.12654
1.12776
1.12855
1.12966
1.13083
1.13155
1.13179
1.13238
1.13459
1.13913
1.14554
1.15196
1.15604
1.15572
1.14993
1.13879
1.12337
1.1054
1.08722
1.07136
1.06039
1.05628
1.05978
1.0701
1.08519
1.10235
1.11907
1.13349
1.14452
1.15186
1.15555
1.15559
1.15169
1.14303
1.12879
1.1087
1.08353
1.05539
1.02755
1.00398
0.988137
0.982251
0.986696
1.00018
1.02045
1.04508
1.07217
1.10028
1.12799
1.15375
1.17569
1.19189
1.20055
1.20047
1.19134
1.17408
1.15087
1.12486
1.09951
1.0779
1.06217
1.05353
1.05247
1.05896
1.07253
1.21657
1.23408
1.24854
1.25628
1.25418
1.24087
1.21738
1.18686
1.15299
1.11864
1.08581
1.0566
1.03364
1.01987
1.01761
1.02775
1.04935
1.07967
1.11476
1.15024
1.18222
1.20798
1.22628
1.23724
1.24206
1.24255
1.24064
1.23796
1.23522
1.23204
1.22725
1.21956
1.20804
1.19251
1.17381
1.1536
1.13416
1.11797
1.10717
1.10327
1.10673
1.11695
1.13241
1.15107
1.17083
1.18991
1.207
1.22134
1.23258
1.24055
1.24499
1.24523
1.24001
1.22788
1.2079
1.18014
1.14637
1.11008
1.07614
1.05018
1.03732
1.04078
1.06068
1.09357
1.13324
1.17249
1.20488
1.2259
1.23345
1.22767
1.21067
1.18613
1.15837
1.13148
1.10873
1.09232
1.08355
1.08302
1.09056
1.10512
1.12476
1.14688
1.16901
1.18943
1.20721
1.22167
1.23214
1.23775
1.23797
1.23285
1.22293
1.20927
1.19325
1.1763
1.1597
1.14415
1.13007
1.11775
1.10757
1.09986
1.09496
1.09338
1.09584
1.10316
1.11572
1.13303
1.15355
1.17521
1.19639
1.21638
1.2353
1.25316
1.26901
1.28091
1.28666
1.28479
1.27555
1.26087
1.24394
1.22825
1.21669
1.21058
1.20954
1.21175
1.21462
1.2158
1.21369
1.20747
1.19705
1.18285
1.16572
1.14675
1.12712
1.10801
1.0908
1.07726
1.06931
1.06839
1.07469
1.08679
1.1023
1.1188
1.13462
1.14914
1.16228
1.17371
1.18218
1.18561
1.18195
1.17021
1.17925
1.15278
1.12634
1.10516
1.09347
1.09316
1.1038
1.12312
1.14809
1.17565
1.20304
1.22787
1.24818
1.26267
1.27059
1.27181
1.26692
1.25699
1.24347
1.22768
1.21068
1.19321
1.17586
1.15921
1.14375
1.1298
1.11752
1.10709
1.09913
1.09495
1.09599
1.10318
1.11657
1.13531
1.15812
1.18347
1.2097
1.23468
1.25624
1.27247
1.28214
1.28501
1.28188
1.27425
1.26369
1.25137
1.238
1.22419
1.21083
1.19924
1.19066
1.18563
1.1838
1.18393
1.18449
1.18397
1.18105
1.17485
1.16518
1.15255
1.13825
1.12405
1.11192
1.10359
1.10016
1.10177
1.10763
1.1162
1.12566
1.13448
1.14162
1.14651
1.14889
1.14904
1.14815
1.14864
1.15377
1.16664
1.18838
1.21719
1.24917
1.27973
1.30489
1.32185
1.32901
1.32586
1.3129
1.29145
1.26353
1.23157
1.1983
1.16665
1.13936
1.11858
1.10533
1.09942
1.09972
1.10474
1.11316
1.12401
1.13637
1.1491
1.16084
1.17029
1.17668
1.18007
1.18117
1.18102
1.18075
1.18111
1.18246
1.18487
1.18809
1.19161
1.19478
1.19691
1.19726
1.19505
1.1895
1.17996
1.16627
1.14916
1.13059
1.11352
1.10157
1.09827
1.10589
1.12407
1.14935
1.17659
1.20133
1.22115
1.23566
1.24558
1.25196
1.25572
1.25738
1.25683
1.25315
1.24505
1.23136
1.2119
1.18814
1.16314
1.14075
1.1243
1.11533
1.11369
1.11818
1.12748
