0.793271
0.770445
0.732688
0.681657
0.619519
0.549364
0.475208
0.401784
0.33416
0.277106
0.234349
0.207901
0.197782
0.202139
0.217749
0.240718
0.267118
0.293482
0.317096
0.336085
0.349423
0.356856
0.358745
0.355925
0.349591
0.341138
0.332052
0.323805
0.31776
0.315109
0.316769
0.323349
0.335017
0.351471
0.371895
0.394992
0.419177
0.44268
0.46384
0.48125
0.493911
0.501256
0.50324
0.500229
0.492994
0.482585
0.470148
0.456828
0.44365
0.431347
0.420387
0.410982
0.403159
0.396833
0.3919
0.388327
0.386129
0.385406
0.386283
0.388823
0.39297
0.398528
0.405119
0.412228
0.419248
0.425622
0.430934
0.43495
0.437589
0.438917
0.439073
0.438192
0.436445
0.433981
0.430959
0.427526
0.423889
0.420237
0.416732
0.413583
0.410977
0.409026
0.407868
0.407572
0.408184
0.409589
0.41149
0.41337
0.414607
0.41455
0.412668
0.408665
0.402604
0.394912
0.386299
0.377722
0.37013
0.364314
0.360779
0.359647
0.360726
0.36357
0.367557
0.371995
0.376218
0.379616
0.381698
0.382113
0.380786
0.377904
0.373952
0.369667
0.365977
0.363862
0.364211
0.367686
0.374553
0.384688
0.397569
0.412375
0.428098
0.443656
0.458037
0.470307
0.479772
0.485941
0.488516
0.487479
0.483047
0.475618
0.465818
0.454413
0.442314
0.430476
0.419847
0.411289
0.405426
0.402568
0.402505
0.404502
0.407538
0.410551
0.412778
0.413752
0.413315
0.411559
0.408631
0.404725
0.400067
0.394891
0.787679
0.765136
0.734137
0.696943
0.656574
0.616751
0.581564
0.554755
0.538707
0.533554
0.537123
0.545792
0.555739
0.563991
0.568922
0.570325
0.569026
0.566363
0.563611
0.561379
0.559716
0.558472
0.557722
0.558019
0.560196
0.564958
0.572565
0.582806
0.595251
0.609385
0.624631
0.640456
0.656212
0.671103
0.684196
0.694472
0.70102
0.7031
0.700216
0.692334
0.67995
0.664165
0.646705
0.629788
0.615705
0.606464
0.60328
0.606276
0.61446
0.625934
0.638362
0.649477
0.657528
0.661574
0.661428
0.65753
0.650842
0.642683
0.634543
0.627752
0.623174
0.62088
0.620107
0.61958
0.618135
0.615113
0.610616
0.605364
0.600303
0.59622
0.593526
0.592259
0.59222
0.593173
0.595086
0.598183
0.602741
0.608891
0.616407
0.624603
0.632444
0.638702
0.642215
0.642141
0.638155
0.630531
0.620022
0.607753
0.594961
0.582746
0.571953
0.563106
0.556445
0.552014
0.549743
0.549495
0.551091
0.554222
0.558512
0.563522
0.568847
0.574253
0.579804
0.585921
0.59328
0.602491
0.613584
0.625856
0.638076
0.649013
0.657941
0.664862
0.670288
0.674887
0.67907
0.682823
0.685791
0.687577
0.687928
0.686849
0.684628
0.681647
0.678356
0.675153
0.672189
0.669414
0.666612
0.663457
0.659662
0.655096
0.649651
0.64327
0.636015
0.628135
0.620148
0.612758
0.606774
0.602834
0.601219
0.601599
0.603034
0.604122
0.603581
0.600785
0.596066
0.590578
0.585875
0.583372
0.584037
0.588203
0.804922
0.807272
0.806372
0.801984
0.794019
0.782694
0.768695
0.753164
0.737507
0.722996
0.710431
0.699999
0.691249
0.683543
0.6766
0.670621
0.666157
0.663582
0.662675
0.66271
0.662918
0.663207
0.664283
0.667264
0.673129
0.682185
0.693844
0.70673
0.719091
0.729299
0.736523
0.740998
0.743951
0.74699
0.751475
0.757912
0.765867
0.774161
0.78141
0.786428
0.788539
0.78776
0.784678
0.780302
0.775706
0.771774
0.769
0.76739
0.766486
0.765544
0.763614
0.759913
0.754293
0.747408
0.740513
0.734873
0.731139
0.729097
0.727928
0.726769
0.72515
0.723157
0.721192
0.719622
0.718537
0.717702
0.716935
0.716428
0.716685
0.71807
0.720329
0.722548
0.723434
0.722017
0.718142
0.712736
0.707496
0.704381
0.704849
0.709414
0.717363
0.727081
0.736545
0.744042
0.748778
0.751026
0.751843
0.752368
0.753103
0.753887
0.754365
0.754524
0.754923
0.75639
0.759423
0.763693
0.767971
0.770693
0.770477
0.76662
0.759193
0.74891
0.736934
0.724813
0.71424
0.706925
0.704186
0.706519
0.713398
0.723463
0.734901
0.746047
0.75566
0.763014
0.767907
0.770364
0.770392
0.76779
0.76202
0.752528
0.739132
0.722351
0.703591
0.685036
0.669322
0.658758
0.654834
0.657797
0.666789
0.680297
0.69672
0.714783
0.733521
0.751993
0.769166
0.783794
0.79459
0.800364
0.800311
0.794229
0.782717
0.767243
0.749903
0.733007
0.718602
0.708111
0.70235
0.701644
0.705975
0.715018
0.811045
0.822721
0.832358
0.837518
0.836122
0.82725
0.811589
0.791242
0.768663
0.745758
0.723875
0.704401
0.689093
0.679911
0.678407
0.685167
0.699566
0.719777
0.743174
0.766827
0.788149
0.805318
0.817522
0.824825
0.82804
0.828364
0.827096
0.825306
0.823478
0.821362
0.818165
0.813043
0.805357
0.795005
0.782543
0.769067
0.756107
0.745314
0.738116
0.735514
0.737822
0.744636
0.754941
0.76738
0.780551
0.793274
0.804664
0.814225
0.821723
0.827036
0.829993
0.830151
0.826675
0.818588
0.805264
0.786763
0.764249
0.740051
0.717425
0.700119
0.691547
0.693856
0.707121
0.729046
0.755491
0.781663
0.803252
0.817267
0.822302
0.818449
0.807115
0.790756
0.772249
0.754323
0.739151
0.728211
0.722365
0.722015
0.727037
0.736749
0.749839
0.764589
0.77934
0.792954
0.804806
0.814449
0.821425
0.825166
0.82531
0.8219
0.815286
0.806183
0.7955
0.7842
0.773133
0.762764
0.753381
0.745168
0.738379
0.733241
0.729973
0.728919
0.730558
0.735439
0.74381
0.755352
0.769032
0.783474
0.797592
0.81092
0.823532
0.835443
0.846005
0.853941
0.857771
0.856527
0.85037
0.840581
0.829293
0.818832
0.811129
0.807053
0.806362
0.807832
0.809745
0.810536
0.809128
0.804982
0.798034
0.788564
0.77715
0.764503
0.751411
0.738676
0.727197
0.718171
0.712872
0.712261
0.716459
0.724528
0.734864
0.745867
0.756411
0.766092
0.774853
0.782473
0.788119
0.790404
0.78797
0.780142
0.786166
0.768522
0.750892
0.736775
0.728983
0.728777
0.735865
0.748746
0.765396
0.78377
0.802026
0.818582
0.832119
0.84178
0.847059
0.847874
0.844611
0.837995
0.828977
0.818453
0.807121
0.795473
0.78391
0.772804
0.762499
0.753201
0.745013
0.738061
0.732753
0.72997
0.730657
0.735451
0.744381
0.756873
0.772079
0.788982
0.806465
0.823121
0.837493
0.848316
0.854762
0.856675
0.854585
0.849499
0.842462
0.834244
0.825334
0.81613
0.807223
0.799495
0.793771
0.790421
0.7892
0.789288
0.789662
0.789316
0.787367
0.783234
0.776784
0.768365
0.758834
0.749367
0.741279
0.735726
0.733437
0.734512
0.738422
0.744135
0.75044
0.756323
0.761082
0.764338
0.765928
0.766028
0.765432
0.765759
0.769182
0.777761
0.792252
0.811458
0.832779
0.853154
0.869925
0.881236
0.886007
0.883905
0.875268
0.860969
0.842353
0.821044
0.798869
0.777767
0.759575
0.745717
0.736887
0.732947
0.733146
0.736492
0.742109
0.749341
0.757582
0.766066
0.773892
0.780193
0.784456
0.786716
0.787445
0.787345
0.787169
0.787408
0.788308
0.789913
0.792063
0.794408
0.796523
0.797943
0.798176
0.796701
0.793
0.78664
0.777511
0.766108
0.753728
0.742348
0.734379
0.732182
0.73726
0.749378
0.766235
0.784393
0.800887
0.814101
0.823771
0.830383
0.834639
0.837144
0.838254
0.837886
0.835437
0.830036
0.820907
0.807931
0.792094
0.775427
0.7605
0.74953
0.743554
0.742462
0.745451
0.751652
