0.807122
0.815427
0.823821
0.831158
0.836112
0.837772
0.836051
0.831798
0.826377
0.821077
0.816533
0.812699
0.809323
0.806308
0.803865
0.802149
0.800894
0.799245
0.796183
0.790978
0.783592
0.774982
0.767065
0.762404
0.76372
0.772812
0.789344
0.81052
0.832011
0.849576
0.86023
0.862856
0.858143
0.848347
0.836812
0.827103
0.821828
0.821876
0.826375
0.833358
0.840798
0.847052
0.851081
0.852151
0.849723
0.84344
0.833372
0.820222
0.805451
0.791076
0.779318
0.772102
0.770361
0.77369
0.780384
0.78788
0.793729
0.796205
0.794624
0.789493
0.782312
0.775385
0.771388
0.772542
0.77966
0.791717
0.806309
0.820585
0.8321
0.839311
0.841605
0.839205
0.832931
0.82401
0.813829
0.803863
0.79538
0.789382
0.786474
0.786778
0.789949
0.795383
0.802416
0.810635
0.819911
0.830171
0.841122
0.852064
0.861911
0.869341
0.873146
0.872657
0.86782
0.859225
0.847916
0.835255
0.822725
0.811928
0.804449
0.80152
0.803533
0.809786
0.81873
0.828615
0.83798
0.845748
0.851305
0.854255
0.854262
0.85092
0.843904
0.833323
0.819861
0.804898
0.79027
0.777935
0.769386
0.765215
0.764878
0.767075
0.770313
0.773451
0.775903
0.77753
0.778351
0.77848
0.778084
0.77751
0.777484
0.77902
0.783067
0.79004
0.799559
0.810629
0.822104
0.833074
0.842484
0.848761
0.850088
0.84522
0.834305
0.818918
0.801572
0.785059
0.771734
0.763241
0.760372
0.763022
0.770386
0.781079
0.793388
0.805626
0.816497
0.825203
0.831512
0.835677
0.838101
0.839001
0.838215
0.835361
0.830223
0.823296
0.816022
0.810546
0.808819
0.811924
0.819884
0.831947
0.846821
0.86286
0.878233
0.891234
0.900398
0.904707
0.903754
0.897544
0.886367
0.870748
0.851428
0.829543
0.806573
0.784216
0.764434
0.749293
0.740642
0.739622
0.746162
0.758763
0.774784
0.791176
0.805194
0.815102
0.82011
0.820183
0.815582
0.806592
0.793661
0.777689
0.760185
0.743249
0.729198
0.72002
0.716963
0.720624
0.730996
0.747356
0.76827
0.791895
0.816513
0.84069
0.863198
0.882884
0.89863
0.909539
0.915209
0.915919
0.912508
0.906217
0.898516
0.89074
0.883658
0.877343
0.871202
0.864388
0.855958
0.845074
0.831256
0.814552
0.795795
0.776842
0.760375
0.749104
0.74483
0.747725
0.756429
0.768709
0.782176
0.794692
0.804741
0.811672
0.81583
0.818314
0.820532
0.823401
0.826804
0.829523
0.829884
0.826676
0.819694
0.809758
0.798346
0.787084
0.777332
0.769842
0.764793
0.762104
0.761779
0.76418
0.769861
0.779174
0.791752
0.806127
0.819804
0.829989
0.834701
0.833537
0.827923
0.820327
0.813112
0.807587
0.803612
0.800103
0.795789
0.789799
0.782043
0.773326
0.765265
0.759822
0.758734
0.762828
0.771604
0.783275
0.795234
0.805034
0.81127
0.813865
0.813761
0.812084
0.8095
0.80619
0.802216
0.798016
0.794737
0.793999
0.79744
0.805959
0.819201
0.835593
0.852719
0.868152
0.880062
0.887522
0.890452
0.889241
0.884504
0.876895
0.867107
0.855855
0.843696
0.831063
0.818505
0.806839
0.797083
0.790225
0.786986
0.787493
0.791266
0.7974
0.804914
0.812897
0.820553
0.827271
0.832546
0.835965
0.837162
0.835825
0.831779
0.825246
0.817151
0.808979
0.80257
0.799516
0.800423
0.804535
0.810102
0.815113
0.817994
0.817842
0.8145
0.808487
0.800865
0.793247
0.787433
0.784992
0.786732
0.792519
0.80165
0.813156
0.825991
0.838992
0.850989
0.860829
0.867601
0.87055
0.869067
0.863055
0.853189
0.840989
0.828584
0.817942
0.810372
0.80621
0.804911
0.805302
0.80581
0.804713
0.800728
0.793592
0.78406
0.773633
0.763962
0.756393
0.751809
0.750685
0.753309
0.759835
0.770142
0.783753
0.799779
0.817033
0.834111
0.849584
0.862047
0.8703
0.873499
0.87122
0.863563
0.851172
0.835185
0.817215
0.799234
0.783143
0.770407
0.761734
0.757201
0.756455
0.75898
0.764244
0.771652
0.780527
0.790132
0.799657
0.808315
0.815226
0.819698
0.821423
0.820875
0.819274
0.818217
0.819079
0.822592
0.828854
0.837424
0.847518
0.858094
0.867915
0.875533
0.879655
0.879661
0.875924
0.869812
0.863236
0.857779
0.853904
0.850868
0.847233
0.841759
0.834164
0.825033
0.815342
0.805986
0.797528
0.78993
0.782558
0.774485
0.76522
0.755195
0.745832
0.738978
0.736081
0.737913
0.744968
0.757704
0.775895
0.797855
0.820633
0.841224
0.857643
0.869209
0.876127
0.87919
0.879375
0.87757
0.874605
0.871167
0.867704
0.864345
0.860834
0.856605
0.850991
0.843754
0.835345
0.82672
0.818682
0.8112
0.803174
0.793034
0.779775
0.763706
0.746521
0.730743
0.718834
0.712495
0.712286
0.717604
0.726968
0.738673
0.751371
0.764365
0.777628
0.791555
0.806531
0.822575
0.838946
0.85419
0.86655
0.874676
0.878194
0.877952
0.875579
0.872699
0.870201
0.868078
0.865807
0.86275
0.858546
0.853275
0.847482
0.841829
0.836939
0.833261
0.831066
0.830482
0.831349
0.833136
0.834958
0.835745
0.834532
0.830553
0.823391
0.812986
0.799634
0.783845
0.766225
0.747696
0.729579
0.713594
0.701465
0.694565
0.693682
0.699218
0.711355
0.729927
0.753988
0.781713
0.810747
0.838704
0.8636
0.884034
0.899194
0.90887
0.913265
0.912796
0.908061
0.89984
0.889172
0.877323
0.865544
0.854655
0.844789
0.835195
0.824714
0.812318
0.797871
0.782405
0.767986
0.757272
0.75272
0.755814
0.766551
0.783376
0.803645
0.824259
0.842445
0.856272
0.864826
0.868024
0.866301
0.86027
0.850666
0.838423
0.824624
0.810337
0.796608
0.784434
0.774915
0.769326
0.768444
0.771952
0.778533
0.786496
0.794611
0.802328
0.809601
0.816455
0.822844
0.828464
0.833094
0.836716
0.839445
0.841212
0.841901
0.841905
0.842584
0.845777
0.85253
0.862072
0.872062
0.8797
0.882668
0.879543
0.869839
0.853738
0.832116
0.806368
0.778478
0.751053
0.727297
0.710665
0.704133
0.70898
0.723747
0.74444
0.766209
0.785097
0.798912
0.807512
0.812459
0.816325
0.821571
0.829754
0.841429
0.856202
0.87277
0.889133
0.903122
0.913003
0.917915
0.91796
0.914082
0.907758
0.900412
0.892766
0.884702
0.875448
0.864255
0.851146
0.837102
0.823379
0.810666
0.798698
0.786703
0.774165
0.761233
0.748784
0.738057
0.730281
0.726284
0.726506
0.731131
0.74006
0.752839
0.768618
0.786102
0.803479
0.818494
0.829029
0.833666
0.832318
0.826428
0.818582
0.811596
0.807776
0.80828
0.813073
0.821046
0.830395
0.839107
0.845409
0.848205
0.847276
0.84325
0.83719
0.830158
0.822817
0.815464
0.808408
0.802398
0.798661
0.798143
0.800567
0.804303
0.807171
0.807403
0.804235
0.798037
0.790029
0.781944
0.775616
0.772512
0.773369
0.777992
0.785322
0.793803
0.802034
0.809219
0.815182
0.819892
0.823178
0.82465
0.823982
0.821267
0.817045
0.812184
0.80789
0.805671
0.807114
0.813408
0.824877
0.840628
0.858581
0.875821
0.889213
0.896289
0.8959
0.888357
0.875312
0.859173
0.84242
0.826905
0.81323
0.801062
0.789763
0.779167
0.769867
0.763214
0.760918
0.764279
0.773516
0.787453
0.803649
0.81912
0.831165
0.837982
0.838994
0.83485
0.827046
0.81742
0.80758
0.798304
0.789484
0.780405
0.7704
0.759605
0.749348
0.741873
0.739655
0.744411
0.756588
0.775823
0.801286
0.831362
0.862716
0.89064
0.910703
0.920305
0.919173
0.908993
0.892701
0.873776
0.855456
0.840049
0.828695
0.821478
0.818015
0.817848
0.820702
0.826304
0.834131
0.843147
0.851841
0.858339
0.860754
0.857551
0.847877
0.832039
0.811715
0.789901
0.770344
0.756656
0.751134
0.754059
0.763695
0.77718
0.791695
0.805187
0.816452
0.8249
0.830354
0.832946
0.833047
0.831212
0.8281
0.824521
0.821422
0.819814
0.820673
0.824714
0.832177
0.84261
0.854673
0.866232
0.874814
0.878444
0.876199
0.868489
0.856907
0.84374
0.831025
0.819985
0.810813
0.803005
0.795863
0.789097
0.78293
0.778104
0.775491
0.77558
0.778345
0.78324
0.789406
0.795934
0.802103
0.807755
0.813441
0.81994
0.827502
0.83549
0.842749
0.848329
0.851811
0.852893
0.851184
0.846056
0.837054
0.824531
0.809894
0.795492
0.783861
0.77685
0.775024
0.777673
0.78328
0.790047
0.796259
0.800772
0.803218
0.804013
0.804174
0.804899
0.807094
0.811041
0.816291
0.822124
0.827909
0.833326
0.838274
0.842541
0.845599
0.846729
0.845169
0.840232
0.83143
0.818634
0.802219
0.783321
0.763857
0.746088
0.732144
0.723589
0.721282
0.725363
0.73545
0.75059
0.769419
0.790406
0.81214
0.83349
0.853578
0.871534
0.886513
0.89807
0.906519
0.912667
0.91694
0.918355
0.914675
0.90368
0.884617
0.858803
0.829442
0.800729
0.776596
0.759665
0.750804
0.749563
0.755021
0.766058
0.780792
0.79582
0.80696
0.811113
0.807956
0.800302
0.792698
0.788989
0.790487
0.796267
0.804646
0.814239
0.823912
0.832528
0.83877
0.841522
0.840261
0.835208
0.827363
0.818272
0.809812
0.80383
0.801718
0.804044
0.810421
0.819858
0.831313
0.843877
0.856467
0.867607
0.875484
0.878378
0.87506
0.865237
0.849618
0.830178
0.809994
0.792722
0.781776
0.779193
0.784984
0.797385
0.813589
0.83076
0.846458
0.858997
0.867456
0.871558
0.871581
0.868287
0.862774
0.856035
0.848553
0.840317
0.831252
0.821614
0.811997
0.802801
0.79413
0.785802
0.777729
0.770391
0.765101
0.763606
0.766929
0.77434
0.783354
0.790859
0.794321
0.792498
0.785499
0.774653
0.762323
0.751532
0.745196
0.745101
0.751164
0.761543
0.773602
0.784907
0.794011
0.800568
0.804922
0.807822
0.810101
0.812507
0.815537
0.819372
0.8237
0.827723
0.830463
0.831244
0.830104
0.827808
0.825617
0.824876
0.826618
0.831088
0.83772
0.845278
0.852424
0.85835
0.863184
0.867799
0.873129
0.879135
0.88437
0.88637
0.882696
0.871866
0.853965
0.830594
0.804668
0.779849
0.760036
0.748303
0.745919
0.75198
0.763861
0.778157
0.791617
0.801694
0.806793
0.806363
0.800913
0.791887
0.78149
0.772424
0.767373
0.768347
0.776001
0.789515
0.806924
0.82597
0.844566
0.860868
0.873343
0.880531
0.881444
0.875805
0.864282
0.848375
0.830245
0.812216
0.796324
0.783922
0.775491
0.770798
0.7693
0.770556
0.774512
0.781343
0.791128
0.803411
0.817096
0.830653
0.842443
0.851165
0.855971
0.856623
0.853516
0.847551
0.84007
0.832551
0.826329
0.822303
0.820875
0.82195
0.825148
0.82993
0.835664
0.841614
0.846849
0.850139
0.850029
0.845016
0.834014
0.816945
0.795186
0.771368
0.748837
0.730457
0.71792
0.711856
0.712291
0.71887
0.730665
0.746166
0.763665
0.781874
0.80037
0.819312
0.838719
0.857832
0.87522
0.889371
0.899443
0.905313
0.907274
0.905565
0.900271
0.891257
0.878477
0.862447
0.84465
0.827346
0.813001
0.803281
0.798387
0.797393
0.798828
0.801309
0.803824
0.805647
0.806182
0.804933
0.801495
0.795712
0.787848
0.778655
0.769272
0.761102
0.75558
0.753899
0.756747
0.764188
0.775708
0.790391
0.807069
0.824467
0.841236
0.856077
0.867769
0.875417
0.878575
0.877351
0.872452
0.865208
0.857399
0.850622
0.84574
0.842443
0.839301
0.834403
0.826143
0.813878
0.798245
0.781195
0.76545
0.753649
0.747447
0.746783
0.750231
0.755812
0.761895
0.76754
0.772238
0.77557
0.777042
0.776281
0.773394
0.769555
0.76689
0.767747
0.77372
0.785192
0.801529
0.821675
0.844227
0.867244
0.888186
0.904286
0.913431
0.914827
0.909157
0.898295
0.884655
0.870521
0.857613
0.846898
0.838533
0.832116
0.82699
0.822468
0.818021
0.813356
0.808392
0.802838
0.795922
0.786518
0.774091
0.759729
0.746413
0.737839
0.736216
0.741116
0.750592
0.762953
0.777424
0.793602
0.810699
0.827409
0.842143
0.853475
0.860555
0.863488
0.863392
0.861968
0.860468
0.858796
0.855711
0.85022
0.842478
0.833712
0.825453
0.818703
0.813638
0.809732
0.806285
0.802753
0.798951
0.795092
0.791484
0.788493
0.786622
0.786463
0.788649
0.793534
0.800981
0.810201
0.819896
0.828681
0.835427
0.839564
0.841108
0.840641
0.83907
0.837233
0.835675
0.834467
0.833426
0.832351
0.831055
0.829227
0.826243
0.821402
0.814371
0.805789
0.797216
0.790519
0.78704
0.786935
0.78927
0.792623
0.795846
0.798449
0.800564
0.802624
0.805231
0.808986
0.814473
0.822279
0.832782
0.845768
0.860097
0.873923
0.885283
0.892831
0.896132
0.895534
0.891685
0.885072
0.875833
0.864071
0.850042
0.834247
0.817554
0.801159
0.786376
0.774397
0.765893
0.760805
0.75835
0.75731
0.756445
0.75481
0.751929
0.747892
0.743517
0.74025
0.739791
0.743441
0.751448
0.763022
0.77671
0.791125
0.805308
0.818743
0.831331
0.843033
0.853689
0.862854
0.869834
0.873893
0.874594
0.872025
0.866586
0.858839
0.849185
0.837636
0.823934
0.808105
0.790913
0.77407
0.760055
0.75137
0.74949
0.754271
0.764179
0.777271
0.792078
0.807858
0.824131
0.840106
0.854546
0.865845
0.872492
0.873625
0.869192
0.860057
0.847814
0.834398
0.821634
0.810972
0.803356
0.799304
0.798811
0.80132
0.805759
0.810958
0.815963
0.820183
0.823164
0.824627
0.824425
0.822562
0.819102
0.814049
0.807497
0.799805
0.791996
0.785493
0.781503
0.78042
0.78179
0.784598
0.787979
0.791646
0.795934
0.801366
0.808086
0.815568
0.822721
0.828328
0.831727
0.833199
0.833822
0.835041
0.838011
0.843143
0.849896
0.856988
0.86285
0.865974
0.865142
0.859568
0.849078
0.834298
0.816581
0.797791
0.779997
0.765142
0.754887
0.750508
0.752722
0.761358
0.775188
0.792218
0.810137
0.826768
0.840248
0.849191
0.852747
0.850855
0.84449
0.835658
0.826966
0.820698
0.818215
0.820275
0.827484
0.840202
0.857831
0.878389
0.898804
0.915679
0.926031
0.927739
0.919733
0.901877
0.875157
0.841662
0.804659
0.768368
0.737438
0.71593
0.706163
0.707817
0.717961
0.732081
0.745884
0.756618
0.763569
0.767656
0.770568
0.774006
0.77924
0.786806
0.796546
0.80791
0.820219
0.832952
0.845748
0.858329
0.870352
0.881407
0.890958
0.898554
0.903996
0.907306
0.908433
0.906767
0.901315
0.891061
0.875626
0.855673
0.833092
0.810692
0.791415
0.777533
0.770168
0.769199
0.773513
0.781372
0.790684
0.799252
0.805176
0.807281
0.80533
0.800079
0.792937
0.785355
0.778519
0.773208
0.769921
0.768962
0.770503
0.774566
0.780913
0.788885
0.797414
0.805466
0.812617
0.819271
0.826184
0.833836
0.841778
0.848553
0.852141
0.850706
0.843299
0.830067
0.812311
0.792443
0.773608
0.759078
0.751219
0.750896
0.757309
0.768513
0.782097
0.795892
0.808189
0.81792
0.824471
0.827612
0.827496
0.824782
0.820733
0.81706
0.81549
0.817115
0.822119
0.830007
0.839811
0.850336
0.860096
0.867603
0.871591
0.871217
0.866289
0.857317
0.845377
0.831905
0.818425
0.806403
0.797348
0.792777
0.793804
0.800381
0.81063
0.821054
0.827703
0.827809
0.820816
0.808505
0.794247
0.781753
0.773707
0.771222
0.773898
0.780214
0.787932
0.794625
0.798466
0.799138
0.797833
0.796398
0.796104
0.79734
0.800121
0.804544
0.810673
0.818353
0.82734
0.837535
0.848924
0.861328
0.874231
0.886871
0.898362
0.907694
0.913525
0.914165
0.907937
0.893701
0.871499
0.842929
0.811191
0.780712
0.756306
0.741917
0.739502
0.74846
0.765934
0.787723
0.809623
0.828431
0.842324
0.85075
0.854163
0.853438
0.849726
0.844082
0.837295
0.829825
0.821991
0.814149
0.806725
0.800192
0.794957
0.791171
0.788578
0.786483
0.783847
0.779561
0.772863
0.763792
0.753423
0.743816
0.73746
0.736293
0.741039
0.751012
0.764638
0.779996
0.795277
0.808978
0.819914
0.827313
0.83088
0.830909
0.828327
0.824621
0.821372
0.819552
0.818962
0.818416
0.81633
0.811408
0.803267
0.792655
0.781467
0.772384
0.768035
0.769879
0.777684
0.78983
0.804358
0.819685
0.834894
0.849609
0.863638
0.876641
0.887978
0.896799
0.902217
0.903489
0.900166
0.892205
0.879992
0.864338
0.846268
0.826926
0.807526
0.789291
0.773398
0.760671
0.751542
0.746157
0.744569
0.74686
0.752824
0.761626
0.771919
0.782294
0.79174
0.799931
0.807094
0.813704
0.820006
0.825896
0.830942
0.834476
0.835731
0.833987
0.828744
0.820147
0.809116
0.797159
0.785933
0.776759
0.770293
0.766416
0.764552
0.763966
0.764101
0.764741
0.765973
0.768054
0.771295
0.775947
0.78221
0.790155
0.799685
0.810546
0.822241
0.833817
0.844092
0.851737
0.855722
0.855922
0.853528
0.850808
0.849808
0.851123
0.853705
0.855995
0.856987
0.856658
0.855528
0.854262
0.853283
0.85262
0.852008
0.85101
0.849299
0.846499
0.842128
0.8356
0.826515
0.814814
0.801126
0.786756
0.7737
0.764425
0.761471
0.766533
0.779439
0.797691
0.817301
0.834332
0.846091
0.851567
0.851231
0.846402
0.838666
0.829461
0.820013
0.811313
0.804342
0.800065
0.799198
0.802092
0.808461
0.817305
0.826883
0.834999
0.839428
0.838623
0.832304
0.821713
0.809112
0.797178
0.788163
0.783242
0.782333
0.784357
0.787653
0.790496
0.791473
0.789722
0.785176
0.778607
0.771391
0.765307
0.762126
0.763187
0.768972
0.778936
0.791422
0.804116
0.814798
0.822044
0.825572
0.826224
0.825459
0.824764
0.825162
0.826959
0.829819
0.833013
0.8359
0.838121
0.839518
0.839818
0.838505
0.835
0.829001
0.820652
0.810654
0.800214
0.79091
0.784374
0.781703
0.782997
0.787218
0.792663
0.797702
0.801442
0.804094
0.806708
0.810605
0.816797
0.825581
0.836699
0.849367
0.862257
0.873343
0.880222
0.880718
0.873631
0.859596
0.841341
0.82336
0.8107
0.807358
0.814472
0.829868
0.849312
0.868265
0.883165
0.891812
0.893214
0.887516
0.875817
0.85989
0.84179
0.82325
0.805364
0.788595
0.773076
0.759029
0.747088
0.738156
0.733101
0.73239
0.735803
0.742551
0.751768
0.762805
0.775252
0.788803
0.803052
0.817442
0.831531
0.844931
0.857348
0.868401
0.877585
0.884477
0.888831
0.890761
0.89061
0.888755
0.885395
0.880399
0.873262
0.863276
0.84996
0.833521
0.815039
0.796422
0.779901
0.767577
0.76096
0.760704
0.766343
0.776353
0.78838
0.799767
0.808078
0.811695
0.810005
0.8035
0.793472
0.781429
0.76861
0.755746
0.743283
0.731883
0.722788
0.71777
0.718502
0.725761
0.739054
0.756829
0.777147
0.798419
0.81962
0.840224
0.859925
0.878479
0.89567
0.911143
0.924395
0.934707
0.941516
0.944602
0.944208
0.940979
0.935712
0.928937
0.920621
0.910075
0.896225
0.878045
0.855201
0.828382
0.799272
0.770343
0.744546
0.724776
0.713282
0.711099
0.717507
0.730261
0.74624
0.762257
0.775614
0.784415
0.787851
0.786204
0.780689
0.773196
0.765775
0.760167
0.757374
0.757589
0.760306
0.764449
0.768715
0.772052
0.774149
0.775692
0.778204
0.783298
0.791779
0.803237
0.816303
0.829155
0.839988
0.847261
0.849671
0.846274
0.836681
0.821744
0.803998
0.787756
0.777852
0.77769
0.787417
0.804004
0.822932
0.840059
0.852633
0.859474
0.860776
0.857758
0.852269
0.846406
0.842217
0.841329
0.844453
0.851202
0.86018
0.869097
0.875403
0.877009
0.872865
0.863245
0.849639
0.834512
0.820639
0.810581
0.806188
0.808245
0.816362
0.829107
0.844302
0.859485
0.872422
0.881406
0.88547
0.884364
0.878561
0.86906
0.857104
0.843764
0.82966
0.815072
0.800113
0.784938
0.769725
0.75462
0.739754
0.725306
0.711701
0.699537
0.689531
0.682458
0.678862
0.678919
0.682245
0.688068
0.695506
0.704024
0.713747
0.725311
0.739514
0.756805
0.776901
0.798823
0.821279
0.842992
0.863179
0.881463
0.897582
0.911138
0.921436
0.927594
0.92888
0.925079
0.916609
0.904345
0.889605
0.874114
0.859531
0.846743
0.835471
0.824373
0.811881
0.797093
0.780441
0.763858
0.750526
0.743998
0.746787
0.758857
0.777268
0.797578
0.815827
0.829801
0.839184
0.844844
0.848148
0.850155
0.851195
0.850744
0.847868
0.841907
0.83311
0.822691
0.812547
0.804648
0.800473
0.800613
0.804437
0.810377
0.816466
0.821068
0.823377
0.823534
0.82243
0.821004
0.819399
0.816574
0.810746
0.800607
0.78644
0.770565
0.757066
0.750463
0.753838
0.767551
0.789308
0.815119
0.840591
0.8619
0.87631
0.882253
0.879284
0.868192
0.85089
0.830292
0.809894
0.792721
0.7806
0.773969
0.772398
0.77515
0.781526
0.79079
0.801975
0.813839
0.825132
0.834856
0.842183
0.84629
0.846236
0.841281
0.831592
0.819032
0.807323
0.800915
0.802575
0.811896
0.826062
0.841654
0.85572
0.866086
0.871391
0.870995
0.865057
0.854231
0.839555
0.822348
0.804424
0.788379
0.777283
0.773671
0.778249
0.789364
0.803794
0.817938
0.828635
0.833532
0.831352
0.821952
0.806344
0.786448
0.764877
0.744477
0.72794
0.717526
0.71469
0.719835
0.732109
0.749648
0.769981
0.790481
0.808935
0.823965
0.835386
0.843977
0.850852
0.85678
0.861921
0.865951
0.868369
0.868743
0.866946
0.86318
0.857925
0.851923
0.84597
0.840839
0.837063
0.834665
0.833097
0.831318
0.828158
0.822715
0.81461
0.804137
0.792047
0.77934
0.766887
0.75533
0.745005
0.73619
0.729236
0.724691
0.723291
0.725785
0.732478
0.742938
0.755859
0.769191
0.780591
0.788143
0.790916
0.789305
0.784828
0.779473
0.775134
0.773065
0.773618
0.776566
0.781403
0.787725
0.795479
0.805049
0.817114
0.832279
0.850704
0.871517
0.892861
0.912377
0.927858
0.937812
0.941539
0.93893
0.930278
0.916324
0.898186
0.877161
0.854367
0.830784
0.807318
0.785018
0.765196
0.749386
0.738902
0.734365
0.735324
0.740402
0.747839
0.756088
0.764321
0.772637
0.782037
0.793886
0.808864
0.826386
0.845216
0.864292
0.882927
0.900153
0.914194
0.922982
0.924778
0.918534
0.904105
0.882385
0.855377
0.826051
0.798011
0.774779
0.759042
0.751951
0.752887
0.759708
0.769395
0.778878
0.785717
0.788341
0.786082
0.779078
0.76826
0.755323
0.742592
0.732775
0.728392
0.731053
0.740857
0.756294
0.774687
0.793071
0.808981
0.821054
0.82907
0.833561
0.835419
0.83555
0.834488
0.832306
0.828921
0.824329
0.818898
0.813342
0.808579
0.805476
0.804562
0.806164
0.810551
0.818002
0.828659
0.842287
0.857986
0.874183
0.888925
0.900189
0.906313
0.906215
0.89954
0.886685
0.869024
0.848979
0.829897
0.815254
0.807393
0.806364
0.809795
0.814306
0.817152
0.81686
0.813283
0.806871
0.798324
0.788462
0.778425
0.769676
0.763732
0.761693
0.763802
0.769364
0.777081
0.785608
0.793708
0.800341
0.804542
0.805451
0.802594
0.796184
0.78728
0.77778
0.769896
0.765651
0.766384
0.772403
0.782932
0.796301
0.810489
0.823693
0.834569
0.842324
0.846751
0.848168
0.847428
0.845749
0.844477
0.844551
0.846256
0.849178
0.852433
0.855028
0.856131
0.855251
0.852242
0.847352
0.841143
0.834415
0.827951
0.822329
0.817945
0.814873
0.812973
0.811842
0.810824
0.809361
0.807463
0.806
0.806536
0.810552
0.81824
0.827971
0.836808
0.842096
0.842528
0.838387
0.831107
0.822542
0.814363
0.807544
0.802264
0.798182
0.794831
0.79185
0.78911
0.786505
0.783831
0.780786
0.77719
0.773166
0.769225
0.766159
0.764573
0.764504
0.765237
0.765656
0.7648
0.762408
0.759364
0.757348
0.75801
0.762199
0.769795
0.780119
0.792316
0.805465
0.818541
0.830351
0.839704
0.845618
0.847622
0.845868
0.840984
0.83391
0.825636
0.817074
0.808991
0.802063
0.797018
0.794703
0.795803
0.80069
0.809282
0.821012
0.834901
0.849706
0.863904
0.875815
0.883841
0.886798
0.884098
0.875953
0.863234
0.847302
0.829926
0.813055
0.798611
0.788207
0.782722
0.782118
0.785468
0.791249
0.797763
0.803413
0.80694
0.807491
0.804557
0.79812
0.788766
0.777601
0.766133
0.75598
0.748611
0.744962
0.745282
0.749261
0.756344
0.766032
0.777986
0.792087
0.808056
0.82515
0.841912
0.856206
0.86589
0.86986
0.868969
0.865978
0.864258
0.866069
0.871472
0.878771
0.885344
0.888418
0.885555
0.875228
0.857876
0.836751
0.817444
0.805234
0.801994
0.805568
0.811884
0.817217
0.819144
0.816696
0.810118
0.800639
0.79003
0.780099
0.772363
0.767825
0.767051
0.770253
0.777388
0.787966
0.800796
0.81404
0.825535
0.833619
0.837736
0.838524
0.837277
0.835058
0.832151
0.828194
0.822842
0.816281
0.809181
0.80248
0.797139
0.79382
0.792622
0.793052
0.794276
0.795574
0.796674
0.797635
0.798626
0.799633
0.800457
0.801036
0.801631
0.80269
0.804431
0.806452
0.808012
0.808498
0.807922
0.806906
0.806387
0.807233
0.8099
0.814242
0.819369
0.823778
0.825734
0.823914
0.81794
0.808912
0.799187
0.791538
0.787968
0.788958
0.793508
0.800052
0.807219
0.814376
0.821481
0.828727
0.836396
0.84448
0.852529
0.85965
0.864992
0.868164
0.869368
0.869131
0.867964
0.866303
0.864337
0.861975
0.858763
0.854013
0.847089
0.837753
0.826624
0.815309
0.805966
0.800207
0.798443
0.799604
0.801882
0.80338
0.802738
0.799548
0.794306
0.788045
0.781935
0.776763
0.772759
0.769671
0.767074
0.764691
0.762548
0.761137
0.761217
0.76381
0.770015
0.780636
0.795626
0.813956
0.833757
0.852786
0.869018
0.880998
0.887933
0.889753
0.88708
0.881034
0.872898
0.863743
0.85413
0.844207
0.834043
0.824052
0.815083
0.808212
0.804243
0.80336
0.805152
0.808754
0.813024
0.816763
0.818718
0.818154
0.815186
0.811017
0.807584
0.806647
0.80887
0.813676
0.819712
0.825348
0.829174
0.830217
0.827889
0.82195
0.812853
0.802133
0.792331
0.785765
0.783442
0.784691
0.787778
0.790787
0.792404
0.792384
0.791501
0.790924
0.791228
0.792185
0.793383
0.795192
0.798683
0.804681
0.812966
0.822426
0.831828
0.840498
0.848117
0.854282
0.858293
0.859347
0.856979
0.85146
0.844022
0.836519
0.830773
0.828024
0.828458
0.831156
0.834657
0.837193
0.837302
0.834129
0.827573
0.818281
0.807578
0.797092
0.788258
0.782071
0.778977
0.778991
0.78198
0.787635
0.795422
0.804468
0.81368
0.822079
0.829015
0.834293
0.838083
0.840787
0.842739
0.843993
0.844164
0.842764
0.839569
0.834807
0.829136
0.823527
0.818935
0.816043
0.815127
0.816066
0.818254
0.820637
0.821936
0.821067
0.817548
0.811659
0.804247
0.796588
0.790126
0.786073
0.785137
0.787426
0.792619
0.80033
0.810182
0.821713
0.834057
0.845952
0.856088
0.863563
0.868294
0.871011
0.87279
0.874621
0.876952
0.879451
0.881114
0.880761
0.877375
0.870546
0.860552
0.848154
0.834361
0.820276
0.807009
0.795498
0.786309
0.779578
0.774958
0.772011
0.770402
0.770034
0.770988
0.773201
0.776522
0.780639
0.78512
0.789478
0.793184
0.795844
0.797298
0.797553
0.796643
0.794444
0.790773
0.785633
0.779397
0.772941
0.767416
0.764174
0.764318
0.768461
0.776374
0.786881
0.798352
0.809229
0.818374
0.82516
0.829362
0.83121
0.831244
0.830202
0.828849
0.827916
0.827987
0.829374
0.832101
0.83601
0.840792
0.846031
0.851423
0.856716
0.861604
0.865566
0.867895
0.867907
0.86519
0.859687
0.851661
0.841577
0.830056
0.817911
0.806062
0.795289
0.785847
0.777383
0.769237
0.760973
0.752808
0.74558
0.740553
0.739162
0.742732
0.752294
0.768137
0.789452
0.814271
0.839945
0.86366
0.882989
0.896165
0.90224
0.901038
0.893188
0.880097
0.863788
0.846452
0.829968
0.815429
0.803073
0.792663
0.783759
0.77612
0.769964
0.766225
0.76625
0.77124
0.781732
0.79725
0.8163
0.836614
0.85551
0.870395
0.879281
0.88103
0.875634
0.864068
0.848173
0.830517
0.814077
0.801669
0.795274
0.795452
0.800952
0.809199
0.817455
0.823803
0.827439
0.828177
0.825893
0.820235
0.811231
0.799873
0.788437
0.779801
0.776124
0.777622
0.782502
0.788037
0.792117
0.794237
0.795631
0.798486
0.80466
0.814743
0.827755
0.841619
0.85402
0.863031
0.867491
0.866921
0.861576
0.852235
0.84023
0.827275
0.815194
0.805783
0.800495
0.800208
0.804998
0.813906
0.825171
0.836478
0.845599
0.850933
0.851771
0.848411
0.841783
0.83307
0.823257
0.813037
0.802925
0.793478
0.785362
0.779317
0.775938
0.775538
0.777974
0.782609
0.788391
0.794059
0.798297
0.800087
0.798921
0.794882
0.788635
0.781253
0.773953
0.767878
0.763862
0.762394
0.763764
0.768231
0.775773
0.785689
0.796283
0.805349
0.811042
0.812741
0.811436
0.809423
0.80944
0.81356
0.822524
0.835675
0.851578
0.86864
0.885469
0.900833
0.913542
0.922346
0.925902
0.922969
0.912708
0.89491
0.870394
0.841214
0.810671
0.782917
0.761839
0.74976
0.746935
0.752227
0.764034
0.780444
0.798989
0.817075
0.832743
0.84483
0.852681
0.855769
0.853798
0.846926
0.836006
0.822571
0.808718
0.796741
0.788813
0.786546
0.790465
0.799649
0.812021
0.824967
0.836125
0.84378
0.847097
0.846029
0.841095
0.833173
0.823218
0.812247
0.801205
0.790958
0.782325
0.775967
0.772476
0.772488
0.776385
0.783713
0.792699
0.800513
0.804571
0.803752
0.79882
0.792041
0.786216
0.783648
0.785468
0.791586
0.800894
0.811694
0.822262
0.831283
0.838088
0.842578
0.845041
0.846063
0.846378
0.846469
0.846156
0.844551
0.840647
0.834123
0.825687
0.816835
0.80928
0.804379
0.802859
0.804886
0.810199
0.818225
0.828103
0.838519
0.847814
0.85422
0.856391
0.853654
0.846152
0.834915
0.821798
0.80931
0.799914
0.795262
0.795537
0.799605
0.805751
0.81227
0.817734
0.821151
0.821927
0.819759
0.814558
0.806546
0.796409
0.785293
0.774729
0.766011
0.759846
0.75637
0.755696
0.758332
0.764965
0.775921
0.790628
0.807751
0.825476
0.842031
0.855995
0.866462
0.873031
0.875673
0.874412
0.869085
0.859436
0.845387
0.827545
0.807376
0.787035
0.768802
0.754588
0.745602
0.742294
0.744357
0.751018
0.761307
0.774236
0.788856
0.804241
0.819373
0.833154
0.844443
0.852249
0.856009
0.855802
0.85234
0.846712
0.840192
0.833961
0.828844
0.825336
0.823628
0.823575
0.824689
0.825982
0.826181
0.82429
0.820196
0.814902
0.810108
0.80746
0.807949
0.811613
0.817672
0.824917
0.832103
0.838326
0.843129
0.846194
0.847273
0.845954
0.84179
0.83447
0.824137
0.811503
0.797974
0.785499
0.776221
0.771906
0.773529
0.780952
0.79304
0.807664
0.822035
0.833184
0.838711
0.837473
0.829842
0.817363
0.802422
0.787693
0.775703
0.768288
0.76611
0.768592
0.774166
0.7808
0.786391
0.789338
0.788892
0.785423
0.780293
0.775504
0.773052
0.774335
0.779702
0.788308
0.798423
0.808132
0.815984
0.821484
0.82519
0.828453
0.83282
0.839478
0.848839
0.860479
0.873278
0.885573
0.895416
0.900981
0.900983
0.894991
0.883589
0.868137
0.850341
0.831698
0.813481
0.796867
0.783157
0.773638
0.769262
0.770177
0.775565
0.78403
0.794063
0.804339
0.81363
0.820788
0.824879
0.825513
0.823234
0.819486
0.816239
0.81533
0.81759
0.822465
0.828468
0.834292
0.839451
0.844261
0.84917
0.853988
0.857761
0.859396
0.858272
0.854395
0.848197
0.840075
0.83024
0.818873
0.806428
0.79377
0.782027
0.772237
0.765034
0.760502
0.758224
0.757545
0.758011
0.759727
0.763318
0.769236
0.777144
0.785779
0.793557
0.799395
0.802883
0.804183
0.803752
0.802158
0.800016
0.798136
0.797486
0.798886
0.802776
0.808937
0.816279
0.823109
0.827553
0.828136
0.824385
0.817032
0.807627
0.797793
0.788551
0.780189
0.772686
0.766485
0.762751
0.762994
0.76836
0.778907
0.793438
0.809936
0.826276
0.840588
0.851434
0.857779
0.859082
0.855319
0.847117
0.835613
0.822271
0.808586
0.795866
0.785323
0.777907
0.774147
0.77415
0.777817
0.785059
0.795766
0.809496
0.825128
0.840787
0.854043
0.862563
0.864701
0.859996
0.849254
0.834404
0.817939
0.80234
0.789595
0.781057
0.777561
0.779433
0.786492
0.798034
0.812743
0.828602
0.843144
0.854016
0.859672
0.859765
0.855025
0.846895
0.836901
0.826458
0.816495
0.80768
0.800692
0.796356
0.795587
0.799076
0.806815
0.817937
0.830844
0.843681
0.85474
0.862702
0.866933
0.867442
0.8649
0.860285
0.85451
0.848107
0.841171
0.833691
0.825831
0.818006
0.81077
0.804514
0.799269
0.794793
0.790757
0.78706
0.783875
0.781531
0.780268
0.779987
0.780085
0.779644
0.777835
0.774344
0.769695
0.765147
0.762239
0.762059
0.764788
0.769689
0.775533
0.781272
0.786487
0.791352
0.796319
0.801785
0.807799
0.814129
0.820356
0.826112
0.831184
0.835458
0.838659
0.840065
0.838938
0.834757
0.82761
0.818262
0.808071
0.798745
0.791855
0.788382
0.788293
0.790483
0.793236
0.794738
0.793721
0.789947
0.784225
0.778218
0.773796
0.772401
0.774687
0.780488
0.789032
0.7992
0.809663
0.819127
0.826587
0.831607
0.834309
0.835296
0.835213
0.834362
0.832573
0.829342
0.824185
0.81701
0.80837
0.799481
0.79215
0.78842
0.789919
0.797457
0.810656
0.827907
0.846829
0.864648
0.878619
0.886514
0.886947
0.87965
0.865563
0.846558
0.824951
0.80311
0.783052
0.766402
0.754401
0.747965
0.747366
0.752013
0.760279
0.769844
0.778405
0.784229
0.786653
0.786192
0.784141
0.782093
0.781311
0.782502
0.785786
0.790782
0.796839
0.803195
0.809273
0.814789
0.819725
0.824187
0.82818
0.83148
0.833817
0.835045
0.835192
0.834615
0.83424
0.835471
0.839659
0.847088
0.856114
0.863539
0.865997
0.861468
0.849874
0.832949
0.813848
0.796473
0.784413
0.779655
0.781888
0.78905
0.798503
0.808079
0.816455
0.82307
0.827718
0.830075
0.829716
0.8267
0.822194
0.818492
0.818028
0.822192
0.830405
0.840493
0.849808
0.856345
0.85915
0.858349
0.854752
0.849469
0.843527
0.837753
0.832646
0.828391
0.824928
0.822022
0.819267
0.816116
0.811907
0.806097
0.798476
0.789333
0.779354
0.769475
0.76074
0.754456
0.751915
0.753939
0.760366
0.770138
0.781567
0.792835
0.802377
0.809179
0.813224
0.81559
0.818198
0.822974
0.830968
0.841768
0.853557
0.863756
0.869918
0.870497
0.865153
0.854629
0.84048
0.825006
0.81102
0.801331
0.797643
0.799578
0.804776
0.810197
0.813585
0.814122
0.812146
0.808316
0.803062
0.796617
0.789612
0.78344
0.780057
0.781281
0.787996
0.799892
0.815576
0.833022
0.850019
0.864615
0.875371
0.881483
0.882805
0.879716
0.872691
0.862076
0.848408
0.833057
0.818435
0.807197
0.800959
0.799585
0.801545
0.804865
0.807652
0.808466
0.806474
0.801462
0.793852
0.784535
0.774795
0.766107
0.75965
0.755678
0.753597
0.752502
0.751957
0.752271
0.754378
0.759309
0.767657
0.779238
0.793077
0.80773
0.821679
0.833692
0.843098
0.850143
0.856043
0.862413
0.870057
0.878059
0.883874
0.884599
0.878429
0.865356
0.846876
0.82539
0.803512
0.783776
0.76856
0.759884
0.759015
0.766
0.779304
0.796057
0.812764
0.826212
0.834321
0.836629
0.834211
0.829238
0.823983
0.8202
0.818678
0.819149
0.82056
0.821566
0.820854
0.817537
0.811153
0.80164
0.789312
0.775003
0.76028
0.747592
0.73981
0.739463
0.747779
0.764167
0.786298
0.811103
0.835677
0.857655
0.875155
0.886564
0.890733
0.887595
0.878403
0.865641
0.852379
0.841409
0.834364
0.831409
0.831308
0.832143
0.831997
0.829608
0.824539
0.817037
0.808126
0.799395
0.792734
0.789863
0.791934
0.799179
0.81073
0.824431
0.837208
0.845824
0.847659
0.841387
0.827251
0.806996
0.783509
0.760257
0.740852
0.728574
0.72549
0.731587
0.74474
0.76175
0.779479
0.795538
0.808633
0.818576
0.825992
0.831683
0.835995
0.838608
0.83878
0.835843
0.82981
0.821812
0.81401
0.809214
0.810092
0.818111
0.832901
0.852404
0.873647
0.893619
0.909779
0.920294
0.924163
0.921248
0.912397
0.899356
0.884304
0.869251
0.855579
0.844066
0.834967
0.828164
0.823218
0.819454
0.816064
0.812439
0.808223
0.803355
0.797697
0.790798
0.782007
0.770924
0.757851
0.744053
0.731503
0.722499
0.719005
0.722101
0.731686
0.746464
0.76434
0.782954
0.80026
0.814669
0.824991
0.830436
0.830758
0.826383
0.818605
0.809531
0.801707
0.797465
0.798247
0.804171
0.814038
0.825711
0.836836
0.845564
0.85082
0.852175
0.849751
0.844354
0.837495
0.831004
0.826338
0.824184
0.824622
0.827571
0.832734
0.839553
0.847164
0.854468
0.86042
0.864368
0.86614
0.865921
0.864007
0.860477
0.855228
0.847819
0.837723
0.824704
0.809097
0.792194
0.776087
0.763235
0.755777
0.754856
0.760233
0.770463
0.783238
0.796124
0.807186
0.815428
0.820664
0.823074
0.822763
0.819615
0.813462
0.804357
0.793034
0.780943
0.770026
0.762067
0.758217
0.758835
0.763947
0.773336
0.786295
0.801095
0.815045
0.825458
0.830835
0.831874
0.831354
0.832865
0.839065
0.850362
0.864609
0.877896
0.885842
0.885171
0.874878
0.856707
0.834764
0.81415
0.799248
0.792587
0.794495
0.803611
0.8177
0.83436
0.851227
0.866155
0.877347
0.883628
0.884643
0.880771
0.872985
0.862493
0.850368
0.837523
0.824803
0.813225
0.803832
0.797455
0.794372
0.794137
0.796054
0.799599
0.804536
0.810354
0.815921
0.819776
0.820615
0.817772
0.811199
0.801333
0.789054
0.775673
0.762818
0.752225
0.745316
0.742884
0.744919
0.750676
0.758839
0.767935
0.776769
0.784675
0.79165
0.798067
0.80432
0.810577
0.816604
0.822048
0.826519
0.829911
0.832468
0.834559
0.836441
0.838061
0.838949
0.83829
0.835126
0.828783
0.819136
0.806789
0.792856
0.778621
0.765118
0.752973
0.742348
0.733237
0.725818
0.720623
0.718503
0.720198
0.725961
0.735352
0.747426
0.761204
0.7759
0.790895
0.805664
0.819658
0.832358
0.843392
0.852659
0.860368
0.866843
0.872301
0.87667
0.879395
0.879633
0.876582
0.869725
0.859146
0.84562
0.830631
0.816263
0.804741
0.798064
0.797625
0.803918
0.816296
0.832782
0.850339
0.865429
0.874703
0.875853
0.867982
0.851722
0.829091
0.803185
0.77774
0.756347
0.741569
0.734358
0.734026
0.738802
0.746696
0.75608
0.76569
0.774744
0.782877
0.790155
0.796897
0.803519
0.81024
0.817039
0.823632
0.829515
0.834088
0.836889
0.837692
0.8367
0.834698
0.832765
0.831963
0.832858
0.835151
0.837926
0.83987
0.839933
0.837539
0.832738
0.825993
0.817876
0.808829
0.799004
0.788247
0.776167
0.762542
0.747705
0.732632
0.719101
0.709428
0.706053
0.71092
0.724797
0.746809
0.77434
0.803685
0.830958
0.853027
0.868089
0.875844
0.877244
0.873866
0.867465
0.85967
0.851735
0.844626
0.838944
0.834873
0.832217
0.830647
0.829905
0.829784
0.829887
0.829609
0.82864
0.827469
0.827328
0.829578
0.834914
0.843186
0.853708
0.865515
0.877337
0.887524
0.894027
0.894793
0.888349
0.874254
0.853226
0.827107
0.798556
0.770388
0.745213
0.725262
0.712379
0.707929
0.712501
0.725623
0.745468
0.769039
0.792777
0.813515
0.829248
0.839497
0.845017
0.847125
0.846971
0.845077
0.841471
0.836062
0.828828
0.819945
0.809853
0.799136
0.788628
0.779467
0.773256
0.771809
0.776428
0.787094
0.802168
0.819024
0.834996
0.8479
0.856316
0.859394
0.856916
0.849126
0.836827
0.821388
0.804621
0.788648
0.775699
0.767772
0.766137
0.770927
0.780965
0.794002
0.807413
0.818868
0.827039
0.831969
0.835059
0.838357
0.84354
0.851068
0.859988
0.86846
0.874665
0.877324
0.876009
0.870935
0.862837
0.852604
0.840882
0.828058
0.814396
0.800388
0.786869
0.774953
0.765839
0.760542
0.7597
0.763476
0.771514
0.782782
0.795794
0.808725
0.819822
0.827762
0.832038
0.83282
0.830772
0.82662
0.820823
0.813385
0.804182
0.793398
0.781824
0.770826
0.76208
0.757138
0.756908
0.761476
0.770157
0.78181
0.795044
0.808443
0.820681
0.830603
0.837458
0.841048
0.841706
0.840398
0.838328
0.83684
0.837001
0.839316
0.84348
0.848458
0.852798
0.855042
0.853991
0.849063
0.840537
0.829593
0.818112
0.808126
0.801308
0.798685
0.80072
0.80733
0.817643
0.829672
0.840771
0.848621
0.852008
0.850865
0.845866
0.838014
0.828383
0.818103
0.808328
0.800214
0.794705
0.792181
0.792246
0.793858
0.79576
0.79695
0.79703
0.796142
0.794722
0.793169
0.791754
0.79054
0.789551
0.788596
0.78707
0.784116
0.778897
0.771192
0.761744
0.752265
0.745007
0.742089
0.744908
0.753896
0.768565
0.787668
0.809456
0.831962
0.853277
0.871573
0.885352
0.893569
0.895828
0.892403
0.884268
0.872992
0.860408
0.848231
0.837553
0.828667
0.821434
0.815641
0.811345
0.809002
0.80923
0.812474
0.818741
0.827523
0.838002
0.849178
0.86001
0.869391
0.876034
0.878498
0.875674
0.867409
0.854737
0.839758
0.824844
0.811625
0.800631
0.791494
0.783611
0.776568
0.770424
0.765487
0.761857
0.759292
0.757111
0.754532
0.750909
0.746178
0.740988
0.73656
0.734314
0.735367
0.740162
0.748315
0.758792
0.770217
0.781239
0.790755
0.798112
0.803235
0.806761
0.809846
0.813763
0.819258
0.826154
0.833346
0.839324
0.842908
0.843667
0.841975
0.83869
0.834669
0.830291
0.825267
0.818868
0.810654
0.801148
0.792119
0.786164
0.785676
0.791827
0.804195
0.821136
0.840618
0.860866
0.88038
0.89772
0.911341
0.919713
0.921515
0.915976
0.903029
0.883465
0.858912
0.831739
0.804722
0.780667
0.762007
0.750387
0.746346
0.74912
0.75667
0.766231
0.774944
0.780513
0.781748
0.778881
0.773356
0.767335
0.763076
0.76236
0.766268
0.775018
0.788042
0.804079
0.821317
0.837485
0.850194
0.857347
0.857574
0.850604
0.837463
0.820318
0.802147
0.786381
0.776245
0.773994
0.780224
0.793656
0.811441
0.830017
0.846138
0.857327
0.862217
0.860668
0.853635
0.842988
0.831163
0.820706
0.813506
0.81017
0.809798
0.810869
0.812547
0.815663
0.822492
0.834871
0.852341
0.871887
0.889511
0.901986
0.907591
0.905672
0.896169
0.879506
0.856856
0.830423
0.803327
0.778771
0.759199
0.746082
0.740153
0.741489
0.749285
0.761957
0.777384
0.793422
0.808115
0.819753
0.827053
0.829336
0.826607
0.819588
0.809457
0.797749
0.786222
0.776791
0.771279
0.770753
0.774836
0.781908
0.790025
0.798015
0.805868
0.814398
0.824547
0.836523
0.849632
0.862317
0.872627
0.878778
0.879581
0.874713
0.864749
0.850902
0.834675
0.817656
0.801113
0.785934
0.772721
0.76187
0.753741
0.748707
0.746996
0.748565
0.752985
0.75931
0.766228
0.77225
0.776202
0.778119
0.779912
0.784924
0.795567
0.811202
0.828681
0.84494
0.858511
0.86917
0.876969
0.881681
0.883069
0.881088
0.87603
0.86858
0.859794
0.850961
0.843349
0.837861
0.83479
0.833866
0.834347
0.835198
0.835378
0.834071
0.830949
0.826172
0.82019
0.813414
0.806036
0.798054
0.789498
0.780646
0.772107
0.764813
0.759886
0.758245
0.760451
0.766494
0.775762
0.787179
0.799447
0.81144
0.82239
0.831784
0.839197
0.844247
0.846769
0.846851
0.84497
0.841812
0.83794
0.833445
0.827932
0.820812
0.81156
0.800111
0.787192
0.774484
0.764218
0.758546
0.758638
0.76419
0.773651
0.785107
0.796956
0.80814
0.818141
0.826608
0.833246
0.837653
0.839509
0.838821
0.836056
0.831878
0.826651
0.820017
0.810941
0.798467
0.782568
0.764883
0.748455
0.736799
0.732652
0.737086
0.749486
0.767987
0.790127
0.813537
0.836387
0.857517
0.876356
0.892513
0.905532
0.914737
0.91937
0.91879
0.9127
0.901323
0.885634
0.867105
0.847172
0.826885
0.80684
0.787599
0.769975
0.755089
0.744094
0.73775
0.736192
0.738958
0.745184
0.753924
0.764317
0.775608
0.786978
0.797763
0.807557
0.816309
0.824366
0.832301
0.840626
0.849559
0.858758
0.867277
0.873818
0.877147
0.876384
0.871198
0.861773
0.848729
0.833063
0.816216
0.800027
0.786423
0.77711
0.77317
0.774762
0.781004
0.790128
0.799828
0.807818
0.812332
0.812565
0.808629
0.801423
0.792365
0.78319
0.775686
0.771479
0.771825
0.77724
0.78722
0.800195
0.813908
0.826216
0.835715
0.842226
0.846637
0.85047
0.855082
0.860776
0.866314
0.869241
0.866949
0.857787
0.841759
0.820587
0.797416
0.776098
0.760084
0.751416
0.750161
0.754758
0.762826
0.771974
0.780431
0.787355
0.793136
0.799134
0.807212
0.818837
0.834261
0.852267
0.870588
0.886555
0.897659
0.902007
0.898755
0.88856
0.873604
0.856803
0.840486
0.825784
0.812926
0.801867
0.792664
0.785493
0.780416
0.777334
0.7759
0.775506
0.775467
0.775111
0.774054
0.772547
0.77158
0.772741
0.777765
0.78786
0.802964
0.821496
0.840689
0.857624
0.870125
0.877129
0.878655
0.875397
0.868444
0.85905
0.848539
0.838124
0.828647
0.820502
0.813543
0.807267
0.801061
0.79447
0.78738
0.779932
0.772324
0.764705
0.757284
0.750564
0.745564
0.743627
0.745955
0.752914
0.763939
0.777676
0.79241
0.806525
0.818696
0.828045
0.834183
0.837103
0.836944
0.833733
0.827617
0.819136
0.809417
0.800131
0.793131
0.789894
0.791016
0.796008
0.803395
0.811092
0.817127
0.820132
0.819908
0.817406
0.814402
0.812736
0.813688
0.817475
0.823364
0.830046
0.836185
0.840595
0.842281
0.840619
0.83552
0.827743
0.818788
0.810545
0.804889
0.802968
0.80473
0.808987
0.813965
0.818044
0.820082
0.819513
0.816517
0.812253
0.808353
0.806213
0.806128
0.807399
0.808968
0.810073
0.810424
0.810343
0.810868
0.813614
0.820179
0.831449
0.846975
0.864713
0.881622
0.894742
0.902063
0.902908
0.897616
0.887045
0.872287
0.854495
0.834915
0.814968
0.796065
0.779256
0.764902
0.752682
0.741939
0.732318
0.724159
0.718565
0.717108
0.721098
0.731062
0.746421
0.765589
0.786619
0.80788
0.828249
0.846924
0.863218
0.876443
0.885995
0.891735
0.893912
0.892896
0.888784
0.881089
0.868966
0.851645
0.829268
0.803422
0.776855
0.752924
0.734657
0.72415
0.722527
0.730244
0.747104
0.771966
0.802217
0.833982
0.862847
0.884902
0.897687
0.900548
0.89459
0.881969
0.864974
0.845246
0.823847
0.801903
0.781065
0.76336
0.750681
0.744035
0.743125
0.746355
0.751476
0.756656
0.761191
0.765645
0.771272
0.779217
0.78987
0.802687
0.816403
0.829573
0.840864
0.849484
0.855358
0.859147
0.861991
0.865158
0.869501
0.874949
0.880545
0.884841
0.886349
0.883839
0.87675
0.865392
0.851087
0.836019
0.822652
0.812942
0.807648
0.806022
0.806123
0.805484
0.801808
0.793506
0.780023
0.761851
0.740688
0.71931
0.701251
0.690355
0.689889
0.700971
0.721644
0.747752
0.775058
0.800723
0.823264
0.841808
0.855715
0.864773
0.869592
0.871636
0.872781
0.874618
0.878178
0.883902
0.891758
0.901315
0.911409
0.919933
0.924158
0.921575
0.910678
0.891244
0.864313
0.83187
0.796573
0.76172
0.731154
0.708613
0.696655
0.695917
0.70522
0.722353
0.744875
0.770498
0.797207
0.823169
0.8467
0.866219
0.880474
0.888773
0.891162
0.888313
0.881422
0.871988
0.861597
0.851726
0.843445
0.837291
0.83317
0.830484
0.828288
0.825482
0.821179
0.81514
0.808134
0.801922
0.798484
0.799223
0.804085
0.811367
0.818175
0.821334
0.818257
0.807628
0.789818
0.76687
0.742292
0.720335
0.70506
0.69944
0.704725
0.720442
0.744719
0.774799
0.807499
0.839603
0.868264
0.891283
0.907325
0.915683
0.916227
0.909177
0.895145
0.87505
0.850239
0.82245
0.793842
0.766892
0.744225
0.728172
0.720253
0.720702
0.728317
0.741031
0.75675
0.773861
0.79128
0.80833
0.824371
0.838782
0.850769
0.859312
0.863234
0.861367
0.853109
0.838929
0.820572
0.800862
0.783048
0.770032
0.76369
0.764553
0.771797
0.783652
0.797886
0.812384
0.825622
0.837051
0.847003
0.856332
0.865789
0.875406
0.88408
0.889718
0.890074
0.883551
0.869781
0.849598
0.824835
0.798054
0.772196
0.750218
0.734701
0.72736
0.728794
0.738432
0.754668
0.775358
0.798072
0.820416
0.840219
0.855705
0.865694
0.869786
0.868536
0.863403
0.856515
0.850103
0.845745
0.843975
0.844261
0.845506
0.846509
0.84629
0.844223
0.840179
0.834519
0.827951
0.821428
0.815829
0.811764
0.80946
0.808857
0.809785
0.812078
0.815513
0.819674
0.823734
0.826438
0.826428
0.822627
0.814506
0.802167
0.78627
0.76787
0.748542
0.730408
0.715843
0.706589
0.703123
0.704901
0.711181
0.721446
0.735183
0.751545
0.769357
0.787297
0.804199
0.819213
0.831937
0.842522
0.85147
0.859365
0.866368
0.872148
0.876112
0.877795
0.877277
0.875107
0.871804
0.867577
0.862048
0.854486
0.844116
0.83063
0.814688
0.798179
0.78391
0.774964
0.77347
0.779627
0.79157
0.806189
0.820174
0.830985
0.837192
0.838502
0.83546
0.829231
0.821212
0.812782
0.804874
0.797905
0.792004
0.787295
0.784143
0.783102
0.784762
0.789529
0.79755
0.808595
0.822095
0.837191
0.852718
0.867236
0.879171
0.887101
0.890037
0.88748
0.879562
0.866977
0.85091
0.832822
0.814094
0.795717
0.778165
0.761755
0.747226
0.736194
0.730845
0.733067
0.74334
0.760247
0.780842
0.801674
0.819701
0.832903
0.840522
0.842899
0.841126
0.836734
0.83124
0.825931
0.821703
0.819023
0.81805
0.818744
0.820857
0.823728
0.825959
0.825717
0.821507
0.812944
0.801009
0.787868
0.776167
0.768237
0.765582
0.768603
0.77647
0.787111
0.797836
0.806195
0.810585
0.810532
0.806717
0.800702
0.794402
0.789495
0.786897
0.786475
0.787347
0.788483
0.789392
0.790323
0.792022
0.795215
0.800232
0.806837
0.814444
0.822688
0.831725
0.842198
0.854701
0.869162
0.884379
0.898062
0.90748
0.910274
0.905012
0.891423
0.87041
0.843786
0.813965
0.783703
0.755819
0.73284
0.71679
0.708726
0.708713
0.71592
0.729008
0.746254
0.765834
0.786108
0.805759
0.823761
0.839282
0.851533
0.859807
0.863824
0.86403
0.861809
0.859025
0.857125
0.856314
0.855595
0.853473
0.848947
0.842132
0.834186
0.826741
0.821267
0.818662
0.818926
0.821272
0.824342
0.826758
0.827524
0.826316
0.82345
0.819599
0.815482
0.811522
0.80766
0.803635
0.799322
0.795058
0.791609
0.789779
0.789937
0.791603
0.793561
0.794371
0.792969
0.789065
0.783012
0.775552
0.767561
0.760131
0.754601
0.75238
0.754491
0.761225
0.772129
0.786169
0.802063
0.81858
0.834604
0.849192
0.861597
0.871164
0.877516
0.880583
0.880545
0.877712
0.872511
0.865646
0.85803
0.850586
0.843927
0.838144
0.832766
0.827006
0.819999
0.811191
0.800693
0.789296
0.77842
0.769657
0.764422
0.763625
0.7679
0.777705
0.793026
0.8125
0.833103
0.850846
0.862154
0.864782
0.857986
0.842346
0.819674
0.792968
0.766262
0.744207
0.73102
0.72915
0.73828
0.755403
0.77609
0.796125
0.812775
0.825167
0.833887
0.840088
0.844727
0.848047
0.84945
0.84786
0.842316
0.832436
0.81884
0.803092
0.787589
0.774949
0.767428
0.76633
0.771699
0.782323
0.796237
0.811299
0.825729
0.838171
0.847752
0.85411
0.857339
0.857939
0.856716
0.854598
0.852221
0.849691
0.846583
0.842174
0.835987
0.828076
0.819073
0.809991
0.80205
0.796393
0.793909
0.794948
0.799221
0.805851
0.813519
0.82071
0.826173
0.82924
0.830103
0.829675
0.82909
0.829159
0.829991
0.831054
0.831555
0.830866
0.828724
0.82493
0.8193
0.811785
0.802758
0.793217
0.784694
0.77882
0.776704
0.778513
0.78362
0.791069
0.799967
0.809654
0.819517
0.828884
0.836887
0.842772
0.846025
0.846597
0.844849
0.841423
0.836861
0.831488
0.825508
0.819019
0.812194
0.805151
0.797869
0.790262
0.782447
0.775041
0.769178
0.766161
0.766881
0.771478
0.779132
0.788259
0.796791
0.802775
0.804811
0.802477
0.796489
0.788895
0.782784
0.781415
0.786635
0.798021
0.813321
0.829739
0.844914
0.857292
0.866036
0.871008
0.872776
0.87256
0.871761
0.871371
0.871628
0.872025
0.871892
0.870668
0.868226
0.864792
0.860843
0.856903
0.853144
0.849207
0.844216
0.837228
0.827713
0.815865
0.802656
0.789545
0.778051
0.769198
0.763219
0.759447
0.756563
0.75304
0.747572
0.739547
0.729357
0.718328
0.708472
0.702258
0.702258
0.710627
0.728147
0.753477
0.783408
0.814101
0.842336
0.866013
0.883958
0.895497
0.900147
0.897463
0.887146
0.869438
0.845414
0.816974
0.786789
0.757908
0.733242
0.715229
0.705895
0.707034
0.719929
0.744272
0.776975
0.812583
0.845042
0.869553
0.883501
0.886421
0.879613
0.865446
0.846838
0.826865
0.808385
0.793708
0.784485
0.781616
0.785169
0.794398
0.807807
0.823363
0.838932
0.852583
0.862826
0.868749
0.869986
0.866544
0.858815
0.847632
0.834277
0.820255
0.806821
0.794732
0.78425
0.775479
0.768737
0.764847
0.764953
0.770086
0.780576
0.795653
0.813639
0.832383
0.84969
0.863769
0.873292
0.877554
0.876627
0.871435
0.863536
0.854753
0.846407
0.839028
0.832558
0.82676
0.821538
0.816634
0.81145
0.805155
0.797076
0.786994
0.775195
0.762358
0.749396
0.737456
0.727912
0.722291
0.721999
0.727726
0.739042
0.754312
0.771089
0.786895
0.799784
0.808808
0.814255
0.817452
0.820343
0.82459
0.830686
0.83782
0.84441
0.848888
0.850374
0.848782
0.844691
0.839084
0.833005
0.827262
0.822482
0.819025
0.81697
0.816322
0.817039
0.819011
0.822041
0.825547
0.828474
0.829481
0.827301
0.82132
0.812022
0.801109
0.791146
0.784806
0.783913
0.788805
0.798232
0.809867
0.821089
0.829641
0.834048
0.83396
0.829943
0.823194
0.815224
0.807513
0.801229
0.797096
0.795349
0.795809
0.797861
0.800375
0.801665
0.800017
0.794377
0.784863
0.772987
0.761201
0.752057
0.747579
0.74871
0.755069
0.765269
0.777374
0.789506
0.800334
0.809267
0.816355
0.822023
0.826721
0.830632
0.8335
0.834597
0.833115
0.82869
0.822033
0.81497
0.810023
0.80948
0.814482
0.824668
0.838271
0.852737
0.865434
0.874356
0.878295
0.876957
0.870887
0.861095
0.848896
0.835809
0.823427
0.813057
0.805549
0.800978
0.798762
0.797945
0.797615
0.797127
0.796122
0.794416
0.791769
0.787811
0.782217
0.774994
0.766669
0.758138
0.750403
0.744337
0.740441
0.738884
0.739584
0.742497
0.747955
0.756596
0.769125
0.785705
0.805488
0.826537
0.846364
0.862548
0.873343
0.877997
0.876692
0.870458
0.861078
0.850915
0.842404
0.837245
0.835698
0.836585
0.83827
0.839765
0.840716
0.841051
0.840553
0.838943
0.836368
0.833599
0.831731
0.83159
0.833285
0.836219
0.839535
0.842468
0.844269
0.84409
0.841174
0.835596
0.828459
0.821592
0.816771
0.814898
0.815899
0.81905
0.8237
0.82954
0.836421
0.844067
0.851843
0.85863
0.862968
0.863174
0.857708
0.845819
0.828046
0.806634
0.785157
0.76709
0.754454
0.747342
0.74462
0.745042
0.747869
0.752914
0.760061
0.768871
0.778369
0.787148
0.793713
0.796983
0.796663
0.793389
0.788505
0.783706
0.780526
0.779837
0.781744
0.785636
0.790435
0.795142
0.799067
0.802162
0.804757
0.807281
0.81016
0.813643
0.817796
0.822552
0.827655
0.832577
0.836545
0.838809
0.838807
0.836402
0.832013
0.826582
0.821375
0.817697
0.816828
0.819834
0.827271
0.838799
0.853016
0.867578
0.8798
0.887154
0.887747
0.880558
0.865852
0.84566
0.823813
0.804808
0.791847
0.785838
0.786475
0.793342
0.806185
0.823963
0.844282
0.863946
0.879887
0.889876
0.892705
0.888022
0.876212
0.858276
0.83568
0.810337
0.784426
0.760272
0.740015
0.725307
0.71719
0.716121
0.722025
0.73432
0.751865
0.772803
0.794793
0.81525
0.831924
0.843288
0.848677
0.848418
0.843626
0.835894
0.827045
0.818601
0.811581
0.806387
0.802789
0.800004
0.796994
0.792797
0.787008
0.779886
0.772433
0.766192
0.762722
0.763242
0.768244
0.77734
0.78943
0.803129
0.817061
0.830043
0.841195
0.849853
0.855522
0.857895
0.856905
0.852716
0.845699
0.836301
0.825112
0.81288
0.800573
0.789353
0.780316
0.774106
0.770655
0.76924
0.769109
0.770042
0.772586
0.777664
0.785711
0.796122
0.807328
0.817489
0.825254
0.830198
0.832699
0.833574
0.833571
0.833094
0.832277
0.831479
0.831432
0.832864
0.835883
0.839733
0.843326
0.845829
0.846927
0.846703
0.845371
0.843171
0.840433
0.837843
0.836293
0.836538
0.838658
0.84178
0.844338
0.844772
0.842074
0.836202
0.827988
0.818784
0.810018
0.802743
0.797549
0.79466
0.794222
0.796267
0.800436
0.805818
0.811099
0.815208
0.817666
0.818664
0.818711
0.818264
0.817447
0.81592
0.813154
0.80874
0.802576
0.79492
0.786348
0.7775
0.768952
0.761181
0.75439
0.748661
0.744041
0.740473
0.73785
0.736156
0.735503
0.736242
0.73902
0.744583
0.753444
0.765723
0.781104
0.798856
0.818133
0.838001
0.857439
0.875268
0.890165
0.900861
0.906452
0.906428
0.900732
0.889716
0.874096
0.854973
0.83391
0.812687
0.79303
0.77627
0.76311
0.753808
0.748361
0.746734
0.749031
0.755323
0.765581
0.779559
0.796598
0.815585
0.834877
0.852488
0.866376
0.874944
0.877372
0.873798
0.86528
0.853639
0.841128
0.829926
0.821815
0.817708
0.817399
0.819657
0.822611
0.824509
0.824461
0.822989
0.821569
0.821389
0.822322
0.823163
0.822563
0.81998
0.815991
0.812207
0.810621
0.812685
0.818372
0.826119
0.833249
0.837137
0.836291
0.830671
0.821222
0.809031
0.795044
0.78023
0.765842
0.753309
0.743743
0.73757
0.734626
0.734653
0.737786
0.744382
0.754804
0.768809
0.785248
0.80208
0.816834
0.827188
0.831858
0.830962
0.825946
0.819139
0.812864
0.808953
0.808371
0.811263
0.81699
0.824451
0.832247
0.839009
0.843738
0.845956
0.845669
0.843177
0.838827
0.83288
0.825649
0.81774
0.810089
0.803994
0.800623
0.800643
0.803926
0.809584
0.816297
0.822518
0.826516
0.82643
0.820788
0.809304
0.793496
0.776543
0.762421
0.754535
0.75475
0.762953
0.777265
0.794691
0.812024
0.826606
0.836848
0.842451
0.844093
0.842834
0.839331
0.833592
0.825213
0.813794
0.799723
0.784438
0.770355
0.760241
0.756215
0.759129
0.768436
0.782349
0.798454
0.814396
0.828583
0.840482
0.850699
0.860441
0.870737
0.88169
0.892348
0.90106
0.90632
0.907494
0.90478
0.89858
0.888852
0.875127
0.857169
0.835674
0.8124
0.789939
0.770903
0.757234
0.749796
0.748471
0.752602
0.761331
0.773758
0.788743
0.804682
0.819458
0.830791
0.836813
0.836674
0.831076
0.822207
0.813296
0.80788
0.808829
0.817321
0.831967
0.848876
0.863108
0.870669
0.869969
0.86206
0.84987
0.836878
0.825755
0.817526
0.811726
0.807323
0.803868
0.801986
0.802878
0.806933
0.812655
0.81711
0.817683
0.813375
0.804851
0.793744
0.781714
0.770071
0.760039
0.753096
0.751017
0.755274
0.766411
0.783745
0.805406
0.828775
0.850945
0.869367
0.882206
0.888629
0.888885
0.884039
0.87552
0.864699
0.852821
0.840996
0.830147
0.820868
0.813347
0.807478
0.802945
0.799167
0.79521
0.789914
0.782197
0.7717
0.75911
0.74614
0.735027
0.727758
0.725322
0.727484
0.733062
0.740524
0.748746
0.757532
0.767594
0.780047
0.795579
0.813837
0.833512
0.852834
0.870119
0.88416
0.894241
0.900018
0.901483
0.898855
0.892482
0.882824
0.870466
0.85638
0.84208
0.829519
0.820583
0.816401
0.816807
0.820363
0.824907
0.828228
0.828664
0.825506
0.819176
0.811091
0.803174
0.797362
0.795101
0.797172
0.803695
0.814256
0.827817
0.842539
0.855672
0.864029
0.865054
0.857654
0.842419
0.821434
0.797595
0.773767
0.752217
0.734079
0.71946
0.707987
0.699697
0.695856
0.699121
0.712379
0.736709
0.76981
0.806717
0.842095
0.872029
0.894275
0.907883
0.912964
0.91046
0.901853
0.888637
0.871794
0.851905
0.829587
0.806118
0.78368
0.764959
0.752351
0.747402
0.750438
0.760654
0.776253
0.794981
0.81479
0.834324
0.852934
0.870209
0.885431
0.897279
0.903899
0.903433
0.894807
0.878315
0.855886
0.830583
0.805812
0.784233
0.767102
0.754358
0.74515
0.738637
0.734433
0.732479
0.732848
0.735456
0.739981
0.745828
0.752435
0.75965
0.767978
0.778475
0.792156
0.809092
0.827986
0.846489
0.862441
0.874779
0.883484
0.889025
0.89166
0.891055
0.886468
0.877182
0.862913
0.844079
0.821809
0.797677
0.773718
0.752481
0.736836
0.729339
0.731226
0.741892
0.759289
0.780689
0.80324
0.824412
0.842344
0.856074
0.86546
0.870875
0.872987
0.872786
0.871612
0.87105
0.872561
0.876816
0.883321
0.890531
0.89653
0.899701
0.89919
0.894784
0.886303
0.873108
0.854384
0.830169
0.802272
0.77416
0.749435
0.730167
0.716224
0.705982
0.697692
0.690572
0.685129
0.682814
0.685464
0.694929
0.712636
0.739094
0.773314
0.812401
0.851932
0.887024
0.913844
0.930497
0.936982
0.9346
0.925241
0.910931
0.893398
0.874306
0.855442
0.838949
0.826978
0.820985
0.82101
0.825536
0.832066
0.838114
0.841699
0.841555
0.837159
0.828801
0.817416
0.804452
0.791465
0.77961
0.769509
0.761229
0.754553
0.749282
0.745664
0.74459
0.747172
0.75401
0.764623
0.777504
0.790913
0.80358
0.814893
0.824639
0.832813
0.839228
0.843593
0.845576
0.844905
0.841376
0.834995
0.826106
0.815442
0.804282
0.79439
0.787745
0.785951
0.789628
0.798098
0.809337
0.820812
0.830097
0.835682
0.83719
0.835402
0.831838
0.828248
0.826052
0.825925
0.827735
0.830713
0.834003
0.837018
0.839421
0.840957
0.841257
0.839885
0.836627
0.831704
0.825911
0.82034
0.816088
0.813974
0.814514
0.817841
0.823534
0.830565
0.837364
0.84212
0.843324
0.840336
0.833509
0.823951
0.813292
0.803148
0.794871
0.789259
0.786364
0.785613
0.786208
0.787599
0.78977
0.793011
0.797556
0.803171
0.80882
0.812875
0.813586
0.809609
0.800649
0.787814
0.773638
0.761663
0.755308
0.756627
0.765638
0.780357
0.797797
0.814949
0.829558
0.840296
0.846523
0.848042
0.844948
0.837886
0.828207
0.817942
0.809399
0.804624
0.804725
0.809459
0.817218
0.825537
0.83187
0.834269
0.83204
0.826181
0.819292
0.814558
0.813812
0.816472
0.820398
0.823555
0.824826
0.823926
0.820879
0.815791
0.808752
0.799912
0.789668
0.7788
0.768587
0.760567
0.75627
0.756875
0.762794
0.773561
0.787883
0.804007
0.820003
0.834303
0.846003
0.855057
0.861901
0.86697
0.870229
0.871141
0.868928
0.863115
0.854081
0.843189
0.832563
0.824332
0.819723
0.818541
0.819293
0.820069
0.819231
0.815892
0.810032
0.802328
0.793802
0.785686
0.779211
0.775319
0.774398
0.776045
0.779193
0.782399
0.78429
0.783847
0.780548
0.774349
0.765616
0.755152
0.744196
0.734393
0.727637
0.725613
0.729251
0.738378
0.751845
0.768159
0.786215
0.805482
0.82537
0.844215
0.85904
0.86649
0.864235
0.851833
0.830956
0.805258
0.779838
0.760076
0.75019
0.752131
0.765219
0.786636
0.812322
0.837886
0.859628
0.875134
0.883424
0.884787
0.880352
0.871654
0.86036
0.848003
0.835907
0.82512
0.816538
0.810732
0.807883
0.807693
0.809507
0.812591
0.816168
0.819589
0.822455
0.824863
0.827418
0.830805
0.835286
0.840251
0.844468
0.846571
0.845796
0.842298
0.836925
0.830675
0.824276
0.818534
0.81455
0.813628
0.816516
0.822662
0.830483
0.837909
0.842957
0.843858
0.839331
0.829207
0.815021
0.79982
0.786495
0.776113
0.767909
0.761
0.755608
0.752866
0.753867
0.758892
0.767156
0.777007
0.786434
0.793704
0.797898
0.799146
0.798486
0.797529
0.797722
0.799863
0.803794
0.808419
0.812209
0.813748
0.812282
0.80812
0.802672
0.798124
0.796645
0.799426
0.805875
0.813835
0.820535
0.823911
0.823486
0.820617
0.81768
0.816622
0.817862
0.820491
0.823273
0.82532
0.826336
0.826728
0.827396
0.829125
0.831796
0.834444
0.836029
0.83643
0.836401
0.837064
0.839137
0.842571
0.846791
0.850979
0.854535
0.857345
0.859637
0.86174
0.86377
0.865466
0.866145
0.864809
0.860175
0.850856
0.835874
0.815141
0.789742
0.761959
0.734991
0.712356
0.697007
0.690695
0.693543
0.70417
0.720316
0.739417
0.758944
0.776715
0.79141
0.802855
0.81202
0.820403
0.829151
0.8384
0.847248
0.854163
0.857741
0.857324
0.853342
0.847083
0.840096
0.833653
0.828606
0.825503
0.82489
0.827061
0.831912
0.838775
0.846683
0.85482
0.862681
0.869886
0.876131
0.881146
0.8848
0.887044
0.887675
0.886188
0.881788
0.873846
0.862242
0.847587
0.831118
0.814338
0.798579
0.784663
0.772929
0.763439
0.756145
0.751113
0.748386
0.747785
0.74885
0.75087
0.753176
0.755374
0.757386
0.759415
0.761852
0.765303
0.770597
0.778493
0.788984
0.800838
0.811743
0.819387
0.822338
0.820512
0.815042
0.807577
0.799729
0.79256
0.78652
0.781739
0.778237
0.776044
0.774959
0.774361
0.773346
0.77128
0.768735
0.767812
0.7714
0.781518
0.797586
0.816355
0.833464
0.845506
0.851295
0.851881
0.849481
0.846055
0.842473
0.838391
0.832905
0.825335
0.815701
0.805017
0.795072
0.787931
0.785154
0.787066
0.792707
0.800385
0.808309
0.81503
0.819561
0.82129
0.819867
0.815125
0.807279
0.797067
0.78595
0.775867
0.768596
0.765113
0.76546
0.769185
0.775833
0.785316
0.797717
0.812929
0.83049
0.849408
0.868161
0.884794
0.897131
0.903188
0.901808
0.893106
0.878541
0.860525
0.84156
0.82336
0.806542
0.790947
0.776444
0.763405
0.752877
0.746121
0.743948
0.746316
0.752533
0.761825
0.773643
0.787713
0.803836
0.82165
0.840401
0.858767
0.874762
0.886026
0.89046
0.886566
0.873903
0.853416
0.827462
0.799524
0.773669
0.753591
0.741764
0.738905
0.743993
0.754725
0.768255
0.782012
0.794227
0.804104
0.811586
0.817116
0.821325
0.824727
0.827881
0.831318
0.835508
0.840805
0.847328
0.85477
0.862546
0.869771
0.875383
0.8783
0.877717
0.873631
0.867088
0.859827
0.853384
0.848559
0.84529
0.843013
0.841116
0.839238
0.837214
0.834866
0.831643
0.826768
0.819549
0.809766
0.797861
0.784586
0.770841
0.757741
0.746709
0.739358
0.737105
0.740654
0.749505
0.76178
0.775005
0.786882
0.795871
0.801205
0.802685
0.800468
0.794906
0.786597
0.776404
0.765305
0.754483
0.745256
0.73911
0.737735
0.742378
0.753155
0.768931
0.787743
0.807495
0.826218
0.842078
0.853396
0.858857
0.857698
0.850017
0.836923
0.820547
0.8037
0.789404
0.780276
0.777844
0.782318
0.792511
0.806214
0.820806
0.833849
0.843351
0.848003
0.847196
0.841083
0.830428
0.816492
0.800939
0.785698
0.772754
0.763959
0.760711
0.763514
0.771748
0.783763
0.797324
0.810331
0.821342
0.829856
0.836254
0.841409
0.846173
0.850943
0.855642
0.859743
0.862592
0.863693
0.863039
0.861095
0.858525
0.855708
0.852354
0.847743
0.840928
0.831198
0.818289
0.802563
0.784932
0.766808
0.749994
0.736482
0.728473
0.727843
0.735376
0.7501
0.769438
0.790091
0.809082
0.824465
0.83554
0.842685
0.847031
0.849943
0.852463
0.854932
0.856865
0.857237
0.854883
0.848787
0.838357
0.823523
0.804801
0.7835
0.761857
0.74284
0.729788
0.725704
0.732404
0.749867
0.775938
0.80685
0.838177
0.866034
0.887735
0.9019
0.908105
0.906692
0.898408
0.88439
0.865994
0.844874
0.822937
0.802047
0.783855
0.769654
0.760494
0.757366
0.761259
0.772792
0.791821
0.816859
0.845006
0.872333
0.89493
0.909933
0.916121
0.913875
0.904832
0.891231
0.875309
0.858839
0.842825
0.827684
0.813511
0.800483
0.788974
0.779421
0.772047
0.766872
0.763967
0.763585
0.765837
0.7703
0.776048
0.782159
0.788036
0.793409
0.797941
0.80089
0.801158
0.797667
0.789944
0.77844
0.764698
0.750932
0.739254
0.731086
0.727203
0.728088
0.733973
0.744469
0.758341
0.773672
0.788278
0.800385
0.809043
0.814271
0.816743
0.81744
0.817157
0.816158
0.814202
0.811018
0.80686
0.802826
0.800555
0.801351
0.805486
0.81219
0.820229
0.828601
0.836753
0.844265
0.850673
0.85548
0.85844
0.859565
0.858974
0.856524
0.851806
0.84426
0.833767
0.820992
0.807626
0.796005
0.78839
0.786062
0.788911
0.795961
0.806222
0.819128
0.834125
0.850236
0.865818
0.878558
0.885996
0.885952
0.877207
0.860107
0.836835
0.81146
0.789342
0.775735
0.77349
0.781505
0.795479
0.810512
0.823255
0.832535
0.838832
0.843209
0.846207
0.847352
0.845464
0.839442
0.828919
0.814479
0.797546
0.780056
0.763925
0.750715
0.741515
0.737166
0.738335
0.745419
0.758272
0.775903
0.796569
0.817979
0.837483
0.852458
0.860836
0.861825
0.856171
0.846123
0.834834
0.82539
0.819683
0.817944
0.81884
0.820216
0.819796
0.815842
0.807549
0.795447
0.781388
0.768158
0.758732
0.755466
0.759551
0.771073
0.789129
0.811831
0.836441
0.859732
0.878427
0.88976
0.892032
0.885139
0.870933
0.853147
0.836611
0.825756
0.82316
0.828834
0.840592
0.855082
0.86889
0.879414
0.885198
0.88595
0.882222
0.874791
0.864226
0.850644
0.833887
0.814065
0.792091
0.769743
0.749423
0.733501
0.723529
0.719913
0.722074
0.728776
0.738577
0.75022
0.762913
0.776341
0.790286
0.80435
0.81776
0.829577
0.839082
0.846156
0.851287
0.855454
0.859654
0.864108
0.867811
0.868723
0.864514
0.85366
0.836778
0.817468
0.80174
0.79486
0.797564
0.805783
0.814213
0.819458
0.820566
0.818129
0.813446
0.807874
0.802585
0.79833
0.795487
0.79426
0.794788
0.797269
0.801902
0.808306
0.815218
0.820404
0.821428
0.816804
0.806734
0.79309
0.778906
0.767563
0.761864
0.763231
0.771467
0.785299
0.803041
0.823148
0.844
0.863598
0.87975
0.890554
0.894976
0.893118
0.886145
0.875973
0.864756
0.854425
0.846243
0.840716
0.837685
0.836652
0.836965
0.838027
0.83921
0.839856
0.839105
0.835832
0.828803
0.816895
0.799722
0.778041
0.753712
0.72947
0.708307
0.692796
0.6847
0.684972
0.693622
0.709878
0.732299
0.758963
0.787589
0.815659
0.840818
0.861139
0.875548
0.883771
0.886071
0.882998
0.875188
0.863513
0.849329
0.834581
0.821419
0.811435
0.805265
0.80296
0.804765
0.81197
0.826013
0.846627
0.870554
0.892557
0.907592
0.912401
0.905755
0.888079
0.860992
0.827212
0.790431
0.75515
0.726006
0.70677
0.699551
0.704393
0.719639
0.742674
0.770582
0.800422
0.829399
0.855194
0.876188
0.891475
0.900557
0.903061
0.898703
0.887388
0.869647
0.847006
0.822062
0.798198
0.778949
0.767181
0.764409
0.770381
0.783149
0.799667
0.816453
0.830286
0.838971
0.841698
0.839068
0.832772
0.824855
0.817005
0.810174
0.804733
0.800578
0.797537
0.795504
0.794499
0.794656
0.79612
0.798853
0.802422
0.806175
0.809485
0.81214
0.81442
0.816854
0.819865
0.823616
0.828014
0.832871
0.838004
0.843035
0.84728
0.849753
0.849242
0.844618
0.835354
0.821899
0.805898
0.790023
0.777272
0.76983
0.768208
0.771364
0.777521
0.784903
0.792107
0.798004
0.80163
0.802427
0.800105
0.794843
0.787042
0.777261
0.766268
0.755127
0.745389
0.739065
0.738241
0.744338
0.757388
0.77583
0.796973
0.817895
0.83627
0.850584
0.860161
0.865064
0.865849
0.863342
0.858276
0.851358
0.843296
0.835009
0.827718
0.822674
0.820767
0.821924
0.82503
0.828257
0.82974
0.828194
0.823187
0.81526
0.805696
0.795909
0.787001
0.779701
0.774462
0.771643
0.77154
0.774341
0.779882
0.787438
0.796031
0.804477
0.811822
0.81747
0.821291
0.823534
0.824697
0.825424
0.826358
0.827944
0.830539
0.834333
0.839376
0.845575
0.852502
0.859391
0.865181
0.868646
0.868726
0.864813
0.856944
0.84577
0.832343
0.817649
0.802451
0.787303
0.772865
0.760259
0.751183
0.747615
0.751316
0.762887
0.781146
0.803316
0.825789
0.845123
0.858658
0.865072
0.864552
0.85866
0.849615
0.839606
0.830194
0.822202
0.815886
0.811341
0.808626
0.807961
0.809726
0.814174
0.821125
0.829713
0.838548
0.846288
0.852206
0.856289
0.858717
0.859319
0.857489
0.85283
0.845474
0.835986
0.825237
0.814079
0.80347
0.794399
0.787836
0.784579
0.785
0.788973
0.795753
0.803943
0.811599
0.816556
0.816837
0.811023
0.798646
0.780336
0.757645
0.732867
0.708733
0.688094
0.673622
0.667555
0.671324
0.685264
0.708305
0.737837
0.770003
0.800406
0.824976
0.840747
0.846374
0.842262
0.830635
0.81521
0.800391
0.790008
0.78633
0.789728
0.799029
0.812359
0.827674
0.843168
0.857433
0.869491
0.878782
0.885036
0.888138
0.888191
0.88561
0.881099
0.875504
0.869405
0.862795
0.855137
0.845787
0.834435
0.821397
0.807675
0.794696
0.784048
0.777198
0.775144
0.778027
0.784955
0.793916
0.802167
0.806988
0.806551
0.800426
0.789765
0.77712
0.765939
0.759676
0.760792
0.7699
0.785689
0.805601
0.826659
0.846219
0.862279
0.873646
0.880058
0.882356
0.882205
0.881782
0.883061
0.887109
0.893629
0.900956
0.906485
0.907427
0.901487
0.887485
0.865685
0.83783
0.807016
0.777203
0.752493
0.736269
0.73001
0.73266
0.740992
0.750951
0.759086
0.763437
0.763744
0.761176
0.757814
0.755871
0.757039
0.761985
0.770292
0.780758
0.791981
0.802673
0.811891
0.819119
0.824198
0.82726
0.828608
0.828627
0.827552
0.825568
0.822956
0.820207
0.818079
0.817411
0.818898
0.822889
0.829285
0.837558
0.846793
0.856006
0.864257
0.870811
0.875105
0.876735
0.875632
0.87216
0.867037
0.861044
0.854617
0.847634
0.839685
0.830388
0.819756
0.808315
0.796899
0.786307
0.776999
0.769068
0.762439
0.757187
0.75356
0.751821
0.751839
0.752992
0.754335
0.755144
0.755444
0.756215
0.758981
0.765207
0.775535
0.789394
0.805243
0.821186
0.835545
0.846839
0.853791
0.85548
0.851817
0.84382
0.833506
0.823044
0.813981
0.807095
0.802536
0.79999
0.798721
0.797606
0.795407
0.791204
0.784679
0.776492
0.768235
0.761991
0.759677
0.762475
0.77072
0.783932
0.801103
0.820932
0.841882
0.862289
0.880399
0.894456
0.902817
0.904215
0.898115
0.885095
0.867059
0.847242
0.829566
0.817534
0.813143
0.816431
0.825593
0.837862
0.850471
0.861313
0.869203
0.873534
0.873971
0.870186
0.861885
0.84911
0.832364
0.812905
0.792862
0.774823
0.761234
0.753801
0.753036
0.758398
0.768627
0.782046
0.796744
0.810889
0.823056
0.832564
0.839547
0.84472
0.84895
0.852744
0.855994
0.858069
0.858158
0.855592
0.849836
0.840553
0.827603
0.811283
0.7928
0.774473
0.759424
0.750243
0.747546
0.749628
0.75353
0.756631
0.757771
0.757551
0.757744
0.760424
0.76686
0.776801
0.788555
0.799613
0.807862
0.812438
0.813977
0.814079
0.814329
0.815373
0.81648
0.815902
0.811844
0.803489
0.791691
0.77919
0.769924
0.767506
0.77358
0.787107
0.80524
0.824873
0.843785
0.860846
0.875667
0.888151
0.89825
0.905872
0.910824
0.912834
0.911636
0.90706
0.899119
0.888075
0.874386
0.858787
0.842225
0.825828
0.810697
0.797614
0.786963
0.778872
0.773604
0.771984
0.775093
0.783279
0.795438
0.80917
0.821585
0.830241
0.833815
0.832165
0.826255
0.817534
0.807468
0.797292
0.787885
0.779962
0.774112
0.770683
0.769683
0.770772
0.773326
0.776775
0.780729
0.785081
0.789844
0.794953
0.800186
0.805187
0.809534
0.812796
0.814637
0.814792
0.8132
0.809951
0.805317
0.799742
0.793741
0.787954
0.78307
0.779835
0.778891
0.780437
0.784109
0.789143
0.79468
0.800276
0.806085
0.812568
0.819905
0.827537
0.834271
0.838765
0.840058
0.837973
0.833354
0.827836
0.823442
0.821994
0.824379
0.830253
0.838368
0.847141
0.855249
0.861896
0.866742
0.869486
0.869518
0.866081
0.858767
0.847909
0.834541
0.820187
0.806496
0.794834
0.786104
0.780789
0.779042
0.78068
0.785043
0.790998
0.797092
0.801946
0.804618
0.804938
0.803557
0.801737
0.800879
0.802177
0.806378
0.813648
0.823575
0.835098
0.846752
0.85711
0.865087
0.870126
0.87208
0.870958
0.866831
0.859907
0.850579
0.839472
0.827552
0.815922
0.805703
0.797934
0.793393
0.792387
0.794526
0.798481
0.802205
0.803547
0.800889
0.79355
0.78197
0.767439
0.75178
0.737127
0.725695
0.719488
0.719938
0.727503
0.74158
0.760501
0.781981
0.803471
0.822541
0.837322
0.846884
0.851243
0.851166
0.847895
0.842772
0.837262
0.832838
0.830846
0.832221
0.837211
0.845241
0.854799
0.863812
0.87018
0.872407
0.869996
0.863555
0.854358
0.843939
0.833662
0.824372
0.816445
0.809962
0.804651
0.799921
0.795212
0.790303
0.785607
0.782102
0.780972
0.783103
0.788612
0.796859
0.80661
0.816206
0.823883
0.828201
0.828378
0.824483
0.817247
0.807925
0.798088
0.789305
0.7829
0.779615
0.77953
0.782056
0.786154
0.790702
0.794616
0.797291
0.798734
0.799497
0.800283
0.801454
0.802721
0.803396
0.802762
0.800347
0.796251
0.791161
0.786333
0.783222
0.782975
0.786195
0.792785
0.802151
0.813373
0.825302
0.836701
0.846407
0.853428
0.857204
0.857868
0.856175
0.853169
0.84974
0.846327
0.842987
0.839757
0.836953
0.834909
0.833549
0.832035
0.829066
0.823504
0.815171
0.805157
0.795498
0.788279
0.784913
0.785798
0.790362
0.797326
0.805024
0.811783
0.816355
0.818336
0.818363
0.817901
0.8185
0.82107
0.825553
0.831167
0.836843
0.841488
0.844075
0.843672
0.839773
0.832599
0.823404
0.814309
0.807619
0.804832
0.806091
0.810314
0.815945
0.82154
0.826159
0.829401
0.831219
0.831916
0.831957
0.831605
0.830605
0.828245
0.823652
0.816442
0.807205
0.79753
0.789595
0.785546
0.786702
0.793094
0.803544
0.816081
0.828485
0.838661
0.84499
0.846514
0.842911
0.834473
0.821926
0.806336
0.78907
0.77178
0.756202
0.744033
0.736733
0.735179
0.739567
0.749319
0.763032
0.778696
0.794117
0.807337
0.816936
0.82203
0.822287
0.81774
0.808749
0.795984
0.780323
0.762891
0.74522
0.729364
0.717911
0.713505
0.717994
0.731484
0.752053
0.776235
0.800317
0.821571
0.838788
0.852241
0.863077
0.872709
0.882137
0.891714
0.901037
0.909102
0.914478
0.915644
0.911373
0.901208
0.885642
0.866148
0.845118
0.825403
0.809703
0.799907
0.796594
0.799082
0.805795
0.814841
0.824312
0.832415
0.837653
0.839044
0.836093
0.828933
0.818181
0.805017
0.791123
0.778504
0.769117
0.764344
0.764428
0.768396
0.774435
0.780557
0.785233
0.787742
0.788165
0.787248
0.786152
0.786084
0.78804
0.792554
0.799656
0.808703
0.818396
0.826952
0.832467
0.833435
0.829119
0.819707
0.806572
0.792286
0.780219
0.773462
0.773487
0.779468
0.78872
0.79814
0.805381
0.809235
0.809598
0.807416
0.804603
0.80365
0.806882
0.815695
0.829903
0.847751
0.866339
0.882489
0.893553
0.898042
0.895649
0.887074
0.873642
0.856952
0.838555
0.819715
0.801393
0.784298
0.76908
0.756655
0.748255
0.745303
0.748968
0.759399
0.775337
0.794246
0.812934
0.828311
0.837939
0.840394
0.835194
0.822816
0.804699
0.783224
0.761495
0.742884
0.730219
0.724961
0.726894
0.734718
0.747138
0.763187
0.781983
0.802312
0.822576
0.841024
0.856087
0.866614
0.872114
0.872804
0.869373
0.862788
0.854067
0.844232
0.834187
0.824521
0.815329
0.806117
0.795947
0.783894
0.769723
0.754465
0.740307
0.730104
0.726668
0.731915
0.746296
0.76856
0.796129
0.825507
0.852939
0.874974
0.8891
0.894092
0.890286
0.87972
0.865643
0.851622
0.840496
0.833874
0.832268
0.835371
0.842229
0.851146
0.859929
0.866349
0.868635
0.865848
0.858149
0.846443
0.832145
0.816799
0.801813
0.788432
0.777818
0.77089
0.76813
0.769307
0.773612
0.780065
0.787731
0.795815
0.803548
0.809949
0.813954
0.814775
0.812312
0.807333
0.801401
0.796646
0.795278
0.798825
0.807589
0.820329
0.834597
0.847768
0.858132
0.865564
0.871165
0.876073
0.880238
0.882099
0.879471
0.870905
0.856489
0.837966
0.81808
0.79978
0.785434
0.776313
0.772487
0.772998
0.776312
0.780967
0.785792
0.789995
0.792977
0.794327
0.794115
0.792921
0.791536
0.790616
0.790511
0.791551
0.794373
0.799966
0.809077
0.821546
0.836034
0.8503
0.861818
0.86858
0.869588
0.864834
0.85515
0.841911
0.826817
0.811802
0.799013
0.790416
0.787384
0.790054
0.797257
0.807072
0.817435
0.826483
0.832743
0.835247
0.833591
0.828058
0.81971
0.810074
0.800597
0.792274
0.785647
0.781103
0.779062
0.779688
0.782808
0.787892
0.794312
0.801437
0.808489
0.814565
0.818669
0.819965
0.818077
0.813049
0.805269
0.795334
0.784058
0.772568
0.762383
0.755358
0.753179
0.756736
0.76574
0.778839
0.794347
0.810888
0.82757
0.843764
0.858902
0.872285
0.883163
0.890771
0.894217
0.892516
0.884868
0.871133
0.85198
0.828779
0.803381
0.77791
0.75453
0.735334
0.72212
0.716092
0.717496
0.725571
0.738547
0.753996
0.769247
0.782009
0.790951
0.79624
0.799507
0.803125
0.809232
0.818736
0.830958
0.843825
0.854841
0.861791
0.863268
0.859036
0.850011
0.837983
0.824976
0.812563
0.80151
0.791891
0.783568
0.776771
0.772495
0.772169
0.776916
0.786678
0.799781
0.813497
0.825036
0.832357
0.834581
0.832039
0.826042
0.818441
0.81124
0.806167
0.804437
0.80654
0.811996
0.819566
0.827607
0.834643
0.839685
0.842299
0.842339
0.839836
0.83489
0.827848
0.819352
0.810412
0.802251
0.796116
0.792986
0.79327
0.79671
0.802575
0.809973
0.818069
0.826176
0.833608
0.839512
0.842717
0.842106
0.836975
0.827438
0.814672
0.80082
0.788707
0.781282
0.780605
0.787356
0.800675
0.818436
0.837898
0.856228
0.870956
0.880375
0.883697
0.88114
0.873908
0.863825
0.852905
0.842657
0.833704
0.825846
0.81843
0.810846
0.802877
0.794679
0.786802
0.780069
0.775286
0.772941
0.772958
0.774913
0.778462
0.783555
0.790257
0.798262
0.806825
0.81492
0.821605
0.826037
0.827492
0.825323
0.819222
0.809503
0.797286
0.784461
0.773373
0.7662
0.764232
0.767511
0.77482
0.784322
0.794435
0.804512
0.814868
0.82627
0.839093
0.852648
0.865215
0.87459
0.878952
0.877377
0.870047
0.857944
0.842536
0.825555
0.808893
0.794408
0.783726
0.777847
0.77686
0.779955
0.785808
0.792978
0.80029
0.807107
0.813262
0.818845
0.823955
0.828477
0.831999
0.833989
0.833962
0.831638
0.826981
0.820223
0.811884
0.802601
0.793233
0.784771
0.778102
0.773875
0.772327
0.773342
0.776849
0.783054
0.792288
0.804465
0.818689
0.83327
0.846528
0.857434
0.865634
0.871011
0.873298
0.872304
0.868098
0.861051
0.851703
0.840615
0.828338
0.815609
0.803301
0.792328
0.783471
0.777129
0.773225
0.771257
0.77047
0.770287
0.770579
0.77178
0.774575
0.779443
0.78632
0.794639
0.803576
0.812238
0.819737
0.825129
0.827599
0.826649
0.822346
0.815595
0.807925
0.801213
0.797183
0.796869
0.800431
0.807176
0.815754
0.824542
0.831954
0.836842
0.838468
0.836481
0.830858
0.822052
0.81149
0.801939
0.796902
0.798935
0.808276
0.823235
0.841378
0.860194
0.877451
0.891303
0.900384
0.903769
0.900986
0.891958
0.877109
0.857354
0.834168
0.809461
0.785203
0.763093
0.744487
0.730632
0.722864
0.722303
0.729221
0.742876
0.761553
0.782871
0.804282
0.823457
0.838641
0.848639
0.852824
0.851023
0.843693
0.832027
0.818043
0.804284
0.793193
0.786568
0.785124
0.788511
0.795665
0.805176
0.815672
0.826084
0.835567
0.843343
0.848627
0.850642
0.848765
0.842863
0.833468
0.821821
0.809525
0.798013
0.788392
0.781182
0.776559
0.774539
0.775138
0.778292
0.783988
0.792115
0.802395
0.814258
0.82659
0.837818
0.846272
0.850606
0.850286
0.845664
0.837511
0.826923
0.815273
0.804446
0.796649
0.793819
0.796936
0.80554
0.81793
0.831848
0.845186
0.856409
0.864675
0.869571
0.870911
0.868507
0.862229
0.852024
0.838137
0.821333
0.802812
0.784143
0.766835
0.751891
0.739551
0.729547
0.72154
0.715522
0.712004
0.71181
0.715729
0.724365
0.738032
0.756631
0.77957
0.80578
0.833665
0.861118
0.885671
0.904713
0.915858
0.917376
0.908556
0.889959
0.863501
0.832267
0.800098
0.770996
0.748496
0.735173
0.732354
0.739967
0.756564
0.779672
0.806221
0.832997
0.857034
0.875897
0.887846
0.891877
0.887781
0.876128
0.85813
0.835499
0.810304
0.785003
0.762418
0.745613
0.737423
0.739649
0.752175
0.77276
0.79763
0.822602
0.844062
0.85945
0.867474
0.868178
0.862696
0.852951
0.841192
0.829437
0.819026
0.810497
0.803634
0.797683
0.791648
0.784775
0.776889
0.768652
0.761391
0.756769
0.756334
0.760937
0.770317
0.783083
0.797153
0.810299
0.820664
0.826995
0.828786
0.826154
0.819931
0.811601
0.803081
0.796271
0.792584
0.792664
0.796373
0.803127
0.812231
0.823064
0.835026
0.847242
0.858353
0.866706
0.870682
0.869302
0.862667
0.852282
0.840786
0.831272
0.826258
0.82695
0.833146
0.843547
0.856124
0.868385
0.877619
0.881387
0.877961
0.866775
0.848667
0.825842
0.801509
0.779202
0.762102
0.7523
0.750543
0.756073
0.766862
0.780141
0.792938
0.802654
0.807365
0.80618
0.799331
0.788198
0.775086
0.76281
0.754101
0.750846
0.753471
0.760686
0.769933
0.778496
0.784265
0.786386
0.785355
0.782958
0.781626
0.783689
0.790635
0.802698
0.818944
0.837827
0.857688
0.877056
0.894765
0.909844
0.921292
0.927893
0.928412
0.921817
0.907566
0.885767
0.857522
0.825277
0.792934
0.765425
0.747496
0.741991
0.74866
0.764376
0.784485
0.804461
0.820876
0.831771
0.83647
0.83528
0.829219
0.819906
0.809234
0.799161
0.791569
0.787957
0.78922
0.795522
0.806193
0.819656
0.833621
0.845487
0.852999
0.854903
0.851386
0.844049
0.835299
0.82746
0.822183
0.820118
0.821102
0.824541
0.829571
0.835154
0.840125
0.84329
0.843425
0.839515
0.830995
0.818067
0.801924
0.784671
0.768735
0.756255
0.748559
0.746223
0.749183
0.756856
0.767966
0.780776
0.793514
0.804748
0.813704
0.820305
0.824964
0.828124
0.829855
0.829726
0.82703
0.82115
0.811961
0.800256
0.787806
0.777085
0.770623
0.77016
0.776114
0.787618
0.803122
0.820996
0.83965
0.857528
0.873089
0.884809
0.891402
0.891852
0.885533
0.872351
0.852899
0.828584
0.80192
0.776653
0.757278
0.747793
0.749851
0.762064
0.780621
0.800721
0.818136
0.830109
0.835697
0.835498
0.831198
0.825037
0.819461
0.816596
0.817705
0.822786
0.830433
0.838287
0.843672
0.844241
0.838726
0.827275
0.81157
0.794654
0.779979
0.770491
0.767779
0.771817
0.781235
0.793777
0.806931
0.818419
0.826612
0.830636
0.83038
0.826429
0.819818
0.811819
0.803747
0.796847
0.792114
0.789979
0.790148
0.79158
0.792807
0.792578
0.790267
0.786183
0.781447
0.77754
0.775735
0.776643
0.780062
0.785091
0.790536
0.795459
0.799431
0.802754
0.806276
0.810929
0.817243
0.824846
0.832387
0.837966
0.839801
0.836849
0.829152
0.817902
0.805225
0.793522
0.784723
0.7798
0.778874
0.781703
0.788108
0.79801
0.811105
0.826638
0.843219
0.859008
0.871951
0.880413
0.883461
0.880968
0.873604
0.862585
0.849644
0.836686
0.825426
0.817134
0.812361
0.810938
0.812037
0.814448
0.816864
0.818422
0.819056
0.819303
0.819827
0.821016
0.82298
0.825858
0.830071
0.836063
0.843922
0.853192
0.862835
0.871631
0.878362
0.881972
0.881548
0.876267
0.865712
0.850188
0.831034
0.810804
0.792888
0.780436
0.775127
0.776432
0.781953
0.788545
0.793294
0.794043
0.789416
0.778811
0.762671
0.742851
0.722829
0.707127
0.699546
0.701344
0.710783
0.724579
0.739814
0.754995
0.7701
0.785645
0.801676
0.817025
0.82976
0.838171
0.841641
0.840805
0.837107
0.832301
0.828085
0.825855
0.82653
0.830639
0.838275
0.849021
0.861767
0.874913
0.88653
0.894696
0.897966
0.895801
0.888728
0.878153
0.865807
0.853254
0.841538
0.83119
0.822594
0.816212
0.812492
0.811496
0.812683
0.815018
0.817426
0.819072
0.819395
0.818104
0.815107
0.810421
0.804172
0.796534
0.787842
0.778723
0.770142
0.763277
0.759183
0.758627
0.761831
0.768397
0.777394
0.787489
0.79729
0.80557
0.811335
0.813768
0.812318
0.806719
0.797375
0.785596
0.773594
0.764127
0.759535
0.760767
0.767217
0.777219
0.789134
0.801899
0.814745
0.826801
0.836942
0.844248
0.84863
0.851063
0.853363
0.857451
0.864415
0.874092
0.885096
0.895397
0.903179
0.907482
0.908279
0.906246
0.902308
0.897278
0.891633
0.885479
0.87845
0.869963
0.859549
0.847093
0.832937
0.817872
0.802819
0.788593
0.775361
0.762778
0.750276
0.73761
0.72522
0.714205
0.706113
0.702366
0.703913
0.711145
0.724121
0.742699
0.766287
0.792936
0.819146
0.840858
0.855052
0.860625
0.858251
0.849649
0.836737
0.821367
0.805411
0.790884
0.779947
0.774496
0.775567
0.782779
0.794327
0.80759
0.820129
0.830204
0.836864
0.839871
0.839567
0.836698
0.832336
0.827645
0.823699
0.821323
0.821
0.8229
0.82676
0.831879
0.837151
0.841273
0.843082
0.841868
0.837642
0.831059
0.823236
0.815486
0.809021
0.804768
0.803279
0.804617
0.808479
0.81426
0.821283
0.828797
0.835721
0.840684
0.842338
0.840007
0.83417
0.826398
0.81889
0.813635
0.811764
0.813171
0.816845
0.821427
0.825616
0.828419
0.82934
0.828407
0.826161
0.823336
0.820663
0.818657
0.817562
0.817186
0.817118
0.817098
0.817194
0.817875
0.819578
0.822262
0.825202
0.827398
0.828119
0.827124
0.824554
0.820628
0.815514
0.809347
0.802442
0.795558
0.78996
0.78697
0.787408
0.790951
0.796074
0.800726
0.80327
0.803085
0.800929
0.798922
0.799656
0.804846
0.814381
0.826505
0.838774
0.849051
0.855772
0.857968
0.855231
0.84752
0.835304
0.819374
0.801038
0.782044
0.764575
0.751023
0.743349
0.742595
0.748396
0.758999
0.771947
0.784949
0.796516
0.806169
0.814207
0.821289
0.8279
0.833989
0.838914
0.841717
0.841814
0.839422
0.835411
0.830538
0.825006
0.818623
0.811355
0.803576
0.796179
0.790349
0.787525
0.789514
0.798256
0.814614
0.836881
0.860449
0.879783
0.891125
0.893578
0.8885
0.87826
0.865028
0.850373
0.835425
0.821247
0.808791
0.798749
0.79132
0.786245
0.783057
0.781298
0.780487
0.780033
0.779208
0.777241
0.773503
0.767914
0.761151
0.754666
0.750411
0.750218
0.755302
0.766104
0.782452
0.803518
0.82765
0.852285
0.874482
0.891511
0.901424
0.903261
0.897009
0.88364
0.864776
0.842435
0.818901
0.796567
0.77771
0.764176
0.75712
0.756811
0.762664
0.773345
0.78702
0.801727
0.815918
0.828756
0.839962
0.84935
0.856436
0.860409
0.860509
0.856332
0.848073
0.836617
0.823405
0.810215
0.798761
0.790341
0.785659
0.784655
0.786495
0.789852
0.793275
0.795693
0.796844
0.797356
0.798427
0.801202
0.805981
0.812123
0.818674
0.825206
0.831888
0.839135
0.847035
0.854987
0.861749
0.865872
0.866217
0.862267
0.854158
0.842658
0.828869
0.814163
0.800309
0.789139
0.782005
0.779395
0.780718
0.784615
0.789629
0.794573
0.798735
0.801662
0.803123
0.802983
0.80122
0.798144
0.794517
0.791565
0.790606
0.792612
0.79766
0.80499
0.813447
0.821847
0.829342
0.835347
0.839716
0.842732
0.845095
0.847842
0.851893
0.857332
0.863142
0.867439
0.868156
0.863915
0.854392
0.840399
0.823544
0.805946
0.789815
0.776926
0.768473
0.765039
0.766661
0.772824
0.78241
0.793793
0.805111
0.814621
0.821098
0.823917
0.822968
0.818609
0.811715
0.803515
0.795502
0.789264
0.786342
0.788064
0.795036
0.806691
0.821162
0.835752
0.8478
0.855558
0.858645
0.857904
0.854751
0.850381
0.845016
0.837875
0.827814
0.814272
0.797781
0.779837
0.762366
0.747122
0.735337
0.727661
0.724555
0.726389
0.733303
0.744901
0.760173
0.777723
0.796161
0.814454
0.831818
0.847439
0.860226
0.869038
0.873179
0.872881
0.869191
0.863381
0.85616
0.847503
0.837067
0.824741
0.811018
0.797035
0.784239
0.774236
0.768551
0.768529
0.775117
0.788436
0.807393
0.829624
0.851968
0.871227
0.884901
0.891563
0.890881
0.883404
0.870399
0.85367
0.835469
0.818162
0.803784
0.79358
0.78788
0.786114
0.787171
0.789621
0.791985
0.793077
0.792299
0.789618
0.78533
0.779955
0.774403
0.770143
0.769004
0.772278
0.779884
0.790262
0.801016
0.809938
0.815521
0.817168
0.815179
0.810586
0.804773
0.799054
0.794361
0.791263
0.79013
0.791232
0.794548
0.799626
0.805569
0.811222
0.815655
0.818522
0.820133
0.821273
0.822814
0.825226
0.828382
0.831543
0.833596
0.833427
0.830271
0.824124
0.815925
0.807421
0.800808
0.797951
0.799593
0.805041
0.812534
0.819904
0.825258
0.827363
0.825802
0.821117
0.814953
0.810131
0.810292
0.818222
0.833945
0.854144
0.87358
0.887105
0.89086
0.882695
0.862469
0.832331
0.796729
0.761912
0.734293
0.718492
0.716517
0.727911
0.750311
0.779738
0.811054
0.838965
0.859153
0.86898
0.867954
0.857728
0.841637
0.823867
0.808333
0.797652
0.792992
0.79445
0.801542
0.813384
0.828475
0.844561
0.858783
0.868214
0.87051
0.864539
0.850914
0.83214
0.812109
0.794875
0.783306
0.778383
0.779487
0.785316
0.794429
0.805497
0.817126
0.827793
0.835968
0.840486
0.840873
0.837608
0.832003
0.825933
0.821307
0.819287
0.820069
0.822938
0.826794
0.830728
0.834379
0.837707
0.840702
0.843025
0.844162
0.84368
0.841341
0.83699
0.830425
0.821434
0.809948
0.796298
0.781375
0.766533
0.753376
0.743465
0.738055
0.737936
0.743426
0.754177
0.768944
0.785591
0.801404
0.813955
0.821851
0.825231
0.825544
0.824786
0.824415
0.824978
0.826143
0.827071
0.826748
0.824066
0.818292
0.80938
0.798375
0.787302
0.778638
0.774268
0.774541
0.778018
0.782218
0.784893
0.78507
0.783372
0.78151
0.781565
0.785186
0.793258
0.805712
0.821472
0.838506
0.854088
0.865796
0.872154
0.872899
0.868847
0.861551
0.852954
0.844991
0.83921
0.836129
0.835034
0.834497
0.833315
0.831178
0.828665
0.826707
0.825956
0.826639
0.828544
0.831222
0.834059
0.836306
0.837144
0.835883
0.832326
0.826978
0.821034
0.815799
0.812165
0.810131
0.809038
0.808059
0.806852
0.805886
0.806163
0.808685
0.813832
0.82103
0.829002
0.836037
0.840262
0.840023
0.834238
0.822667
0.806017
0.785997
0.765155
0.746665
0.733821
0.729391
0.734569
0.748271
0.767308
0.787583
0.805653
0.819518
0.828627
0.833294
0.834122
0.831572
0.825958
0.817596
0.806855
0.79447
0.781603
0.769915
0.761491
0.758349
0.761753
0.771759
0.787017
0.805044
0.822946
0.838056
0.848469
0.853302
0.852895
0.848587
0.842281
0.835724
0.830054
0.82573
0.822728
0.820951
0.820453
0.821376
0.823742
0.827319
0.831461
0.835222
0.837537
0.837733
0.835829
0.832621
0.829215
0.826466
0.82445
0.822789
0.821218
0.82015
0.820359
0.822367
0.825749
0.82909
0.830633
0.829208
0.824805
0.818505
0.811997
0.806819
0.803728
0.802651
0.803262
0.805344
0.808926
0.813881
0.819577
0.824942
0.828993
0.831491
0.833036
0.834614
0.836967
0.840052
0.843042
0.844676
0.843994
0.840887
0.836181
0.831239
0.827373
0.825333
0.825098
0.826059
0.827282
0.827894
0.827182
0.824557
0.819525
0.81168
0.800713
0.786525
0.76937
0.750315
0.731502
0.715981
0.706872
0.706233
0.714297
0.729632
0.749869
0.772511
0.795327
0.816557
0.834739
0.848835
0.858409
0.863589
0.865026
0.86365
0.860521
0.856562
0.852637
0.849603
0.848108
0.848537
0.850713
0.854042
0.857964
0.862138
0.86645
0.870467
0.873045
0.872488
0.867318
0.857086
0.842806
0.826816
0.812056
0.800916
0.794417
0.79199
0.791912
0.792021
0.790758
0.787663
0.783666
0.780666
0.780686
0.784924
0.792951
0.802822
0.811947
0.818084
0.82007
0.818011
0.813089
0.806996
0.801403
0.797368
0.795211
0.79465
0.795161
0.796173
0.797174
0.797868
0.798156
0.798219
0.798387
0.798918
0.799728
0.800239
0.799508
0.796593
0.79129
0.784543
0.778374
0.775118
0.776395
0.782303
0.791394
0.801353
0.809806
0.814848
0.815183
0.810037
0.799248
0.783372
0.763709
0.742333
0.721948
0.705355
0.694795
0.691559
0.695853
0.706934
0.723538
0.744219
0.767608
0.792396
0.817179
0.840334
0.86008
0.874933
0.883972
0.887054
0.884764
0.878152
0.868371
0.856604
0.844056
0.832008
0.821902
0.815212
0.813146
0.816023
0.823028
0.832159
0.840766
0.846193
0.846498
0.841019
0.830596
0.817369
0.804269
0.794312
0.78967
0.791016
0.797244
0.805769
0.813455
0.817609
0.816658
0.810422
0.799905
0.787019
0.774071
0.7635
0.757541
0.757867
0.765233
0.7792
0.798092
0.819568
0.841255
0.86122
0.878126
0.891313
0.900567
0.905891
0.907383
0.905074
0.898896
0.888662
0.874342
0.856363
0.835814
0.814322
0.793696
0.775349
0.759866
0.747017
0.736241
0.727243
0.720421
0.716639
0.716704
0.721029
0.729586
0.741805
0.756627
0.772558
0.787858
0.80069
0.80945
0.812929
0.810538
0.802462
0.789858
0.774775
0.759955
0.748337
0.742506
0.74426
0.754185
0.771525
0.794302
0.819778
0.845035
0.867458
0.885119
0.896892
0.902433
0.901997
0.896429
0.886846
0.874563
0.8609
0.847185
0.834773
0.824913
0.818341
0.814838
0.813455
0.813543
0.815241
0.819051
0.825119
0.83306
0.842059
0.85124
0.859769
0.866808
0.871442
0.872752
0.869845
0.862081
0.849372
0.832452
0.81291
0.792825
0.774227
0.758487
0.746146
0.737065
0.73099
0.727945
0.728229
0.732093
0.73934
0.749151
0.760087
0.770442
0.778689
0.783751
0.785159
0.783049
0.777833
0.769966
0.760134
0.749358
0.739298
0.732049
0.729526
0.732923
0.742276
0.756531
0.773884
0.792451
0.810643
0.827334
0.841776
0.853323
0.861471
0.865906
0.866684
0.864275
0.859496
0.853412
0.847241
0.842107
0.838806
0.837589
0.83816
0.839609
0.840731
0.840476
0.838263
0.834279
0.829433
0.82487
0.821431
0.81948
0.818946
0.819496
0.820662
0.822091
0.823489
0.82477
0.826183
0.82804
0.830555
0.833663
0.836929
0.839861
0.842159
0.843879
0.845437
0.84734
0.84963
0.851739
0.852853
0.852403
0.850234
0.846478
0.841379
0.835023
0.827354
0.818416
0.808517
0.798439
0.789136
0.781415
0.775527
0.770994
0.766688
0.761104
0.7529
0.741342
0.726769
0.710644
0.695265
0.683433
0.677897
0.680521
0.691525
0.709613
0.732635
0.758165
0.783747
0.807025
0.826076
0.839866
0.848358
0.852662
0.854653
0.856517
0.860202
0.86689
0.876756
0.888896
0.901539
0.912369
0.919255
0.920717
0.916215
0.906232
0.891902
0.874582
0.855794
0.837232
0.820525
0.80718
0.798219
0.793968
0.793897
0.796948
0.801775
0.806789
0.8103
0.810703
0.80676
0.798284
0.786479
0.773732
0.762885
0.756293
0.755427
0.760926
0.772692
0.789844
0.81074
0.833202
0.854958
0.873997
0.888676
0.897762
0.900523
0.896872
0.88761
0.87435
0.859236
0.84448
0.831603
0.821133
0.812613
0.804965
0.797023
0.787972
0.777651
0.766518
0.755495
0.745861
0.73898
0.736047
0.737782
0.744147
0.75444
0.767452
0.781717
0.795489
0.807178
0.81571
0.820889
0.823404
0.824306
0.824347
0.823571
0.821611
0.818074
0.812887
0.806521
0.800031
0.794902
0.792546
0.793821
0.798576
0.805673
0.813512
0.820774
0.826825
0.831719
0.83602
0.840505
