-6.63453
-6.64634
-6.65861
-6.67156
-6.6777
-6.67792
-6.67469
-6.66734
-6.65986
-6.6532
-6.64606
-6.64096
-6.63557
-6.6317
-6.62739
-6.62578
-6.62196
-6.61981
-6.61651
-6.60774
-6.59698
-6.58115
-6.56862
-6.56163
-6.56425
-6.57691
-6.60301
-6.63478
-6.66831
-6.69434
-6.71291
-6.71685
-6.71172
-6.69767
-6.67972
-6.66386
-6.65724
-6.65473
-6.66115
-6.67293
-6.68247
-6.6925
-6.69919
-6.70209
-6.70007
-6.69097
-6.67489
-6.6529
-6.63107
-6.60886
-6.59122
-6.5791
-6.57746
-6.58148
-6.58991
-6.59889
-6.60831
-6.61203
-6.61127
-6.6039
-6.59086
-6.5837
-6.57674
-6.5762
-6.58753
-6.60594
-6.62815
-6.64892
-6.66458
-6.67572
-6.67948
-6.67556
-6.66809
-6.65341
-6.63619
-6.62092
-6.60755
-6.59952
-6.59678
-6.59789
-6.60102
-6.61047
-6.62167
-6.63659
-6.6518
-6.66622
-6.68459
-6.70003
-6.71253
-6.72206
-6.72648
-6.72671
-6.71784
-6.70753
-6.69154
-6.67255
-6.65375
-6.63788
-6.62504
-6.62356
-6.62852
-6.63628
-6.6484
-6.66356
-6.67922
-6.6912
-6.69921
-6.7017
-6.69944
-6.69734
-6.68811
-6.67418
-6.65366
-6.63122
-6.60927
-6.59012
-6.57633
-6.57137
-6.56827
-6.57124
-6.57643
-6.57919
-6.58287
-6.58499
-6.58622
-6.58932
-6.58776
-6.5856
-6.58524
-6.58754
-6.59361
-6.60343
-6.61868
-6.63561
-6.65249
-6.66766
-6.68112
-6.69119
-6.69448
-6.6875
-6.6708
-6.64707
-6.62169
-6.59822
-6.57952
-6.56711
-6.5641
-6.56872
-6.57815
-6.59419
-6.61298
-6.63037
-6.64441
-6.65553
-6.66563
-6.67253
-6.67811
-6.6801
-6.6773
-6.67367
-6.66726
-6.65881
-6.64854
-6.6413
-6.63677
-6.64045
-6.65207
-6.66887
-6.69086
-6.71621
-6.7383
-6.75781
-6.77091
-6.7751
-6.77335
-6.75918
-6.74306
-6.72093
-6.69292
-6.65977
-6.62693
-6.59436
-6.56533
-6.54327
-6.52835
-6.5265
-6.53598
-6.55618
-6.58151
-6.60707
-6.62713
-6.64296
-6.65015
-6.65155
-6.64433
-6.63052
-6.6108
-6.58619
-6.55896
-6.53291
-6.5128
-6.49904
-6.49542
-6.50124
-6.51615
-6.54036
-6.57238
-6.60782
-6.64378
-6.68037
-6.71381
-6.74172
-6.76631
-6.78235
-6.79279
-6.79515
-6.79101
-6.78189
-6.76969
-6.75835
-6.7474
-6.73891
-6.72808
-6.71785
-6.70327
-6.68727
-6.66881
-6.6431
-6.61561
-6.58686
-6.56183
-6.5446
-6.54143
-6.54512
-6.55721
-6.57563
-6.59616
-6.61331
-6.62741
-6.63878
-6.64437
-6.64939
-6.65433
-6.65831
-6.6618
-6.66555
-6.66642
-6.66031
-6.64822
-6.63137
-6.61328
-6.59704
-6.58241
-6.57053
-6.56425
-6.56183
-6.56361
-6.56754
-6.57606
-6.58906
-6.61116
-6.63014
-6.65131
-6.66659
-6.67527
-6.67385
-6.66478
-6.65403
-6.64353
-6.63686
-6.62992
-6.62337
-6.61528
-6.60727
-6.5966
-6.58158
-6.56819
-6.56003
-6.5571
-6.56097
-6.57252
-6.59456
-6.61121
-6.62591
-6.63559
-6.64077
-6.64191
-6.6381
-6.63454
-6.62893
-6.62168
-6.61603
-6.6124
-6.61129
-6.61937
-6.6315
-6.65299
-6.67822
-6.70359
-6.72674
-6.74331
-6.75515
-6.75986
-6.75707
-6.75094
-6.73985
-6.72517
-6.7112
-6.69232
-6.67304
-6.65323
-6.63735
-6.62401
-6.61146
-6.60563
-6.60477
-6.60978
-6.61898
-6.62864
-6.64158
-6.65242
-6.66217
-6.67041
-6.67489
-6.67766
-6.67565
-6.66958
-6.65881
-6.64472
-6.63311
-6.62446
-6.61956
-6.6193
-6.62612
-6.63544
-6.64329
-6.64599
-6.64317
-6.6388
-6.62881
-6.61738
-6.60789
-6.59982
-6.59713
-6.60071
-6.60809
-6.62373
-6.64132
-6.66089
-6.68137
-6.69969
-6.71089
-6.72008
-6.72321
-6.72228
-6.71553
-6.69976
-6.68145
-6.66187
-6.64526
-6.6352
-6.62831
-6.62636
-6.6276
-6.62675
-6.62608
-6.62172
-6.61037
-6.59477
-6.5788
-6.56462
-6.55359
-6.54542
-6.54405
-6.5467
-6.55746
-6.57227
-6.59074
-6.61543
-6.64163
-6.66952
-6.69597
-6.71304
-6.72575
-6.73152
-6.72745
-6.71564
-6.69446
-6.67048
-6.64384
-6.61687
-6.595
-6.57557
-6.56289
-6.55835
-6.55723
-6.56296
-6.56795
-6.57744
-6.59237
-6.60613
-6.62042
-6.63308
-6.64248
-6.64822
-6.65178
-6.6503
-6.64822
-6.64599
-6.64858
-6.65352
-6.66227
-6.67674
-6.69415
-6.71066
-6.72443
-6.73585
-6.74269
-6.74075
-6.73612
-6.72597
-6.71546
-6.70857
-6.70341
-6.69788
-6.69081
-6.68422
-6.67186
-6.65784
-6.642
-6.62732
-6.61399
-6.60356
-6.59316
-6.58072
-6.56553
-6.55179
-6.53774
-6.52649
-6.52117
-6.52359
-6.53482
-6.55554
-6.58413
-6.61739
-6.64994
-6.68148
-6.70611
-6.7241
-6.73318
-6.74004
-6.74161
-6.73728
-6.73219
-6.72703
-6.72216
-6.7181
-6.7138
-6.70843
-6.69774
-6.68819
-6.67589
-6.66166
-6.65155
-6.63611
-6.62149
-6.6066
-6.58671
-6.56002
-6.53586
-6.51122
-6.49432
-6.48708
-6.48645
-6.49475
-6.51009
-6.52927
-6.54702
-6.56975
-6.58932
-6.61053
-6.63235
-6.65642
-6.6813
-6.70384
-6.72336
-6.73652
-6.74017
-6.73819
-6.73592
-6.72998
-6.72397
-6.71949
-6.71447
-6.71118
-6.70552
-6.69891
-6.69151
-6.68401
-6.67343
-6.66792
-6.66463
-6.66601
-6.67055
-6.67453
-6.67597
-6.67747
-6.67501
-6.66677
-6.65376
-6.63783
-6.61586
-6.59379
-6.56768
-6.53989
-6.51304
-6.48906
-6.47119
-6.46116
-6.46048
-6.46781
-6.48731
-6.5155
-6.55191
-6.59253
-6.63705
-6.67931
-6.7186
-6.74796
-6.76843
-6.78165
-6.79083
-6.79013
-6.78108
-6.76843
-6.75275
-6.73432
-6.71795
-6.70227
-6.68779
-6.67243
-6.65736
-6.63844
-6.61645
-6.59389
-6.57421
-6.55943
-6.55292
-6.55659
-6.57334
-6.59794
-6.62899
-6.65959
-6.68622
-6.70567
-6.71721
-6.72168
-6.72136
-6.71102
-6.69596
-6.67792
-6.65884
-6.63676
-6.61617
-6.59887
-6.58298
-6.57459
-6.57295
-6.57756
-6.58517
-6.59906
-6.61155
-6.62183
-6.63307
-6.64367
-6.65358
-6.66007
-6.66766
-6.67244
-6.67913
-6.68113
-6.68314
-6.68379
-6.68545
-6.69121
-6.70102
-6.71501
-6.72935
-6.73886
-6.74397
-6.73701
-6.72181
-6.69604
-6.66296
-6.6253
-6.58185
-6.53941
-6.50442
-6.48077
-6.47227
-6.47921
-6.50299
-6.535
-6.56895
-6.59696
-6.6151
-6.628
-6.63865
-6.64542
-6.65232
-6.66621
-6.68405
-6.70718
-6.73041
-6.75464
-6.77789
-6.79206
-6.79943
-6.7995
-6.79271
-6.78031
-6.77252
-6.76235
-6.75252
-6.74059
-6.72185
-6.69992
-6.67723
-6.65697
-6.63758
-6.6193
-6.60228
-6.5812
-6.55986
-6.54216
-6.52445
-6.51214
-6.50485
-6.50583
-6.51114
-6.52259
-6.54371
-6.5664
-6.59263
-6.62064
-6.64381
-6.65929
-6.66528
-6.6639
-6.65636
-6.64491
-6.63443
-6.62935
-6.62751
-6.6347
-6.64537
-6.65972
-6.67538
-6.68354
-6.6887
-6.6886
-6.68159
-6.67574
-6.66907
-6.65741
-6.64477
-6.63289
-6.62387
-6.61826
-6.61943
-6.62307
-6.62803
-6.63265
-6.63268
-6.62857
-6.61863
-6.60694
-6.59513
-6.58661
-6.58066
-6.58162
-6.58888
-6.59891
-6.61163
-6.62203
-6.63411
-6.6424
-6.65044
-6.65537
-6.65596
-6.65625
-6.65153
-6.64552
-6.63726
-6.63114
-6.62846
-6.63192
-6.64104
-6.65889
-6.68219
-6.70848
-6.73434
-6.75476
-6.7644
-6.76446
-6.75314
-6.73357
-6.70969
-6.6865
-6.66031
-6.63851
-6.62252
-6.60395
-6.58903
-6.57637
-6.56736
-6.56586
-6.56993
-6.58411
-6.60113
-6.62348
-6.64572
-6.66282
-6.67175
-6.67488
-6.66705
-6.65631
-6.64187
-6.62776
-6.61481
-6.60256
-6.58959
-6.5749
-6.55709
-6.54397
-6.53373
-6.52781
-6.53462
-6.55321
-6.58368
-6.62188
-6.66829
-6.715
-6.75657
-6.78699
-6.80333
-6.80131
-6.78442
-6.75998
-6.73224
-6.70767
-6.68456
-6.6672
-6.65638
-6.65248
-6.6519
-6.65295
-6.66103
-6.67277
-6.68565
-6.69674
-6.70423
-6.70882
-6.70337
-6.68853
-6.66348
-6.63202
-6.5993
-6.57125
-6.55169
-6.54373
-6.55039
-6.56614
-6.58572
-6.60847
-6.62968
-6.6456
-6.65698
-6.66354
-6.66743
-6.66758
-6.66483
-6.6621
-6.65738
-6.65694
-6.65615
-6.65582
-6.66188
-6.67243
-6.68743
-6.7052
-6.72319
-6.73639
-6.73828
-6.7362
-6.72302
-6.70402
-6.68362
-6.66552
-6.64896
-6.63261
-6.62284
-6.61051
-6.59906
-6.59014
-6.58322
-6.58222
-6.58365
-6.58876
-6.5961
-6.60568
-6.61547
-6.62408
-6.63515
-6.64173
-6.65213
-6.66282
-6.67577
-6.68731
-6.69406
-6.69961
-6.70285
-6.69802
-6.69001
-6.67521
-6.65545
-6.63155
-6.60865
-6.59153
-6.58296
-6.58151
-6.58516
-6.59455
-6.60405
-6.61369
-6.62111
-6.62251
-6.62564
-6.62653
-6.6273
-6.63156
-6.63813
-6.6473
-6.65702
-6.66408
-6.6722
-6.67963
-6.6857
-6.69029
-6.69005
-6.68706
-6.67933
-6.66807
-6.64823
-6.62134
-6.59428
-6.568
-6.54167
-6.51978
-6.5063
-6.4996
-6.50475
-6.51923
-6.54162
-6.57019
-6.60329
-6.63427
-6.66565
-6.69837
-6.72887
-6.74907
-6.76932
-6.78232
-6.78959
-6.79827
-6.80299
-6.79682
-6.78065
-6.75141
-6.71074
-6.6667
-6.62298
-6.5858
-6.5617
-6.54679
-6.54461
-6.55377
-6.56903
-6.58984
-6.61433
-6.63136
-6.63727
-6.63448
-6.6217
-6.61061
-6.60472
-6.60762
-6.61629
-6.62918
-6.64454
-6.66099
-6.67133
-6.67843
-6.68353
-6.68164
-6.6747
-6.66131
-6.64832
-6.63563
-6.62698
-6.62478
-6.6286
-6.63752
-6.65167
-6.66853
-6.68867
-6.70723
-6.72524
-6.73641
-6.73881
-6.73319
-6.71748
-6.69567
-6.66651
-6.63785
-6.61161
-6.59552
-6.59294
-6.60097
-6.62055
-6.64421
-6.67094
-6.69514
-6.71362
-6.72437
-6.73052
-6.73088
-6.72561
-6.71669
-6.70399
-6.6931
-6.67912
-6.66617
-6.65268
-6.63729
-6.62479
-6.61178
-6.59929
-6.58459
-6.57294
-6.56338
-6.56049
-6.56612
-6.57886
-6.59206
-6.60332
-6.60981
-6.60902
-6.59949
-6.58484
-6.56601
-6.5508
-6.53838
-6.53823
-6.54701
-6.56161
-6.58132
-6.59795
-6.61193
-6.62306
-6.63251
-6.63556
-6.63607
-6.64032
-6.6426
-6.64673
-6.65193
-6.65861
-6.6624
-6.6639
-6.66381
-6.66004
-6.65675
-6.65596
-6.65955
-6.66658
-6.67523
-6.68754
-6.69956
-6.71104
-6.7157
-6.72391
-6.73126
-6.74092
-6.74781
-6.75016
-6.74724
-6.72938
-6.7035
-6.66682
-6.6276
-6.59037
-6.56
-6.54499
-6.54207
-6.55148
-6.56963
-6.59011
-6.60836
-6.62282
-6.6295
-6.62951
-6.62165
-6.60747
-6.59187
-6.58021
-6.57393
-6.57636
-6.5846
-6.60617
-6.63132
-6.66021
-6.68649
-6.71256
-6.72933
-6.73978
-6.73986
-6.73335
-6.71606
-6.69284
-6.66759
-6.64054
-6.61605
-6.59486
-6.58221
-6.57421
-6.57196
-6.57546
-6.58139
-6.59132
-6.60697
-6.62636
-6.64721
-6.66787
-6.68459
-6.70091
-6.70747
-6.70877
-6.70444
-6.69387
-6.68394
-6.67363
-6.66365
-6.65826
-6.65385
-6.65579
-6.65767
-6.66387
-6.67151
-6.68205
-6.68925
-6.69646
-6.69629
-6.68651
-6.66741
-6.64019
-6.60626
-6.56955
-6.53511
-6.50883
-6.49002
-6.48287
-6.48352
-6.49339
-6.5127
-6.53822
-6.56447
-6.59308
-6.6205
-6.64956
-6.6764
-6.7041
-6.72889
-6.75109
-6.76457
-6.77306
-6.77664
-6.77505
-6.7697
-6.75715
-6.7396
-6.71329
-6.68789
-6.66323
-6.64074
-6.62648
-6.61849
-6.61701
-6.61754
-6.62061
-6.62374
-6.6255
-6.62663
-6.62476
-6.61992
-6.61287
-6.60172
-6.58761
-6.57418
-6.56095
-6.55266
-6.55047
-6.55441
-6.56655
-6.58447
-6.60585
-6.63022
-6.65729
-6.6831
-6.70504
-6.72387
-6.7347
-6.74041
-6.73662
-6.72895
-6.71678
-6.70539
-6.69555
-6.6892
-6.68166
-6.67631
-6.6722
-6.65949
-6.64012
-6.61893
-6.59368
-6.57038
-6.55268
-6.54241
-6.53914
-6.54399
-6.55075
-6.55955
-6.56867
-6.57701
-6.58298
-6.58551
-6.58437
-6.58036
-6.5759
-6.57287
-6.57512
-6.58149
-6.60032
-6.62482
-6.65505
-6.68758
-6.72308
-6.75352
-6.77832
-6.79269
-6.79575
-6.78498
-6.76998
-6.74855
-6.72735
-6.70604
-6.69127
-6.67872
-6.66975
-6.66044
-6.65269
-6.64893
-6.64258
-6.63254
-6.62356
-6.61287
-6.5965
-6.57785
-6.55793
-6.54054
-6.52606
-6.52168
-6.52968
-6.54584
-6.56438
-6.58609
-6.61035
-6.63891
-6.66333
-6.68317
-6.70243
-6.71338
-6.71778
-6.71763
-6.71549
-6.7126
-6.71138
-6.70708
-6.69787
-6.68658
-6.67537
-6.6633
-6.65188
-6.64267
-6.63713
-6.63229
-6.62602
-6.62097
-6.61323
-6.60685
-6.60269
-6.59697
-6.59737
-6.60098
-6.60992
-6.62207
-6.63493
-6.65012
-6.66297
-6.67342
-6.67962
-6.68259
-6.67865
-6.67791
-6.67677
-6.67411
-6.67456
-6.67235
-6.67074
-6.67041
-6.66832
-6.66223
-6.65302
-6.64345
-6.63155
-6.61933
-6.60928
-6.60504
-6.60391
-6.60677
-6.61018
-6.61501
-6.61795
-6.61983
-6.62356
-6.62812
-6.63407
-6.64166
-6.65466
-6.67171
-6.69055
-6.71204
-6.73213
-6.74917
-6.75985
-6.76447
-6.76325
-6.75813
-6.74724
-6.73435
-6.71865
-6.69696
-6.67456
-6.65081
-6.62492
-6.6021
-6.58543
-6.57235
-6.56407
-6.56136
-6.56045
-6.5585
-6.55443
-6.54946
-6.54308
-6.53587
-6.53065
-6.53028
-6.53543
-6.55003
-6.56448
-6.58501
-6.60631
-6.62921
-6.65066
-6.67051
-6.68904
-6.70437
-6.71747
-6.72956
-6.73662
-6.73573
-6.7335
-6.7276
-6.71372
-6.69665
-6.67511
-6.6552
-6.63049
-6.606
-6.57911
-6.55744
-6.54732
-6.54612
-6.552
-6.56687
-6.58521
-6.60839
-6.63303
-6.65842
-6.68141
-6.70242
-6.72066
-6.72902
-6.72974
-6.72569
-6.71263
-6.69264
-6.67122
-6.65143
-6.63349
-6.62207
-6.61794
-6.61623
-6.62032
-6.6286
-6.6364
-6.64423
-6.65185
-6.65633
-6.65787
-6.65822
-6.6551
-6.64959
-6.64169
-6.63186
-6.62032
-6.60763
-6.60014
-6.59092
-6.59092
-6.5933
-6.59848
-6.60323
-6.61067
-6.61581
-6.62622
-6.63404
-6.64364
-6.65437
-6.66278
-6.66821
-6.67073
-6.67167
-6.6735
-6.67989
-6.68694
-6.69901
-6.709
-6.7165
-6.72087
-6.72156
-6.7119
-6.6952
-6.67464
-6.64742
-6.61891
-6.59222
-6.57123
-6.55423
-6.54733
-6.55033
-6.56102
-6.58079
-6.60699
-6.63549
-6.66141
-6.68098
-6.69666
-6.70232
-6.69948
-6.68928
-6.67765
-6.66558
-6.65845
-6.65537
-6.65587
-6.66636
-6.68608
-6.71188
-6.74369
-6.77399
-6.7993
-6.81483
-6.81481
-6.80215
-6.77504
-6.73367
-6.68342
-6.62759
-6.57056
-6.52351
-6.4919
-6.47627
-6.47714
-6.49268
-6.51419
-6.53652
-6.55391
-6.56596
-6.575
-6.58066
-6.58582
-6.59302
-6.60405
-6.61865
-6.63538
-6.65449
-6.67391
-6.69311
-6.71392
-6.73196
-6.74724
-6.76125
-6.77297
-6.77886
-6.78415
-6.78584
-6.7827
-6.77485
-6.75914
-6.73534
-6.70476
-6.67121
-6.63923
-6.6074
-6.58625
-6.57423
-6.57213
-6.57925
-6.59072
-6.60501
-6.61786
-6.62481
-6.62764
-6.62601
-6.61813
-6.60709
-6.59863
-6.58838
-6.58073
-6.57645
-6.57501
-6.57506
-6.58406
-6.59423
-6.60846
-6.61996
-6.62945
-6.6405
-6.64886
-6.65793
-6.66811
-6.6797
-6.69019
-6.6959
-6.69504
-6.68522
-6.6657
-6.64004
-6.60926
-6.58133
-6.55986
-6.54904
-6.54855
-6.5572
-6.57304
-6.59504
-6.61444
-6.63224
-6.64683
-6.65699
-6.66105
-6.66379
-6.66166
-6.65623
-6.6491
-6.64415
-6.64594
-6.65215
-6.66237
-6.67578
-6.69319
-6.7088
-6.72103
-6.72701
-6.72742
-6.72327
-6.70981
-6.69255
-6.67169
-6.64985
-6.62955
-6.61499
-6.6104
-6.61324
-6.62278
-6.63848
-6.65542
-6.66669
-6.66588
-6.65506
-6.63562
-6.61326
-6.59419
-6.58245
-6.57775
-6.57788
-6.58671
-6.59732
-6.6106
-6.61733
-6.61834
-6.61605
-6.6152
-6.61411
-6.61467
-6.61916
-6.62547
-6.63531
-6.64651
-6.66031
-6.67625
-6.69463
-6.71291
-6.73162
-6.7509
-6.76846
-6.78408
-6.79315
-6.79508
-6.78542
-6.76341
-6.73011
-6.6866
-6.63834
-6.59262
-6.55666
-6.53313
-6.52951
-6.54133
-6.56917
-6.60315
-6.63503
-6.6626
-6.68214
-6.69575
-6.69957
-6.69751
-6.69065
-6.68542
-6.67718
-6.665
-6.6552
-6.64246
-6.62938
-6.61861
-6.60849
-6.60281
-6.60119
-6.59772
-6.5941
-6.58605
-6.57698
-6.56466
-6.54878
-6.53178
-6.5216
-6.5179
-6.52567
-6.54095
-6.56075
-6.58411
-6.60703
-6.62824
-6.64626
-6.6593
-6.66368
-6.66566
-6.66211
-6.6572
-6.65233
-6.64765
-6.64547
-6.64401
-6.64282
-6.63577
-6.6242
-6.60861
-6.59085
-6.57722
-6.57005
-6.57314
-6.58388
-6.60145
-6.62616
-6.65045
-6.67164
-6.69274
-6.71605
-6.73718
-6.7558
-6.76936
-6.77846
-6.78134
-6.77376
-6.76215
-6.74188
-6.71516
-6.68741
-6.65645
-6.62638
-6.5987
-6.57551
-6.55706
-6.54466
-6.53626
-6.53388
-6.53602
-6.54497
-6.5572
-6.57491
-6.58983
-6.60496
-6.6179
-6.62961
-6.6405
-6.64931
-6.65652
-6.66344
-6.67004
-6.67289
-6.66931
-6.66112
-6.64822
-6.63232
-6.61471
-6.59625
-6.58379
-6.57279
-6.56827
-6.56515
-6.56524
-6.56577
-6.56576
-6.56955
-6.573
-6.57786
-6.58419
-6.59391
-6.60582
-6.61915
-6.63771
-6.65396
-6.66938
-6.68609
-6.69918
-6.70451
-6.70513
-6.70219
-6.69875
-6.69887
-6.69955
-6.70375
-6.70751
-6.71062
-6.71012
-6.70778
-6.70653
-6.70506
-6.70245
-6.70088
-6.69971
-6.69553
-6.68744
-6.6783
-6.66883
-6.6565
-6.64315
-6.62359
-6.60204
-6.58245
-6.56562
-6.56151
-6.56845
-6.58555
-6.61261
-6.63976
-6.66595
-6.68521
-6.69375
-6.69421
-6.68503
-6.67407
-6.66188
-6.64965
-6.63692
-6.62485
-6.61649
-6.61746
-6.6218
-6.63297
-6.64624
-6.6619
-6.67408
-6.68267
-6.68178
-6.6736
-6.65577
-6.63783
-6.61896
-6.60543
-6.59676
-6.59378
-6.59682
-6.60079
-6.60247
-6.60458
-6.60195
-6.59449
-6.58528
-6.5751
-6.56565
-6.56217
-6.56441
-6.57114
-6.58609
-6.60418
-6.62354
-6.63827
-6.64979
-6.65573
-6.65638
-6.65556
-6.65581
-6.65965
-6.66234
-6.66922
-6.67304
-6.6764
-6.67747
-6.67988
-6.68163
-6.67934
-6.67278
-6.66314
-6.65029
-6.63529
-6.61769
-6.60276
-6.59554
-6.59154
-6.59348
-6.59755
-6.60507
-6.61328
-6.61889
-6.62189
-6.62646
-6.63327
-6.6445
-6.65736
-6.67565
-6.69465
-6.71496
-6.73159
-6.74127
-6.74266
-6.73333
-6.7113
-6.68521
-6.65629
-6.63729
-6.63325
-6.64263
-6.66443
-6.6936
-6.72397
-6.74859
-6.75995
-6.76237
-6.75253
-6.73498
-6.71206
-6.68394
-6.65548
-6.62897
-6.60512
-6.58216
-6.56142
-6.54285
-6.53107
-6.52382
-6.5234
-6.52593
-6.5354
-6.55084
-6.56772
-6.58769
-6.60705
-6.62777
-6.65065
-6.67146
-6.68962
-6.70825
-6.72547
-6.73957
-6.74927
-6.75385
-6.7561
-6.75522
-6.75212
-6.74999
-6.74088
-6.72823
-6.71325
-6.69328
-6.66732
-6.64122
-6.61329
-6.58689
-6.56937
-6.56009
-6.56165
-6.56881
-6.58577
-6.60349
-6.62122
-6.63466
-6.63912
-6.63529
-6.62715
-6.6121
-6.59566
-6.57448
-6.55584
-6.53649
-6.51842
-6.50543
-6.49531
-6.49479
-6.50568
-6.52659
-6.55325
-6.58503
-6.61791
-6.64971
-6.68127
-6.71146
-6.73994
-6.76832
-6.7925
-6.81173
-6.82785
-6.84162
-6.84398
-6.84339
-6.83693
-6.82644
-6.81595
-6.80251
-6.7841
-6.76203
-6.73347
-6.69985
-6.65865
-6.61369
-6.57288
-6.53224
-6.50258
-6.48826
-6.48466
-6.4946
-6.51341
-6.53867
-6.56464
-6.58533
-6.59918
-6.60369
-6.60122
-6.59229
-6.58202
-6.57186
-6.56086
-6.5557
-6.55473
-6.55978
-6.5647
-6.57045
-6.57675
-6.57828
-6.58156
-6.58436
-6.59394
-6.60602
-6.62223
-6.64248
-6.66046
-6.67769
-6.68827
-6.69448
-6.68906
-6.67564
-6.65421
-6.62597
-6.6016
-6.5848
-6.58553
-6.59882
-6.62306
-6.65178
-6.6765
-6.69763
-6.71048
-6.71308
-6.71114
-6.7042
-6.69411
-6.68556
-6.6852
-6.68826
-6.69774
-6.70959
-6.72362
-6.73373
-6.73614
-6.72927
-6.71387
-6.69281
-6.67077
-6.64898
-6.63389
-6.6273
-6.63104
-6.64224
-6.66266
-6.6848
-6.70758
-6.72699
-6.74111
-6.74688
-6.7449
-6.7349
-6.71967
-6.70271
-6.68043
-6.65895
-6.63675
-6.61366
-6.58992
-6.56775
-6.54672
-6.52442
-6.50177
-6.48072
-6.46215
-6.44843
-6.43782
-6.4321
-6.4309
-6.43654
-6.44398
-6.4587
-6.47115
-6.48476
-6.50373
-6.52471
-6.55032
-6.58079
-6.614
-6.64736
-6.68122
-6.71345
-6.74411
-6.76894
-6.79219
-6.80796
-6.81655
-6.81945
-6.81278
-6.80007
-6.78524
-6.76183
-6.7373
-6.7151
-6.6943
-6.67869
-6.66301
-6.64007
-6.61594
-6.58999
-6.56382
-6.5435
-6.53273
-6.53691
-6.5534
-6.58199
-6.61117
-6.63919
-6.66306
-6.67908
-6.68757
-6.69479
-6.69909
-6.69968
-6.6961
-6.69243
-6.68381
-6.67029
-6.65337
-6.63783
-6.62565
-6.62003
-6.62057
-6.62598
-6.6336
-6.64047
-6.64802
-6.65083
-6.65107
-6.65038
-6.64857
-6.64843
-6.64322
-6.6348
-6.62154
-6.60093
-6.57776
-6.55686
-6.54728
-6.55072
-6.57226
-6.60555
-6.64427
-6.68378
-6.71575
-6.73898
-6.7466
-6.74344
-6.7255
-6.70052
-6.67059
-6.63902
-6.61228
-6.59216
-6.58416
-6.5805
-6.58496
-6.59452
-6.6068
-6.62228
-6.64202
-6.65929
-6.67322
-6.68357
-6.68843
-6.68868
-6.67963
-6.66639
-6.6456
-6.62739
-6.61712
-6.62188
-6.63748
-6.6597
-6.68212
-6.7029
-6.71715
-6.72608
-6.72679
-6.71658
-6.70034
-6.67898
-6.65316
-6.62757
-6.60253
-6.58556
-6.57917
-6.58539
-6.60077
-6.62242
-6.64364
-6.66001
-6.66606
-6.66538
-6.65128
-6.63078
-6.60191
-6.57084
-6.54089
-6.51284
-6.49495
-6.49199
-6.49971
-6.51942
-6.54638
-6.57753
-6.60634
-6.63305
-6.65624
-6.6724
-6.68464
-6.69528
-6.70417
-6.71285
-6.71987
-6.7235
-6.72147
-6.72072
-6.71507
-6.70524
-6.69689
-6.68666
-6.67832
-6.67362
-6.67003
-6.668
-6.66566
-6.66059
-6.65146
-6.64189
-6.62521
-6.6061
-6.58801
-6.57063
-6.55297
-6.53618
-6.52231
-6.51221
-6.50409
-6.50458
-6.5093
-6.51869
-6.53632
-6.55571
-6.57376
-6.59249
-6.60446
-6.60797
-6.60491
-6.60046
-6.59016
-6.58235
-6.5786
-6.57911
-6.5858
-6.58981
-6.59994
-6.6119
-6.62755
-6.64564
-6.66839
-6.69765
-6.72919
-6.76251
-6.79275
-6.81792
-6.83252
-6.83876
-6.8355
-6.81993
-6.79771
-6.7747
-6.74349
-6.70833
-6.67166
-6.63419
-6.60009
-6.56939
-6.54502
-6.52833
-6.52184
-6.52264
-6.52928
-6.54044
-6.55314
-6.56678
-6.57958
-6.5953
-6.61275
-6.63748
-6.66377
-6.69298
-6.72095
-6.7489
-6.77539
-6.79646
-6.80673
-6.81007
-6.80168
-6.77906
-6.74713
-6.70337
-6.65841
-6.6157
-6.58247
-6.55757
-6.54758
-6.54963
-6.56084
-6.57505
-6.58765
-6.59726
-6.60379
-6.60235
-6.59184
-6.57464
-6.55426
-6.53322
-6.51817
-6.51321
-6.51558
-6.52964
-6.55312
-6.58298
-6.60894
-6.6341
-6.65189
-6.66456
-6.66903
-6.67084
-6.67104
-6.67171
-6.66909
-6.66498
-6.65777
-6.64962
-6.64064
-6.63349
-6.63046
-6.62909
-6.63084
-6.63516
-6.64536
-6.66167
-6.68114
-6.70631
-6.73223
-6.75499
-6.77415
-6.78463
-6.78352
-6.77577
-6.75713
-6.72838
-6.69798
-6.66935
-6.64577
-6.63333
-6.63146
-6.63532
-6.64273
-6.64603
-6.64819
-6.6412
-6.63126
-6.61649
-6.60008
-6.58632
-6.57125
-6.56298
-6.56154
-6.56567
-6.57402
-6.58527
-6.60065
-6.61313
-6.6221
-6.62873
-6.62977
-6.6216
-6.61328
-6.60089
-6.58729
-6.57352
-6.56909
-6.57116
-6.58116
-6.59793
-6.61636
-6.63635
-6.65584
-6.66989
-6.68055
-6.68783
-6.69061
-6.68917
-6.68794
-6.6883
-6.68906
-6.69065
-6.69341
-6.69927
-6.70349
-6.70546
-6.70512
-6.70157
-6.69262
-6.68395
-6.67321
-6.66287
-6.65605
-6.65174
-6.64746
-6.64396
-6.64227
-6.64009
-6.63822
-6.63246
-6.63059
-6.63075
-6.63677
-6.64863
-6.66258
-6.67616
-6.68539
-6.68669
-6.6795
-6.66729
-6.65444
-6.64152
-6.63
-6.62272
-6.61466
-6.6119
-6.60646
-6.60073
-6.59585
-6.59281
-6.5876
-6.58285
-6.57778
-6.57252
-6.56792
-6.56619
-6.56414
-6.56525
-6.56555
-6.56427
-6.55906
-6.55611
-6.55309
-6.55408
-6.56101
-6.57176
-6.5866
-6.60845
-6.6285
-6.64909
-6.66421
-6.67986
-6.68711
-6.68915
-6.68879
-6.68113
-6.67117
-6.65908
-6.64527
-6.63153
-6.62146
-6.61357
-6.60977
-6.61077
-6.61875
-6.63391
-6.6515
-6.67201
-6.69422
-6.71908
-6.73889
-6.75158
-6.7531
-6.74905
-6.73619
-6.71581
-6.69256
-6.66488
-6.63989
-6.61758
-6.60262
-6.59342
-6.59025
-6.59495
-6.60621
-6.61275
-6.62155
-6.62619
-6.62669
-6.62359
-6.61684
-6.60281
-6.58671
-6.56821
-6.55363
-6.54323
-6.53581
-6.53564
-6.54129
-6.55062
-6.56483
-6.58373
-6.60358
-6.62657
-6.65351
-6.68383
-6.70722
-6.72272
-6.7277
-6.72571
-6.72025
-6.7167
-6.72039
-6.72817
-6.74009
-6.7493
-6.75392
-6.748
-6.73219
-6.70745
-6.67706
-6.64712
-6.62783
-6.622
-6.62866
-6.63782
-6.64679
-6.64839
-6.64569
-6.6355
-6.62095
-6.60277
-6.58917
-6.57692
-6.56752
-6.56733
-6.57181
-6.58283
-6.60064
-6.62118
-6.6417
-6.65862
-6.67139
-6.67822
-6.67843
-6.67688
-6.67517
-6.66984
-6.66358
-6.65523
-6.64733
-6.63603
-6.62663
-6.61667
-6.61299
-6.6086
-6.60828
-6.61076
-6.61206
-6.61533
-6.61677
-6.61988
-6.62171
-6.6223
-6.62123
-6.62212
-6.62468
-6.62729
-6.63033
-6.63267
-6.63275
-6.63156
-6.63165
-6.63087
-6.63246
-6.63484
-6.642
-6.64905
-6.65599
-6.65698
-6.6536
-6.64561
-6.63077
-6.61489
-6.60504
-6.60098
-6.60214
-6.61123
-6.61717
-6.6263
-6.63833
-6.65157
-6.66374
-6.67394
-6.68445
-6.69523
-6.70818
-6.71651
-6.71998
-6.72211
-6.7211
-6.71838
-6.71621
-6.71456
-6.71004
-6.70652
-6.70037
-6.68966
-6.67468
-6.65605
-6.64134
-6.62862
-6.61869
-6.6154
-6.61714
-6.62024
-6.62345
-6.62346
-6.61803
-6.61211
-6.60336
-6.59452
-6.58644
-6.58076
-6.57645
-6.57385
-6.5706
-6.56739
-6.56332
-6.56312
-6.56669
-6.57535
-6.5929
-6.61603
-6.64515
-6.67517
-6.70437
-6.72904
-6.74927
-6.75967
-6.76143
-6.75483
-6.74576
-6.73323
-6.7195
-6.70605
-6.69182
-6.6769
-6.66094
-6.64684
-6.63523
-6.62863
-6.62699
-6.62935
-6.63476
-6.64019
-6.64515
-6.64809
-6.64659
-6.64214
-6.63621
-6.63041
-6.63094
-6.63395
-6.64505
-6.65702
-6.66547
-6.67089
-6.67051
-6.66702
-6.65843
-6.64284
-6.62579
-6.60947
-6.60027
-6.59775
-6.5993
-6.60491
-6.61104
-6.6112
-6.61182
-6.61049
-6.6093
-6.60944
-6.60925
-6.61138
-6.61344
-6.61835
-6.62637
-6.63945
-6.65364
-6.66839
-6.68237
-6.69347
-6.7024
-6.71003
-6.70935
-6.70482
-6.69784
-6.68733
-6.67704
-6.66875
-6.66754
-6.66689
-6.66835
-6.67199
-6.67774
-6.67628
-6.67282
-6.66298
-6.64904
-6.63202
-6.61758
-6.6053
-6.59375
-6.58976
-6.58945
-6.59232
-6.59886
-6.60989
-6.62217
-6.63664
-6.64988
-6.6632
-6.67015
-6.67389
-6.67924
-6.68346
-6.68567
-6.68657
-6.68804
-6.68324
-6.67545
-6.66597
-6.6582
-6.65326
-6.64795
-6.64787
-6.64766
-6.65126
-6.65322
-6.65485
-6.65452
-6.64892
-6.63878
-6.62864
-6.61812
-6.60777
-6.60105
-6.59997
-6.60243
-6.61119
-6.62405
-6.63754
-6.6558
-6.6727
-6.69216
-6.70931
-6.71988
-6.72762
-6.73072
-6.73209
-6.73549
-6.73704
-6.74014
-6.74329
-6.74341
-6.73703
-6.72646
-6.70953
-6.68931
-6.67056
-6.64976
-6.62824
-6.61194
-6.59751
-6.58741
-6.58081
-6.57574
-6.57494
-6.57633
-6.57777
-6.58076
-6.58315
-6.58965
-6.59799
-6.60259
-6.60782
-6.61279
-6.61561
-6.61632
-6.61593
-6.61004
-6.60421
-6.59877
-6.58844
-6.5794
-6.57144
-6.5669
-6.56485
-6.57333
-6.5865
-6.60161
-6.6185
-6.63449
-6.64821
-6.65968
-6.66372
-6.66875
-6.66945
-6.66627
-6.6623
-6.6596
-6.66068
-6.66341
-6.66847
-6.67563
-6.68215
-6.69098
-6.69778
-6.70572
-6.7137
-6.72029
-6.72281
-6.72251
-6.71973
-6.71374
-6.70041
-6.68496
-6.66541
-6.64654
-6.63136
-6.61617
-6.60071
-6.58834
-6.57547
-6.56146
-6.54954
-6.53869
-6.53115
-6.53068
-6.53539
-6.55005
-6.57155
-6.60515
-6.64141
-6.68283
-6.71906
-6.74708
-6.76911
-6.7792
-6.7761
-6.7627
-6.74112
-6.71698
-6.69097
-6.66495
-6.64217
-6.62202
-6.6077
-6.59305
-6.58127
-6.56977
-6.5661
-6.56711
-6.57492
-6.5913
-6.61458
-6.64477
-6.67331
-6.701
-6.72333
-6.73731
-6.73929
-6.73119
-6.71352
-6.69097
-6.66481
-6.63788
-6.62121
-6.61064
-6.61059
-6.61754
-6.63056
-6.64489
-6.65441
-6.66084
-6.66259
-6.65949
-6.64874
-6.63458
-6.6169
-6.60233
-6.59067
-6.58386
-6.58578
-6.5944
-6.60303
-6.60851
-6.61201
-6.61248
-6.61643
-6.62504
-6.64179
-6.65969
-6.68049
-6.70006
-6.71391
-6.72027
-6.72104
-6.7127
-6.69803
-6.68164
-6.66286
-6.64603
-6.63094
-6.62333
-6.62322
-6.62912
-6.64442
-6.66067
-6.67505
-6.68841
-6.699
-6.69961
-6.6923
-6.68527
-6.6709
-6.65845
-6.64182
-6.62633
-6.61346
-6.59967
-6.5893
-6.58359
-6.58331
-6.58632
-6.59489
-6.60519
-6.61433
-6.61972
-6.62046
-6.61904
-6.6133
-6.60167
-6.58865
-6.57835
-6.56761
-6.56094
-6.55809
-6.56112
-6.56814
-6.58043
-6.5953
-6.61217
-6.62512
-6.63366
-6.63945
-6.63717
-6.63479
-6.63611
-6.64164
-6.65735
-6.67708
-6.69899
-6.72556
-6.7521
-6.77676
-6.79744
-6.80806
-6.8134
-6.80965
-6.79232
-6.764
-6.72366
-6.68054
-6.63472
-6.59276
-6.55985
-6.54302
-6.53814
-6.54479
-6.56509
-6.58906
-6.61914
-6.64595
-6.66913
-6.68823
-6.69742
-6.70108
-6.70039
-6.6904
-6.67434
-6.65516
-6.63373
-6.61673
-6.60452
-6.60209
-6.60861
-6.62272
-6.63966
-6.65908
-6.67485
-6.68439
-6.68774
-6.68776
-6.67971
-6.6675
-6.65289
-6.63579
-6.61922
-6.60579
-6.59349
-6.58525
-6.57871
-6.57809
-6.58361
-6.59298
-6.60679
-6.62013
-6.6259
-6.62531
-6.61856
-6.60968
-6.59997
-6.59288
-6.59658
-6.60511
-6.62134
-6.63949
-6.65372
-6.66596
-6.67681
-6.68322
-6.68724
-6.68812
-6.68827
-6.68906
-6.68956
-6.68683
-6.68162
-6.67248
-6.66112
-6.64881
-6.63586
-6.62689
-6.62461
-6.6283
-6.63659
-6.6509
-6.66669
-6.68393
-6.69464
-6.70522
-6.70912
-6.7034
-6.69247
-6.67529
-6.65497
-6.6372
-6.62117
-6.61613
-6.6159
-6.61974
-6.62669
-6.63647
-6.64628
-6.65109
-6.65225
-6.64932
-6.6412
-6.62983
-6.61527
-6.59827
-6.58242
-6.57096
-6.56107
-6.55521
-6.5542
-6.5588
-6.56972
-6.58712
-6.60821
-6.63228
-6.65725
-6.68435
-6.704
-6.71905
-6.72891
-6.73449
-6.73292
-6.72558
-6.70981
-6.68906
-6.66165
-6.6301
-6.59927
-6.56868
-6.54897
-6.53549
-6.5328
-6.53589
-6.54718
-6.56424
-6.58363
-6.60297
-6.62638
-6.64616
-6.66716
-6.68441
-6.69709
-6.705
-6.70404
-6.69917
-6.69105
-6.68127
-6.67289
-6.66652
-6.66287
-6.66128
-6.6612
-6.66223
-6.66126
-6.66091
-6.65775
-6.65258
-6.64399
-6.63485
-6.63023
-6.63129
-6.63516
-6.64231
-6.65188
-6.66396
-6.67459
-6.68341
-6.68898
-6.69027
-6.6883
-6.68399
-6.67398
-6.65751
-6.6405
-6.6215
-6.60279
-6.58757
-6.5811
-6.58062
-6.59273
-6.61119
-6.63216
-6.65339
-6.66882
-6.67809
-6.67494
-6.66381
-6.64606
-6.62624
-6.60349
-6.58713
-6.57438
-6.56917
-6.57193
-6.58159
-6.58992
-6.59799
-6.60241
-6.60239
-6.59718
-6.58948
-6.5823
-6.57797
-6.5786
-6.58763
-6.60021
-6.61571
-6.63157
-6.64399
-6.65354
-6.65845
-6.66269
-6.67086
-6.67955
-6.69456
-6.71267
-6.73187
-6.74967
-6.76314
-6.77182
-6.7689
-6.75927
-6.74216
-6.71899
-6.69261
-6.66497
-6.63667
-6.61272
-6.59248
-6.5795
-6.57164
-6.57301
-6.5798
-6.59185
-6.60755
-6.62167
-6.63528
-6.64699
-6.65507
-6.65667
-6.65551
-6.64633
-6.64405
-6.64236
-6.64802
-6.65533
-6.66563
-6.67437
-6.68146
-6.68932
-6.69442
-6.70003
-6.70407
-6.70458
-6.70257
-6.69805
-6.69069
-6.67722
-6.66149
-6.64282
-6.62448
-6.60678
-6.58787
-6.5761
-6.56659
-6.56076
-6.5567
-6.55536
-6.55444
-6.55572
-6.55851
-6.56739
-6.5786
-6.59317
-6.60581
-6.61846
-6.62336
-6.62661
-6.62693
-6.62292
-6.61971
-6.61786
-6.61623
-6.61639
-6.62158
-6.63114
-6.64475
-6.65532
-6.66134
-6.66253
-6.65723
-6.64587
-6.63144
-6.61799
-6.60542
-6.59352
-6.58356
-6.57167
-6.56445
-6.56384
-6.5706
-6.58707
-6.60984
-6.63491
-6.65845
-6.68057
-6.6949
-6.70279
-6.70604
-6.7017
-6.68971
-6.67343
-6.65277
-6.63321
-6.6138
-6.60058
-6.59042
-6.58381
-6.58511
-6.59126
-6.6005
-6.61527
-6.63457
-6.65705
-6.67957
-6.7014
-6.71223
-6.71706
-6.70936
-6.69389
-6.67096
-6.64885
-6.62578
-6.60698
-6.59547
-6.59055
-6.59012
-6.60103
-6.61964
-6.64203
-6.66421
-6.68667
-6.69844
-6.70822
-6.70804
-6.70028
-6.68744
-6.6731
-6.66034
-6.64637
-6.63282
-6.62267
-6.61681
-6.6163
-6.62186
-6.63347
-6.64788
-6.66563
-6.68456
-6.69856
-6.7118
-6.72009
-6.72053
-6.71509
-6.70914
-6.70177
-6.69152
-6.68047
-6.67055
-6.65811
-6.6441
-6.63195
-6.62289
-6.61405
-6.60734
-6.60161
-6.59703
-6.59064
-6.58874
-6.58684
-6.58642
-6.58916
-6.58786
-6.58611
-6.57958
-6.57228
-6.56578
-6.56239
-6.56439
-6.56654
-6.57292
-6.58169
-6.58997
-6.59877
-6.60574
-6.61351
-6.6243
-6.63202
-6.64152
-6.65313
-6.66047
-6.66873
-6.67579
-6.67832
-6.68075
-6.67777
-6.67053
-6.66142
-6.64708
-6.63114
-6.61553
-6.60358
-6.59804
-6.59758
-6.60152
-6.60597
-6.60855
-6.60961
-6.60266
-6.59537
-6.58797
-6.58296
-6.57892
-6.58138
-6.58911
-6.59902
-6.61459
-6.62964
-6.64513
-6.65438
-6.66191
-6.66564
-6.66712
-6.66894
-6.66799
-6.66369
-6.6569
-6.65143
-6.64035
-6.629
-6.61534
-6.60532
-6.60037
-6.60391
-6.61716
-6.63728
-6.66316
-6.69187
-6.71893
-6.73697
-6.74946
-6.75044
-6.73917
-6.71512
-6.6892
-6.65743
-6.62467
-6.59458
-6.57219
-6.55613
-6.54551
-6.54234
-6.55093
-6.56236
-6.57606
-6.58761
-6.59635
-6.59901
-6.59767
-6.59524
-6.59119
-6.59002
-6.59181
-6.59997
-6.60649
-6.61461
-6.62479
-6.63358
-6.64153
-6.65217
-6.65919
-6.66324
-6.66916
-6.67169
-6.67192
-6.67343
-6.67451
-6.67394
-6.67514
-6.67981
-6.69095
-6.70417
-6.71725
-6.72159
-6.71383
-6.69514
-6.66813
-6.64045
-6.61438
-6.59758
-6.59109
-6.59606
-6.60551
-6.61937
-6.63503
-6.6476
-6.65817
-6.6632
-6.66576
-6.66134
-6.65843
-6.65103
-6.64579
-6.6451
-6.65199
-6.66431
-6.68074
-6.6973
-6.70614
-6.71002
-6.70752
-6.70601
-6.69809
-6.68917
-6.67986
-6.67382
-6.66777
-6.6629
-6.65627
-6.65149
-6.64515
-6.63916
-6.62882
-6.61675
-6.60141
-6.58612
-6.57162
-6.55787
-6.54877
-6.5456
-6.54702
-6.55861
-6.57359
-6.59332
-6.60958
-6.62292
-6.63345
-6.64113
-6.64533
-6.64794
-6.65673
-6.67034
-6.68459
-6.70358
-6.71823
-6.72521
-6.72478
-6.71903
-6.7026
-6.68331
-6.66042
-6.63815
-6.62393
-6.62002
-6.62196
-6.62814
-6.63497
-6.63844
-6.63957
-6.63595
-6.63053
-6.62103
-6.61298
-6.60344
-6.5958
-6.59073
-6.59321
-6.60263
-6.62372
-6.64692
-6.67406
-6.69891
-6.71983
-6.73694
-6.74643
-6.74874
-6.74508
-6.73033
-6.71214
-6.69617
-6.67379
-6.65153
-6.63596
-6.62628
-6.62131
-6.62555
-6.63053
-6.63439
-6.63561
-6.63068
-6.62219
-6.60948
-6.59421
-6.58024
-6.56527
-6.55494
-6.54898
-6.54715
-6.54616
-6.54599
-6.54613
-6.54994
-6.55669
-6.56824
-6.58594
-6.608
-6.6316
-6.65349
-6.67119
-6.68368
-6.69327
-6.70018
-6.71103
-6.72346
-6.7345
-6.74193
-6.74237
-6.73279
-6.71545
-6.68934
-6.65646
-6.62364
-6.59468
-6.57315
-6.55917
-6.55819
-6.56867
-6.58765
-6.61408
-6.63947
-6.66029
-6.6718
-6.67947
-6.67552
-6.66806
-6.65823
-6.65191
-6.64866
-6.65001
-6.65375
-6.65461
-6.65452
-6.64825
-6.63705
-6.62084
-6.60364
-6.58056
-6.55783
-6.53685
-6.52679
-6.52659
-6.53875
-6.56398
-6.5988
-6.63536
-6.67416
-6.70745
-6.73306
-6.7505
-6.75481
-6.75075
-6.73761
-6.71749
-6.69759
-6.68146
-6.66862
-6.66387
-6.66372
-6.66594
-6.66637
-6.66376
-6.65713
-6.64523
-6.63283
-6.62103
-6.61395
-6.60867
-6.60886
-6.61908
-6.63544
-6.65664
-6.6771
-6.69165
-6.69278
-6.68175
-6.66055
-6.62692
-6.59396
-6.55972
-6.53061
-6.50961
-6.50595
-6.5151
-6.53548
-6.56294
-6.58986
-6.61621
-6.6352
-6.65206
-6.66221
-6.67107
-6.67689
-6.68308
-6.6814
-6.67602
-6.66729
-6.65303
-6.63938
-6.63186
-6.63512
-6.64715
-6.67063
-6.69924
-6.73176
-6.76171
-6.78725
-6.8027
-6.8085
-6.8038
-6.7902
-6.77193
-6.75097
-6.72613
-6.70594
-6.68835
-6.67729
-6.66612
-6.65935
-6.65338
-6.64862
-6.64156
-6.63297
-6.62372
-6.61718
-6.60457
-6.59073
-6.57346
-6.5532
-6.53315
-6.5153
-6.50179
-6.49719
-6.50345
-6.51686
-6.53903
-6.5652
-6.5928
-6.61876
-6.63973
-6.65586
-6.66403
-6.6658
-6.65924
-6.6466
-6.63752
-6.62643
-6.61877
-6.61994
-6.63077
-6.6446
-6.66017
-6.67718
-6.69092
-6.70075
-6.70278
-6.70012
-6.68943
-6.67914
-6.66681
-6.65981
-6.65755
-6.6595
-6.6636
-6.67329
-6.68417
-6.69494
-6.70655
-6.71321
-6.71686
-6.71952
-6.71919
-6.71632
-6.71232
-6.70671
-6.6943
-6.67916
-6.65801
-6.63395
-6.60698
-6.58346
-6.56645
-6.55462
-6.55129
-6.55839
-6.57406
-6.59258
-6.61191
-6.62914
-6.64378
-6.65228
-6.65589
-6.65413
-6.64876
-6.63759
-6.62555
-6.60824
-6.59269
-6.57566
-6.56405
-6.55601
-6.5579
-6.56946
-6.58419
-6.60395
-6.62583
-6.64643
-6.66238
-6.67077
-6.6707
-6.66895
-6.6696
-6.68116
-6.69682
-6.71819
-6.73845
-6.75037
-6.74775
-6.73393
-6.70731
-6.67536
-6.64347
-6.62047
-6.61177
-6.61398
-6.62734
-6.64783
-6.66958
-6.69618
-6.71987
-6.73795
-6.74802
-6.74663
-6.74017
-6.73011
-6.7147
-6.69489
-6.6753
-6.65525
-6.63885
-6.62508
-6.61584
-6.61284
-6.61119
-6.61375
-6.62003
-6.62777
-6.63649
-6.64355
-6.64965
-6.65124
-6.64632
-6.63582
-6.62102
-6.60357
-6.58155
-6.56357
-6.54864
-6.53763
-6.53431
-6.53671
-6.54567
-6.55792
-6.57253
-6.58514
-6.59376
-6.60163
-6.61158
-6.62193
-6.63228
-6.64165
-6.64852
-6.65749
-6.6642
-6.66836
-6.67182
-6.67432
-6.67837
-6.67938
-6.67677
-6.67073
-6.66057
-6.64707
-6.62595
-6.60441
-6.5837
-6.56377
-6.54652
-6.53382
-6.52145
-6.51033
-6.50027
-6.49644
-6.5006
-6.50924
-6.52139
-6.53885
-6.55822
-6.58124
-6.60567
-6.62718
-6.65044
-6.67078
-6.68766
-6.70253
-6.71247
-6.72186
-6.72972
-6.73466
-6.73778
-6.73975
-6.73518
-6.72424
-6.70902
-6.6897
-6.66657
-6.64275
-6.62514
-6.61415
-6.61673
-6.6252
-6.6428
-6.6672
-6.69387
-6.71748
-6.73269
-6.73376
-6.72293
-6.69433
-6.66232
-6.62346
-6.58237
-6.54964
-6.52747
-6.5186
-6.5181
-6.52527
-6.53711
-6.5528
-6.56722
-6.58177
-6.593
-6.60392
-6.61371
-6.62493
-6.63437
-6.64197
-6.65122
-6.66004
-6.66852
-6.67143
-6.67328
-6.67147
-6.66781
-6.66265
-6.6608
-6.6657
-6.67108
-6.67751
-6.68108
-6.68409
-6.67985
-6.67102
-6.66253
-6.65003
-6.63613
-6.62042
-6.60429
-6.58358
-6.56541
-6.54185
-6.5173
-6.497
-6.48476
-6.47969
-6.48699
-6.50684
-6.54051
-6.58245
-6.6255
-6.66447
-6.69855
-6.72114
-6.73504
-6.73779
-6.73207
-6.72182
-6.7098
-6.69725
-6.68788
-6.68001
-6.67228
-6.66668
-6.66368
-6.66289
-6.66141
-6.66125
-6.6618
-6.66132
-6.65956
-6.66129
-6.66466
-6.67072
-6.68248
-6.69891
-6.71727
-6.73533
-6.75061
-6.76231
-6.76411
-6.75477
-6.73362
-6.70014
-6.66128
-6.61651
-6.57361
-6.53617
-6.50592
-6.48691
-6.47991
-6.4858
-6.50516
-6.53623
-6.57418
-6.60817
-6.63992
-6.66158
-6.67695
-6.68426
-6.68807
-6.68914
-6.68565
-6.68218
-6.67342
-6.66322
-6.65022
-6.63605
-6.61706
-6.60195
-6.5895
-6.57824
-6.57477
-6.58235
-6.59899
-6.62323
-6.64754
-6.67053
-6.69021
-6.70251
-6.7081
-6.70309
-6.69108
-6.6736
-6.65206
-6.62626
-6.601
-6.58222
-6.56936
-6.56756
-6.57733
-6.59239
-6.61227
-6.63271
-6.65022
-6.66215
-6.66922
-6.67386
-6.67816
-6.68366
-6.69528
-6.70769
-6.71975
-6.73165
-6.73629
-6.73269
-6.72444
-6.71132
-6.69435
-6.67644
-6.6585
-6.6393
-6.61926
-6.60028
-6.58273
-6.56809
-6.56046
-6.5579
-6.56292
-6.5753
-6.59253
-6.61173
-6.6308
-6.64907
-6.66324
-6.66707
-6.67051
-6.66776
-6.66218
-6.65057
-6.63779
-6.62658
-6.61008
-6.59336
-6.57654
-6.56342
-6.55666
-6.55631
-6.56381
-6.57522
-6.59334
-6.61125
-6.63233
-6.65068
-6.66686
-6.67909
-6.68415
-6.68481
-6.68285
-6.68007
-6.67719
-6.67646
-6.67863
-6.68456
-6.69041
-6.69756
-6.7032
-6.7013
-6.69326
-6.68144
-6.66502
-6.64748
-6.63476
-6.62162
-6.61866
-6.62139
-6.63195
-6.64677
-6.66352
-6.68115
-6.69195
-6.69768
-6.69693
-6.69105
-6.67959
-6.66547
-6.65102
-6.63765
-6.62321
-6.61366
-6.6102
-6.61127
-6.61304
-6.6146
-6.618
-6.6178
-6.61808
-6.61401
-6.61039
-6.60794
-6.60482
-6.60172
-6.60126
-6.60059
-6.59778
-6.58995
-6.57904
-6.56422
-6.55097
-6.53781
-6.53505
-6.53896
-6.55341
-6.5738
-6.60245
-6.63546
-6.66922
-6.70054
-6.72864
-6.74801
-6.75904
-6.76178
-6.75567
-6.74444
-6.72947
-6.70929
-6.69135
-6.67631
-6.66136
-6.64987
-6.64118
-6.63506
-6.63219
-6.63318
-6.63772
-6.64712
-6.66095
-6.67796
-6.69796
-6.71486
-6.72634
-6.73792
-6.7413
-6.73706
-6.72304
-6.70339
-6.68092
-6.66048
-6.63936
-6.62352
-6.61046
-6.59507
-6.58419
-6.57432
-6.56691
-6.56244
-6.55827
-6.55338
-6.54919
-6.54311
-6.53698
-6.52758
-6.52255
-6.51853
-6.52141
-6.52925
-6.54116
-6.5559
-6.57239
-6.58796
-6.60093
-6.61326
-6.62095
-6.62947
-6.6354
-6.64257
-6.65081
-6.66212
-6.67291
-6.68026
-6.68596
-6.68678
-6.68229
-6.67801
-6.67263
-6.66703
-6.6582
-6.64861
-6.63726
-6.62235
-6.60783
-6.59728
-6.59525
-6.60577
-6.6253
-6.65233
-6.68123
-6.71225
-6.74282
-6.76851
-6.79186
-6.80409
-6.80874
-6.80237
-6.78036
-6.75004
-6.71192
-6.66856
-6.62998
-6.59519
-6.5659
-6.54718
-6.54176
-6.54431
-6.55628
-6.56868
-6.58305
-6.59076
-6.59164
-6.58539
-6.57808
-6.57066
-6.56297
-6.56255
-6.56808
-6.58251
-6.60399
-6.62966
-6.65844
-6.68334
-6.70111
-6.71119
-6.7138
-6.70464
-6.68234
-6.65597
-6.62645
-6.60182
-6.58856
-6.58518
-6.59388
-6.61371
-6.64071
-6.66728
-6.68985
-6.70469
-6.71397
-6.71165
-6.70272
-6.68771
-6.66965
-6.65331
-6.64251
-6.63913
-6.63663
-6.63856
-6.63978
-6.64445
-6.65566
-6.67423
-6.70012
-6.73106
-6.7575
-6.77524
-6.783
-6.78174
-6.76813
-6.74217
-6.70819
-6.66854
-6.62724
-6.59041
-6.56169
-6.5391
-6.52989
-6.52995
-6.54229
-6.56065
-6.58282
-6.60817
-6.62924
-6.64865
-6.65733
-6.6601
-6.65633
-6.64516
-6.62963
-6.61369
-6.59284
-6.57901
-6.57236
-6.57384
-6.58061
-6.59187
-6.60534
-6.61732
-6.6304
-6.64384
-6.65679
-6.67508
-6.69507
-6.71378
-6.72827
-6.7388
-6.73935
-6.73205
-6.71614
-6.69666
-6.67232
-6.64646
-6.62132
-6.59888
-6.5755
-6.55954
-6.54573
-6.54012
-6.53885
-6.53959
-6.54622
-6.55538
-6.56641
-6.57512
-6.58234
-6.58456
-6.58822
-6.59574
-6.61268
-6.63872
-6.66689
-6.6916
-6.71163
-6.72632
-6.73705
-6.74509
-6.74782
-6.74355
-6.73338
-6.7222
-6.70902
-6.69415
-6.68435
-6.67644
-6.6741
-6.67369
-6.67571
-6.67601
-6.67466
-6.67367
-6.66705
-6.65956
-6.65058
-6.6388
-6.62773
-6.61706
-6.60552
-6.59289
-6.57911
-6.56655
-6.56239
-6.55928
-6.56357
-6.57263
-6.58556
-6.60172
-6.6185
-6.63713
-6.65421
-6.66765
-6.67779
-6.68699
-6.69207
-6.6896
-6.6871
-6.68236
-6.67785
-6.67305
-6.66381
-6.65216
-6.63731
-6.62046
-6.60141
-6.58364
-6.56629
-6.55811
-6.55824
-6.56496
-6.58142
-6.59925
-6.61702
-6.63315
-6.6475
-6.65988
-6.66822
-6.67515
-6.67697
-6.67626
-6.67276
-6.66714
-6.66059
-6.64967
-6.63703
-6.61929
-6.59414
-6.56794
-6.54102
-6.52418
-6.51667
-6.52429
-6.54224
-6.57
-6.60257
-6.63865
-6.67228
-6.70365
-6.73223
-6.75744
-6.77988
-6.79337
-6.80064
-6.79977
-6.79032
-6.77293
-6.7481
-6.7216
-6.69073
-6.66126
-6.6299
-6.60039
-6.57428
-6.55227
-6.5361
-6.52464
-6.52393
-6.52678
-6.53645
-6.54988
-6.56417
-6.58143
-6.60011
-6.61564
-6.63033
-6.6441
-6.65716
-6.66971
-6.68187
-6.69754
-6.7094
-6.72218
-6.73393
-6.73731
-6.73455
-6.72806
-6.71457
-6.6963
-6.67345
-6.64915
-6.62422
-6.60252
-6.5879
-6.58199
-6.58373
-6.5918
-6.60289
-6.61939
-6.63137
-6.63879
-6.64076
-6.63518
-6.62469
-6.61305
-6.59863
-6.58802
-6.57912
-6.57705
-6.58712
-6.60371
-6.6222
-6.64342
-6.66059
-6.67678
-6.68687
-6.69478
-6.70118
-6.70745
-6.71469
-6.72268
-6.72708
-6.72364
-6.70698
-6.68261
-6.6515
-6.61674
-6.58379
-6.56009
-6.54871
-6.54715
-6.55178
-6.56486
-6.58214
-6.59289
-6.60359
-6.61097
-6.62061
-6.63111
-6.6479
-6.67168
-6.69675
-6.72682
-6.75142
-6.76776
-6.77428
-6.76908
-6.75314
-6.73167
-6.70938
-6.68458
-6.6609
-6.63999
-6.626
-6.61187
-6.60111
-6.59317
-6.58855
-6.58543
-6.58419
-6.58251
-6.58068
-6.58104
-6.57748
-6.57538
-6.57712
-6.58563
-6.60142
-6.62699
-6.65479
-6.68552
-6.70866
-6.72547
-6.7363
-6.73794
-6.7337
-6.7236
-6.70788
-6.69179
-6.67714
-6.66292
-6.65168
-6.64254
-6.63215
-6.62382
-6.61393
-6.60168
-6.58888
-6.57618
-6.56216
-6.55038
-6.53965
-6.53215
-6.52957
-6.53338
-6.54511
-6.56068
-6.58097
-6.60533
-6.62877
-6.64735
-6.663
-6.6722
-6.67691
-6.67602
-6.67088
-6.66203
-6.64866
-6.63278
-6.61691
-6.60511
-6.6009
-6.60356
-6.61202
-6.62213
-6.63497
-6.64467
-6.64789
-6.64852
-6.64477
-6.64123
-6.63938
-6.64404
-6.65393
-6.66018
-6.66826
-6.67553
-6.6815
-6.68111
-6.67733
-6.6713
-6.65801
-6.64393
-6.63188
-6.62437
-6.62246
-6.6264
-6.63149
-6.63993
-6.64702
-6.64911
-6.64922
-6.6457
-6.63704
-6.63183
-6.6283
-6.62623
-6.62814
-6.63082
-6.63409
-6.63462
-6.63482
-6.63464
-6.63908
-6.64893
-6.66583
-6.68977
-6.71638
-6.7411
-6.76078
-6.77371
-6.77659
-6.76962
-6.75409
-6.73163
-6.70461
-6.67589
-6.64402
-6.6147
-6.58722
-6.56407
-6.54639
-6.53222
-6.51746
-6.50457
-6.49618
-6.49367
-6.49998
-6.51654
-6.54087
-6.57125
-6.60279
-6.63501
-6.66524
-6.6939
-6.71673
-6.73689
-6.74992
-6.75691
-6.76082
-6.75995
-6.75346
-6.74062
-6.72146
-6.6971
-6.66418
-6.62671
-6.58621
-6.54837
-6.52064
-6.50585
-6.50374
-6.51628
-6.54255
-6.58049
-6.62652
-6.67288
-6.71488
-6.74829
-6.76682
-6.77273
-6.76444
-6.74616
-6.72099
-6.69398
-6.66059
-6.62864
-6.5935
-6.56532
-6.54436
-6.53536
-6.53238
-6.5369
-6.54458
-6.5543
-6.56013
-6.56713
-6.5733
-6.58457
-6.6025
-6.62334
-6.64489
-6.66723
-6.68482
-6.69807
-6.70624
-6.71224
-6.71683
-6.72223
-6.72712
-6.73465
-6.74369
-6.75078
-6.75304
-6.74928
-6.738
-6.72129
-6.69821
-6.67657
-6.6549
-6.64196
-6.6324
-6.62802
-6.62785
-6.62624
-6.62105
-6.6099
-6.59064
-6.56209
-6.53164
-6.49989
-6.47215
-6.45516
-6.45349
-6.47076
-6.5021
-6.54094
-6.58352
-6.62461
-6.6568
-6.68397
-6.70451
-6.71777
-6.72532
-6.72903
-6.72913
-6.73026
-6.73916
-6.74904
-6.75953
-6.77355
-6.78772
-6.80083
-6.81041
-6.80524
-6.78857
-6.75974
-6.71805
-6.67132
-6.61708
-6.56415
-6.51733
-6.48448
-6.46784
-6.46479
-6.47907
-6.50413
-6.53953
-6.57829
-6.61933
-6.656
-6.68968
-6.71928
-6.74131
-6.75441
-6.758
-6.75405
-6.74306
-6.72729
-6.71299
-6.69916
-6.68738
-6.67588
-6.66873
-6.66827
-6.66789
-6.66044
-6.65334
-6.64525
-6.63345
-6.6238
-6.61832
-6.62008
-6.62608
-6.63603
-6.64398
-6.6484
-6.64443
-6.6301
-6.60468
-6.56864
-6.53177
-6.49818
-6.47624
-6.46651
-6.47249
-6.49672
-6.53314
-6.57858
-6.6299
-6.67774
-6.72009
-6.75721
-6.78127
-6.79413
-6.79657
-6.78502
-6.76592
-6.7348
-6.69726
-6.65655
-6.61266
-6.57385
-6.53726
-6.51383
-6.50422
-6.50359
-6.51372
-6.5315
-6.55346
-6.57913
-6.60623
-6.62921
-6.65328
-6.67586
-6.69482
-6.70731
-6.71352
-6.71169
-6.69768
-6.67673
-6.64855
-6.61769
-6.59226
-6.57338
-6.56387
-6.56581
-6.57635
-6.59414
-6.61581
-6.63821
-6.66001
-6.67877
-6.69434
-6.70802
-6.72155
-6.7376
-6.75191
-6.75777
-6.75766
-6.74561
-6.72204
-6.69241
-6.65591
-6.61379
-6.57695
-6.54268
-6.51908
-6.50839
-6.5112
-6.52792
-6.55196
-6.58364
-6.61771
-6.64896
-6.68029
-6.70351
-6.71817
-6.72528
-6.72567
-6.71862
-6.70764
-6.6977
-6.69181
-6.69077
-6.68926
-6.6908
-6.69328
-6.69069
-6.68662
-6.67925
-6.67206
-6.66253
-6.65274
-6.64273
-6.63663
-6.63544
-6.63421
-6.63916
-6.64228
-6.64744
-6.65433
-6.66139
-6.66512
-6.66446
-6.65714
-6.64463
-6.62386
-6.60001
-6.57079
-6.5418
-6.51265
-6.49242
-6.47919
-6.47302
-6.47698
-6.48478
-6.50115
-6.52176
-6.54598
-6.5727
-6.60058
-6.62432
-6.64522
-6.66106
-6.67694
-6.69263
-6.70674
-6.71951
-6.72656
-6.73284
-6.73665
-6.73685
-6.73456
-6.73155
-6.72327
-6.7153
-6.70363
-6.68873
-6.66915
-6.64426
-6.61884
-6.59614
-6.5811
-6.57951
-6.59166
-6.60796
-6.63086
-6.65087
-6.66709
-6.67607
-6.67771
-6.67477
-6.66542
-6.65404
-6.64042
-6.62824
-6.61908
-6.6099
-6.60284
-6.59843
-6.5959
-6.5971
-6.60392
-6.61628
-6.63349
-6.65407
-6.67704
-6.69871
-6.71919
-6.73613
-6.74899
-6.75534
-6.7528
-6.74286
-6.72172
-6.69761
-6.67178
-6.64303
-6.61482
-6.58979
-6.56388
-6.54046
-6.52294
-6.51556
-6.51954
-6.53333
-6.55805
-6.58894
-6.61955
-6.64886
-6.67093
-6.68138
-6.68365
-6.68099
-6.67602
-6.66745
-6.66111
-6.65412
-6.65074
-6.64929
-6.64806
-6.65253
-6.65359
-6.65597
-6.65626
-6.65092
-6.63742
-6.62049
-6.60013
-6.58419
-6.57165
-6.56799
-6.57252
-6.5853
-6.60029
-6.61735
-6.6286
-6.63486
-6.63543
-6.62938
-6.61906
-6.60831
-6.60355
-6.60321
-6.60193
-6.60324
-6.60527
-6.60761
-6.60933
-6.6109
-6.61569
-6.62031
-6.62892
-6.64324
-6.65464
-6.66592
-6.68163
-6.70039
-6.72143
-6.74458
-6.76479
-6.77957
-6.78408
-6.77424
-6.75386
-6.72202
-6.68305
-6.63637
-6.59292
-6.55206
-6.51953
-6.49513
-6.48401
-6.48302
-6.49415
-6.51314
-6.54224
-6.5687
-6.59976
-6.62989
-6.65819
-6.6805
-6.6992
-6.71258
-6.72023
-6.72021
-6.71591
-6.71303
-6.70953
-6.70799
-6.70432
-6.70049
-6.69273
-6.68154
-6.67059
-6.65974
-6.65218
-6.64795
-6.64899
-6.65349
-6.65809
-6.66074
-6.66157
-6.6604
-6.6574
-6.6513
-6.6448
-6.63724
-6.63177
-6.62573
-6.61991
-6.61481
-6.61093
-6.60851
-6.60713
-6.61028
-6.61516
-6.61994
-6.61816
-6.60972
-6.5987
-6.58653
-6.57422
-6.56373
-6.55446
-6.55015
-6.55267
-6.56245
-6.57621
-6.59825
-6.62274
-6.64719
-6.67252
-6.69505
-6.71528
-6.72898
-6.7398
-6.74505
-6.74467
-6.73977
-6.73359
-6.72394
-6.71413
-6.70329
-6.69395
-6.68463
-6.6743
-6.6663
-6.65482
-6.63999
-6.62327
-6.60715
-6.58954
-6.5751
-6.5653
-6.56313
-6.56954
-6.5849
-6.60788
-6.64033
-6.67092
-6.69753
-6.71385
-6.71812
-6.70727
-6.68414
-6.6498
-6.60974
-6.56773
-6.53464
-6.51486
-6.51303
-6.52673
-6.55274
-6.58507
-6.61642
-6.64237
-6.6629
-6.67436
-6.68236
-6.689
-6.69398
-6.69479
-6.69305
-6.68344
-6.66797
-6.64531
-6.62104
-6.59875
-6.58011
-6.57045
-6.56816
-6.57686
-6.5928
-6.61464
-6.63659
-6.65791
-6.67625
-6.69063
-6.69984
-6.70403
-6.7059
-6.70439
-6.70251
-6.69894
-6.69483
-6.69016
-6.68387
-6.67427
-6.66078
-6.64631
-6.63333
-6.62174
-6.61326
-6.60856
-6.61141
-6.61685
-6.62874
-6.64025
-6.65168
-6.6615
-6.66836
-6.66966
-6.66707
-6.66684
-6.66532
-6.66852
-6.67141
-6.67184
-6.66951
-6.66532
-6.65834
-6.64892
-6.63927
-6.62605
-6.61109
-6.59798
-6.58949
-6.58567
-6.58806
-6.59475
-6.60625
-6.6196
-6.63283
-6.64763
-6.662
-6.67401
-6.68316
-6.69063
-6.69181
-6.68919
-6.6834
-6.67688
-6.66558
-6.65564
-6.64785
-6.63923
-6.62802
-6.61709
-6.60633
-6.59202
-6.58285
-6.57438
-6.56823
-6.57061
-6.57751
-6.58672
-6.60106
-6.61321
-6.6209
-6.6246
-6.62012
-6.61244
-6.5991
-6.59155
-6.59014
-6.59798
-6.61635
-6.64092
-6.66717
-6.6909
-6.7098
-6.72388
-6.73361
-6.73561
-6.73399
-6.73085
-6.72994
-6.72806
-6.72801
-6.72943
-6.72824
-6.72555
-6.72105
-6.71351
-6.70533
-6.69905
-6.69314
-6.68371
-6.67258
-6.65928
-6.64119
-6.61846
-6.6017
-6.58414
-6.57215
-6.56415
-6.55882
-6.55514
-6.54759
-6.53874
-6.52768
-6.51272
-6.49553
-6.48106
-6.47206
-6.47206
-6.48494
-6.5109
-6.54954
-6.59541
-6.64243
-6.68348
-6.71965
-6.74624
-6.76517
-6.77053
-6.76683
-6.75038
-6.72511
-6.68908
-6.64706
-6.6034
-6.55684
-6.52081
-6.49282
-6.47785
-6.48085
-6.49987
-6.53541
-6.58447
-6.63854
-6.68756
-6.72529
-6.74492
-6.74898
-6.73747
-6.71525
-6.68636
-6.65705
-6.62964
-6.60827
-6.59379
-6.58981
-6.59579
-6.60931
-6.6304
-6.65373
-6.67709
-6.69886
-6.71616
-6.72505
-6.72885
-6.72433
-6.71209
-6.69467
-6.67302
-6.65101
-6.63021
-6.61272
-6.59862
-6.58417
-6.57373
-6.56757
-6.56644
-6.5751
-6.59149
-6.61184
-6.63979
-6.66985
-6.69776
-6.71791
-6.72993
-6.73535
-6.73396
-6.72455
-6.7127
-6.70017
-6.68862
-6.67853
-6.66947
-6.65915
-6.65164
-6.64429
-6.63489
-6.6261
-6.61236
-6.59692
-6.57889
-6.56126
-6.54149
-6.52358
-6.51056
-6.50115
-6.50233
-6.51125
-6.52725
-6.55178
-6.57597
-6.6013
-6.62226
-6.63579
-6.64526
-6.64973
-6.65244
-6.66043
-6.67087
-6.68222
-6.69114
-6.69947
-6.70138
-6.69834
-6.69188
-6.67958
-6.67079
-6.66088
-6.65403
-6.6482
-6.64511
-6.64479
-6.6423
-6.64429
-6.65013
-6.65442
-6.65719
-6.66
-6.65997
-6.65003
-6.63478
-6.61614
-6.60282
-6.5933
-6.59196
-6.60124
-6.61571
-6.63349
-6.65065
-6.66186
-6.66944
-6.66964
-6.66523
-6.65478
-6.64153
-6.6319
-6.62086
-6.61369
-6.61172
-6.61467
-6.61937
-6.62153
-6.62379
-6.62164
-6.61285
-6.59891
-6.57915
-6.56211
-6.54904
-6.54071
-6.54273
-6.55421
-6.56854
-6.58767
-6.60554
-6.62308
-6.63712
-6.64646
-6.65334
-6.66006
-6.66593
-6.66959
-6.67123
-6.66933
-6.66205
-6.65401
-6.64179
-6.63534
-6.63388
-6.64203
-6.65828
-6.67966
-6.70168
-6.72332
-6.73573
-6.74132
-6.73866
-6.72826
-6.7126
-6.69398
-6.67499
-6.65512
-6.64086
-6.62669
-6.61951
-6.61845
-6.61528
-6.61544
-6.61503
-6.61352
-6.61258
-6.60829
-6.60041
-6.59007
-6.57924
-6.56967
-6.55881
-6.54656
-6.53843
-6.53324
-6.52961
-6.52871
-6.53211
-6.53997
-6.55229
-6.57173
-6.59757
-6.62692
-6.65915
-6.69083
-6.71413
-6.72903
-6.73634
-6.73632
-6.72794
-6.7129
-6.69733
-6.68391
-6.67747
-6.67386
-6.67519
-6.68063
-6.68352
-6.68204
-6.68286
-6.68309
-6.68035
-6.67681
-6.6733
-6.67179
-6.66996
-6.67251
-6.67626
-6.68124
-6.68564
-6.68834
-6.68807
-6.68467
-6.67404
-6.66495
-6.65465
-6.64644
-6.64493
-6.64708
-6.65245
-6.65781
-6.66624
-6.67689
-6.68771
-6.69873
-6.70762
-6.71639
-6.71606
-6.70851
-6.69294
-6.66595
-6.63318
-6.59999
-6.57192
-6.55264
-6.54197
-6.53854
-6.5382
-6.54276
-6.54904
-6.55976
-6.5733
-6.5869
-6.60201
-6.61154
-6.61644
-6.61499
-6.61073
-6.60405
-6.59393
-6.58657
-6.58716
-6.59002
-6.59683
-6.60565
-6.61271
-6.61957
-6.62324
-6.62648
-6.6293
-6.63167
-6.63787
-6.64539
-6.65285
-6.66212
-6.67048
-6.67578
-6.67594
-6.67626
-6.67071
-6.66542
-6.65695
-6.64881
-6.64265
-6.64199
-6.64715
-6.6583
-6.67527
-6.69692
-6.71974
-6.74099
-6.75299
-6.75582
-6.7486
-6.72687
-6.69593
-6.66121
-6.63335
-6.61358
-6.6036
-6.60294
-6.61259
-6.63153
-6.65819
-6.68867
-6.71752
-6.74111
-6.75642
-6.76131
-6.75526
-6.73592
-6.71031
-6.67577
-6.63872
-6.59888
-6.56103
-6.52903
-6.50696
-6.49446
-6.49286
-6.50107
-6.51919
-6.54486
-6.57627
-6.60764
-6.638
-6.66528
-6.68135
-6.6917
-6.69228
-6.68736
-6.6764
-6.66345
-6.64981
-6.63961
-6.63084
-6.62415
-6.61998
-6.61676
-6.60982
-6.60178
-6.58948
-6.57603
-6.56796
-6.56502
-6.56645
-6.5746
-6.5863
-6.60347
-6.62078
-6.64362
-6.6618
-6.67885
-6.69345
-6.70163
-6.70584
-6.70532
-6.69904
-6.68754
-6.67345
-6.65731
-6.63896
-6.61985
-6.60302
-6.58882
-6.57853
-6.574
-6.57318
-6.57266
-6.57309
-6.57561
-6.5829
-6.59562
-6.61156
-6.62772
-6.64426
-6.65623
-6.66364
-6.6674
-6.66774
-6.66741
-6.67025
-6.67032
-6.66686
-6.66873
-6.66894
-6.67347
-6.68022
-6.68593
-6.69066
-6.69295
-6.69197
-6.69061
-6.68343
-6.67997
-6.67738
-6.67473
-6.67218
-6.67439
-6.68296
-6.68485
-6.68842
-6.68243
-6.67427
-6.66324
-6.64814
-6.63305
-6.6231
-6.61434
-6.61195
-6.61065
-6.61339
-6.62062
-6.63031
-6.63824
-6.64408
-6.64809
-6.65217
-6.65192
-6.65157
-6.64581
-6.64514
-6.6397
-6.63437
-6.62383
-6.61364
-6.59884
-6.58589
-6.57177
-6.56012
-6.54928
-6.54328
-6.53505
-6.5284
-6.52415
-6.52161
-6.52224
-6.52465
-6.52816
-6.53586
-6.55013
-6.57016
-6.59259
-6.62148
-6.64942
-6.67955
-6.70774
-6.73513
-6.75715
-6.77028
-6.77899
-6.77863
-6.77009
-6.75518
-6.73175
-6.70468
-6.67277
-6.6406
-6.61177
-6.5863
-6.56786
-6.55358
-6.54573
-6.54168
-6.54415
-6.55326
-6.56962
-6.59124
-6.61453
-6.64333
-6.6713
-6.69966
-6.71726
-6.73303
-6.7357
-6.73001
-6.71626
-6.70075
-6.68101
-6.6655
-6.653
-6.6462
-6.64573
-6.6488
-6.65291
-6.6564
-6.65568
-6.65412
-6.65102
-6.65075
-6.65183
-6.65342
-6.65122
-6.64767
-6.64072
-6.63439
-6.63298
-6.63511
-6.64364
-6.65818
-6.67114
-6.67503
-6.67408
-6.66598
-6.6518
-6.63157
-6.60994
-6.58578
-6.56582
-6.54702
-6.53364
-6.52535
-6.52288
-6.52324
-6.52827
-6.53751
-6.55315
-6.57674
-6.60238
-6.62827
-6.65073
-6.66465
-6.67198
-6.66999
-6.66149
-6.64998
-6.64056
-6.63373
-6.63285
-6.63428
-6.64384
-6.65471
-6.66543
-6.67396
-6.68138
-6.68438
-6.68362
-6.68345
-6.67757
-6.66703
-6.65618
-6.64594
-6.63543
-6.62726
-6.62285
-6.62255
-6.62813
-6.63597
-6.64669
-6.6557
-6.66105
-6.66286
-6.65473
-6.63685
-6.61216
-6.58576
-6.56457
-6.55112
-6.54918
-6.56246
-6.58425
-6.60942
-6.63575
-6.65827
-6.67395
-6.68171
-6.6845
-6.68131
-6.67476
-6.66551
-6.65456
-6.6384
-6.61729
-6.59404
-6.57291
-6.55806
-6.55235
-6.55639
-6.57036
-6.5922
-6.61766
-6.64124
-6.66058
-6.67908
-6.69472
-6.7116
-6.72543
-6.74283
-6.7559
-6.76768
-6.7746
-6.77539
-6.77229
-6.76493
-6.75131
-6.73202
-6.70443
-6.67284
-6.63792
-6.60099
-6.57146
-6.5529
-6.54401
-6.54041
-6.54725
-6.56002
-6.57834
-6.60147
-6.62667
-6.64851
-6.66616
-6.6752
-6.67531
-6.66756
-6.65523
-6.64056
-6.63308
-6.63385
-6.64595
-6.66954
-6.69782
-6.71691
-6.72793
-6.7259
-6.71404
-6.69543
-6.67367
-6.65666
-6.6427
-6.634
-6.6274
-6.62254
-6.62101
-6.62041
-6.62908
-6.63831
-6.64435
-6.64456
-6.63648
-6.62305
-6.60671
-6.58801
-6.57055
-6.5555
-6.54702
-6.54455
-6.55029
-6.56991
-6.59785
-6.62905
-6.66411
-6.69737
-6.725
-6.74426
-6.75325
-6.75363
-6.74474
-6.73358
-6.71896
-6.6992
-6.68211
-6.66649
-6.65289
-6.64194
-6.63378
-6.62504
-6.62002
-6.61409
-6.60549
-6.59424
-6.57947
-6.56123
-6.5408
-6.52413
-6.51257
-6.50795
-6.51217
-6.52021
-6.53205
-6.54471
-6.55756
-6.57298
-6.59328
-6.6156
-6.64202
-6.66992
-6.70117
-6.7271
-6.74913
-6.76458
-6.77292
-6.77609
-6.76988
-6.76097
-6.74583
-6.72632
-6.70519
-6.68277
-6.66101
-6.64566
-6.63939
-6.64194
-6.64728
-6.6541
-6.66167
-6.66265
-6.65856
-6.64971
-6.6379
-6.6257
-6.61698
-6.61359
-6.61702
-6.62421
-6.63909
-6.65943
-6.68086
-6.70186
-6.71602
-6.71788
-6.70872
-6.6849
-6.65212
-6.61604
-6.57932
-6.547
-6.52141
-6.49851
-6.48163
-6.46887
-6.4644
-6.46962
-6.48918
-6.52762
-6.57954
-6.63393
-6.68603
-6.73126
-6.76366
-6.78407
-6.79169
-6.78664
-6.77405
-6.75422
-6.72961
-6.69816
-6.66565
-6.6285
-6.59581
-6.56482
-6.54461
-6.53718
-6.54239
-6.55901
-6.58629
-6.61309
-6.64151
-6.66919
-6.69678
-6.72529
-6.75038
-6.76622
-6.77583
-6.77351
-6.7609
-6.73518
-6.69992
-6.66164
-6.62513
-6.59146
-6.56674
-6.54633
-6.53284
-6.52404
-6.51806
-6.51383
-6.51341
-6.51668
-6.52379
-6.53126
-6.5415
-6.55297
-6.56805
-6.58606
-6.60691
-6.63361
-6.66195
-6.68906
-6.71331
-6.73441
-6.74811
-6.75675
-6.76005
-6.7572
-6.75032
-6.73542
-6.7137
-6.68771
-6.65495
-6.61843
-6.58184
-6.54901
-6.52618
-6.51429
-6.51518
-6.5328
-6.56052
-6.591
-6.62451
-6.65497
-6.68284
-6.70376
-6.71784
-6.72693
-6.73075
-6.73109
-6.72706
-6.72848
-6.7301
-6.73454
-6.7456
-6.75738
-6.76477
-6.76758
-6.76778
-6.76215
-6.74975
-6.72963
-6.70317
-6.66717
-6.62661
-6.58444
-6.54832
-6.51877
-6.49915
-6.48185
-6.46974
-6.45873
-6.45024
-6.44645
-6.45009
-6.463
-6.49118
-6.53119
-6.58122
-6.64051
-6.69786
-6.75018
-6.79106
-6.81442
-6.82383
-6.81928
-6.80783
-6.78604
-6.75715
-6.72819
-6.70183
-6.67677
-6.65978
-6.65112
-6.65083
-6.65956
-6.66774
-6.67649
-6.68382
-6.6836
-6.67506
-6.66253
-6.64707
-6.62859
-6.60879
-6.59068
-6.57553
-6.56343
-6.5531
-6.54487
-6.53879
-6.5388
-6.5417
-6.55228
-6.56853
-6.58753
-6.60732
-6.62567
-6.64167
-6.65629
-6.67017
-6.6785
-6.68537
-6.68705
-6.68637
-6.68107
-6.67118
-6.65752
-6.6425
-6.62608
-6.61286
-6.60418
-6.6002
-6.60539
-6.6155
-6.63398
-6.65055
-6.6648
-6.67188
-6.67479
-6.67082
-6.66385
-6.66008
-6.65711
-6.65627
-6.65963
-6.66507
-6.67001
-6.6755
-6.6804
-6.68044
-6.67862
-6.67689
-6.67298
-6.66365
-6.65593
-6.6479
-6.64184
-6.63964
-6.64045
-6.64512
-6.65334
-6.66485
-6.67538
-6.68187
-6.68432
-6.67984
-6.67025
-6.65591
-6.63992
-6.62341
-6.61326
-6.60354
-6.59758
-6.59808
-6.598
-6.60106
-6.60561
-6.61047
-6.61794
-6.62572
-6.63549
-6.64254
-6.63973
-6.63505
-6.62096
-6.60171
-6.58077
-6.5628
-6.55359
-6.55686
-6.57103
-6.59279
-6.61765
-6.64241
-6.66562
-6.68302
-6.69075
-6.69108
-6.68644
-6.67714
-6.6623
-6.6469
-6.63473
-6.62886
-6.62869
-6.63547
-6.64743
-6.66056
-6.66974
-6.67172
-6.66902
-6.65861
-6.64731
-6.6402
-6.63909
-6.64146
-6.64735
-6.65176
-6.65302
-6.65232
-6.64839
-6.64303
-6.63053
-6.61694
-6.60222
-6.58657
-6.56833
-6.55501
-6.54953
-6.55271
-6.5645
-6.58001
-6.60182
-6.62568
-6.65064
-6.67274
-6.68965
-6.70258
-6.71058
-6.72174
-6.72631
-6.728
-6.72371
-6.71596
-6.70144
-6.68575
-6.66786
-6.65552
-6.64925
-6.64845
-6.64764
-6.64816
-6.64755
-6.64319
-6.63537
-6.62252
-6.61005
-6.59982
-6.58979
-6.58395
-6.58418
-6.58633
-6.59106
-6.59554
-6.59773
-6.5961
-6.59245
-6.5825
-6.56843
-6.55435
-6.53662
-6.52126
-6.51339
-6.51165
-6.51517
-6.53016
-6.55036
-6.57483
-6.60191
-6.63016
-6.65838
-6.68794
-6.71051
-6.72136
-6.71927
-6.70099
-6.66967
-6.62982
-6.58942
-6.55945
-6.54398
-6.54754
-6.56684
-6.59865
-6.63621
-6.67521
-6.70685
-6.73238
-6.74611
-6.74621
-6.73923
-6.72618
-6.71021
-6.69135
-6.67353
-6.65994
-6.64512
-6.63771
-6.6315
-6.63089
-6.63361
-6.63791
-6.6449
-6.64938
-6.65303
-6.65632
-6.66177
-6.66491
-6.67228
-6.67843
-6.68314
-6.685
-6.68351
-6.67924
-6.67215
-6.6618
-6.65317
-6.64391
-6.63793
-6.63817
-6.64185
-6.65172
-6.66443
-6.67524
-6.68379
-6.68579
-6.679
-6.66089
-6.64221
-6.6207
-6.60038
-6.58287
-6.57154
-6.5602
-6.55049
-6.54832
-6.54917
-6.55606
-6.57105
-6.58648
-6.6003
-6.61217
-6.61782
-6.62163
-6.6229
-6.62082
-6.62143
-6.62529
-6.62925
-6.63586
-6.63961
-6.64289
-6.64036
-6.63088
-6.6198
-6.61168
-6.60978
-6.61687
-6.62751
-6.63816
-6.64789
-6.65263
-6.65231
-6.64898
-6.64457
-6.6446
-6.64647
-6.65073
-6.65555
-6.65927
-6.66047
-6.66138
-6.66497
-6.66724
-6.6706
-6.6749
-6.67566
-6.67496
-6.67395
-6.6717
-6.67708
-6.6832
-6.69213
-6.69808
-6.70148
-6.70472
-6.7088
-6.71163
-6.71371
-6.71657
-6.71857
-6.71819
-6.71188
-6.69694
-6.67317
-6.64369
-6.60591
-6.56618
-6.5254
-6.49144
-6.4668
-6.4583
-6.4616
-6.4756
-6.49756
-6.52621
-6.55485
-6.58054
-6.60259
-6.62234
-6.63609
-6.64898
-6.66146
-6.67727
-6.69055
-6.70092
-6.70564
-6.70469
-6.70196
-6.69192
-6.68208
-6.6708
-6.66582
-6.66246
-6.66121
-6.66447
-6.67142
-6.68172
-6.69455
-6.7074
-6.71984
-6.73033
-6.73937
-6.74786
-6.75432
-6.75412
-6.75604
-6.75154
-6.74429
-6.73271
-6.71465
-6.69299
-6.66699
-6.64085
-6.61721
-6.59601
-6.57938
-6.56418
-6.55259
-6.54504
-6.53933
-6.53778
-6.53744
-6.54144
-6.54523
-6.54917
-6.55283
-6.55685
-6.56342
-6.57054
-6.57815
-6.58935
-6.60638
-6.6232
-6.63762
-6.64746
-6.6493
-6.64753
-6.63868
-6.62975
-6.62089
-6.61013
-6.60107
-6.59293
-6.58606
-6.58212
-6.58082
-6.58186
-6.57808
-6.5766
-6.57083
-6.57009
-6.57547
-6.59065
-6.61346
-6.64356
-6.67149
-6.68923
-6.69694
-6.69911
-6.69713
-6.69005
-6.68532
-6.67758
-6.66935
-6.6567
-6.64193
-6.62752
-6.61098
-6.59865
-6.59416
-6.598
-6.6055
-6.61702
-6.63182
-6.64384
-6.65258
-6.65356
-6.65045
-6.64367
-6.63125
-6.61496
-6.59796
-6.58316
-6.57257
-6.56702
-6.5656
-6.57281
-6.58246
-6.59733
-6.61658
-6.63648
-6.66477
-6.69347
-6.72225
-6.74526
-6.76506
-6.77544
-6.77208
-6.75773
-6.73653
-6.71112
-6.68203
-6.65181
-6.62626
-6.60351
-6.58305
-6.5622
-6.54738
-6.53627
-6.53334
-6.53559
-6.54395
-6.55789
-6.57529
-6.59801
-6.62479
-6.65054
-6.67931
-6.70848
-6.7328
-6.74743
-6.75344
-6.74889
-6.72957
-6.69755
-6.66055
-6.61605
-6.57921
-6.55071
-6.53297
-6.52868
-6.53534
-6.55079
-6.57206
-6.59302
-6.61199
-6.62616
-6.63868
-6.64827
-6.65458
-6.65936
-6.66182
-6.6673
-6.67067
-6.67797
-6.68905
-6.6973
-6.71091
-6.7224
-6.73243
-6.73616
-6.73496
-6.7298
-6.72096
-6.71039
-6.7004
-6.69543
-6.68956
-6.68614
-6.68362
-6.6821
-6.67744
-6.6736
-6.67006
-6.66081
-6.6503
-6.63595
-6.61453
-6.59397
-6.57368
-6.555
-6.53844
-6.52677
-6.52306
-6.52774
-6.54102
-6.56008
-6.57863
-6.59612
-6.60896
-6.61599
-6.61886
-6.6165
-6.6088
-6.59796
-6.58429
-6.56828
-6.5514
-6.53788
-6.52931
-6.52659
-6.53226
-6.54843
-6.57145
-6.60291
-6.63254
-6.6603
-6.68215
-6.70172
-6.70667
-6.70688
-6.69373
-6.67215
-6.64758
-6.62263
-6.60086
-6.58879
-6.58773
-6.59444
-6.60747
-6.62802
-6.64829
-6.66851
-6.68438
-6.68974
-6.69047
-6.68001
-6.66143
-6.64085
-6.6159
-6.59304
-6.57524
-6.56172
-6.5562
-6.56202
-6.5747
-6.59175
-6.61274
-6.63355
-6.65006
-6.66283
-6.6734
-6.68372
-6.69152
-6.69835
-6.70734
-6.71252
-6.71712
-6.72072
-6.71812
-6.71326
-6.7107
-6.70777
-6.70274
-6.69614
-6.68625
-6.66938
-6.64808
-6.62384
-6.59901
-6.57053
-6.54401
-6.52471
-6.50914
-6.51013
-6.52273
-6.54385
-6.57286
-6.60319
-6.6333
-6.6567
-6.67299
-6.68144
-6.68893
-6.69168
-6.69416
-6.69722
-6.70012
-6.70229
-6.69844
-6.69124
-6.6743
-6.65108
-6.62396
-6.59233
-6.56019
-6.53101
-6.51111
-6.50563
-6.51535
-6.5409
-6.58034
-6.62865
-6.67759
-6.72067
-6.7529
-6.77479
-6.7841
-6.78263
-6.76923
-6.74917
-6.72125
-6.69054
-6.65731
-6.62533
-6.59739
-6.57609
-6.563
-6.55927
-6.56447
-6.58241
-6.61063
-6.64625
-6.68783
-6.7272
-6.7624
-6.78458
-6.79289
-6.79049
-6.77757
-6.75652
-6.7336
-6.70825
-6.68423
-6.66249
-6.63993
-6.61748
-6.60054
-6.58783
-6.57677
-6.56901
-6.5653
-6.56472
-6.56616
-6.57026
-6.57888
-6.58967
-6.59784
-6.60396
-6.6114
-6.61712
-6.6185
-6.61262
-6.59909
-6.58086
-6.56122
-6.54121
-6.52304
-6.51209
-6.5082
-6.50986
-6.51998
-6.53637
-6.5588
-6.58277
-6.60274
-6.61896
-6.63292
-6.6427
-6.64641
-6.64616
-6.64929
-6.64715
-6.64356
-6.63846
-6.63158
-6.62326
-6.61856
-6.62299
-6.62952
-6.6399
-6.65196
-6.66452
-6.67513
-6.68413
-6.69407
-6.69998
-6.70442
-6.70611
-6.70619
-6.70252
-6.69642
-6.68478
-6.67001
-6.65052
-6.62658
-6.61142
-6.60064
-6.59844
-6.60174
-6.61135
-6.62609
-6.64577
-6.66924
-6.69406
-6.71776
-6.73784
-6.74997
-6.75217
-6.73905
-6.71276
-6.6772
-6.64042
-6.6053
-6.58262
-6.5799
-6.59225
-6.61321
-6.63415
-6.65261
-6.66394
-6.67371
-6.6806
-6.68412
-6.68325
-6.68139
-6.6743
-6.65949
-6.63685
-6.61275
-6.58748
-6.56264
-6.54476
-6.53096
-6.5267
-6.52943
-6.53908
-6.55804
-6.58643
-6.61581
-6.64987
-6.67881
-6.70127
-6.71352
-6.71565
-6.70652
-6.69177
-6.67515
-6.65872
-6.65016
-6.64787
-6.64825
-6.6529
-6.65001
-6.64246
-6.63034
-6.61445
-6.59336
-6.57352
-6.55743
-6.55286
-6.55931
-6.57756
-6.60465
-6.63838
-6.67368
-6.70959
-6.74023
-6.75593
-6.76096
-6.74965
-6.72769
-6.69971
-6.67458
-6.65959
-6.65537
-6.66324
-6.68217
-6.70488
-6.7256
-6.74074
-6.75136
-6.75151
-6.74851
-6.73704
-6.72054
-6.69823
-6.67147
-6.64303
-6.60878
-6.57622
-6.54607
-6.52024
-6.50625
-6.49986
-6.50148
-6.51251
-6.52883
-6.54694
-6.56598
-6.58709
-6.60801
-6.62652
-6.64696
-6.66468
-6.67926
-6.68987
-6.69757
-6.70123
-6.70656
-6.71291
-6.71879
-6.72178
-6.71515
-6.70049
-6.67581
-6.64651
-6.62518
-6.61195
-6.61633
-6.62769
-6.63969
-6.64756
-6.65019
-6.64848
-6.63951
-6.63115
-6.62289
-6.61716
-6.61289
-6.61105
-6.61152
-6.61621
-6.62349
-6.63212
-6.64152
-6.6506
-6.65343
-6.64585
-6.63301
-6.61254
-6.5932
-6.57651
-6.56634
-6.56839
-6.58301
-6.60505
-6.6294
-6.66151
-6.69246
-6.71992
-6.74415
-6.761
-6.76699
-6.76453
-6.75309
-6.73751
-6.72004
-6.70292
-6.68773
-6.67912
-6.67263
-6.67173
-6.67349
-6.67444
-6.67524
-6.67751
-6.67768
-6.67277
-6.6619
-6.64404
-6.61763
-6.58738
-6.55023
-6.5116
-6.47953
-6.45659
-6.44444
-6.4455
-6.45718
-6.48189
-6.51747
-6.55811
-6.60105
-6.64348
-6.68284
-6.71429
-6.73397
-6.74436
-6.74716
-6.74093
-6.72792
-6.70878
-6.6875
-6.66732
-6.6492
-6.63325
-6.62367
-6.62151
-6.62454
-6.63729
-6.6577
-6.6896
-6.7255
-6.75785
-6.77976
-6.78989
-6.78089
-6.7547
-6.71116
-6.66081
-6.60628
-6.55303
-6.5119
-6.48369
-6.47319
-6.47948
-6.49847
-6.53335
-6.57748
-6.62418
-6.66797
-6.70926
-6.73913
-6.76271
-6.7731
-6.77523
-6.76805
-6.75075
-6.72414
-6.69018
-6.65503
-6.61987
-6.591
-6.57237
-6.56757
-6.57718
-6.59536
-6.6195
-6.6437
-6.66478
-6.68169
-6.68514
-6.67989
-6.67045
-6.65792
-6.64614
-6.63719
-6.63097
-6.6228
-6.61694
-6.61227
-6.6085
-6.61003
-6.61287
-6.61762
-6.62298
-6.62731
-6.6326
-6.63593
-6.6413
-6.6443
-6.64881
-6.65606
-6.66525
-6.67189
-6.68023
-6.68746
-6.69512
-6.70045
-6.69839
-6.69016
-6.67723
-6.65576
-6.63207
-6.60728
-6.5901
-6.57958
-6.57521
-6.57962
-6.58659
-6.59734
-6.60653
-6.61505
-6.62179
-6.62396
-6.62015
-6.61193
-6.60055
-6.58685
-6.57036
-6.55203
-6.53645
-6.52632
-6.52379
-6.53455
-6.55542
-6.58309
-6.61448
-6.64683
-6.67505
-6.69846
-6.7138
-6.72115
-6.72136
-6.71662
-6.70741
-6.69768
-6.68461
-6.67154
-6.66124
-6.65335
-6.65244
-6.65417
-6.66013
-6.66303
-6.66299
-6.66197
-6.6551
-6.64127
-6.62692
-6.61418
-6.5992
-6.58696
-6.5791
-6.57357
-6.57342
-6.58086
-6.58949
-6.59791
-6.6121
-6.62671
-6.6374
-6.64782
-6.65517
-6.65853
-6.66093
-6.66234
-6.66439
-6.66547
-6.66839
-6.67344
-6.67906
-6.68803
-6.69842
-6.70811
-6.71647
-6.72103
-6.72082
-6.7156
-6.70348
-6.68574
-6.66787
-6.6442
-6.62173
-6.6003
-6.57897
-6.56298
-6.54839
-6.54045
-6.54697
-6.564
-6.59139
-6.6253
-6.65901
-6.68866
-6.70638
-6.71697
-6.71813
-6.71123
-6.69895
-6.68394
-6.66917
-6.65492
-6.64641
-6.63798
-6.63423
-6.63323
-6.63523
-6.64061
-6.65071
-6.66295
-6.67944
-6.69008
-6.70058
-6.70767
-6.71099
-6.71286
-6.70882
-6.70119
-6.69242
-6.67851
-6.66044
-6.64565
-6.62844
-6.61418
-6.60434
-6.60042
-6.603
-6.60669
-6.61621
-6.62818
-6.64096
-6.64645
-6.64396
-6.6333
-6.61505
-6.58791
-6.5542
-6.51767
-6.48341
-6.45278
-6.42912
-6.42002
-6.426
-6.44853
-6.48374
-6.52707
-6.57629
-6.62028
-6.65649
-6.68015
-6.68794
-6.68242
-6.66498
-6.64183
-6.61733
-6.60338
-6.59948
-6.60425
-6.6195
-6.63918
-6.66118
-6.68345
-6.70647
-6.72488
-6.7385
-6.74853
-6.75383
-6.75488
-6.75133
-6.74456
-6.73423
-6.72281
-6.71354
-6.70238
-6.689
-6.6723
-6.65403
-6.63475
-6.61754
-6.60092
-6.59162
-6.58756
-6.59253
-6.60228
-6.6141
-6.62649
-6.63275
-6.6308
-6.61902
-6.60303
-6.58535
-6.56792
-6.5582
-6.55858
-6.57225
-6.59755
-6.62742
-6.6616
-6.69062
-6.71438
-6.73467
-6.74494
-6.74644
-6.74459
-6.7446
-6.74684
-6.7513
-6.76173
-6.77272
-6.78328
-6.78437
-6.77611
-6.75576
-6.72079
-6.67706
-6.62986
-6.58449
-6.54678
-6.52082
-6.5124
-6.51735
-6.52921
-6.54577
-6.55927
-6.56709
-6.56464
-6.55949
-6.55671
-6.55347
-6.55555
-6.56329
-6.57737
-6.59242
-6.60796
-6.62627
-6.64106
-6.65288
-6.65985
-6.6625
-6.66614
-6.66649
-6.66553
-6.66223
-6.65734
-6.65127
-6.64678
-6.6461
-6.64898
-6.65367
-6.66359
-6.67568
-6.68953
-6.70335
-6.71508
-6.72524
-6.732
-6.73283
-6.73118
-6.72662
-6.71828
-6.70962
-6.7003
-6.68918
-6.67985
-6.66493
-6.64704
-6.63247
-6.61469
-6.59978
-6.58581
-6.57424
-6.56236
-6.5561
-6.54936
-6.54708
-6.54678
-6.54754
-6.54794
-6.54721
-6.54701
-6.54654
-6.55231
-6.56424
-6.57974
-6.60247
-6.62721
-6.65113
-6.6717
-6.68832
-6.69713
-6.7029
-6.69902
-6.68702
-6.66961
-6.65424
-6.64129
-6.63032
-6.62542
-6.61966
-6.61711
-6.61414
-6.61181
-6.60421
-6.5941
-6.58376
-6.57105
-6.55942
-6.55562
-6.56144
-6.57575
-6.59654
-6.62521
-6.65528
-6.68703
-6.72023
-6.7461
-6.76654
-6.77844
-6.77956
-6.76977
-6.75121
-6.72383
-6.69604
-6.66855
-6.65083
-6.64392
-6.64755
-6.65903
-6.67841
-6.69733
-6.711
-6.72154
-6.72966
-6.72837
-6.72593
-6.71283
-6.69431
-6.67081
-6.6413
-6.60961
-6.58352
-6.56411
-6.55328
-6.55116
-6.55726
-6.57164
-6.59339
-6.61414
-6.63568
-6.65555
-6.66981
-6.67996
-6.6874
-6.69439
-6.7017
-6.7069
-6.71034
-6.71112
-6.70662
-6.69605
-6.68374
-6.66432
-6.63919
-6.61082
-6.58106
-6.55783
-6.54341
-6.53937
-6.54541
-6.55224
-6.55624
-6.55795
-6.5573
-6.55694
-6.56095
-6.57125
-6.58358
-6.60153
-6.61682
-6.63114
-6.638
-6.63966
-6.64014
-6.63954
-6.63917
-6.64148
-6.64223
-6.63647
-6.62458
-6.60818
-6.58748
-6.57358
-6.57125
-6.58004
-6.6013
-6.62624
-6.65407
-6.68244
-6.70868
-6.73285
-6.75158
-6.76673
-6.77751
-6.78494
-6.78893
-6.78681
-6.7793
-6.76739
-6.75309
-6.73223
-6.7098
-6.68496
-6.66036
-6.63702
-6.61804
-6.60044
-6.58766
-6.58138
-6.57992
-6.58296
-6.59394
-6.61186
-6.63181
-6.65076
-6.66407
-6.66943
-6.66534
-6.65744
-6.64274
-6.62764
-6.6127
-6.6002
-6.58703
-6.57663
-6.57181
-6.57258
-6.57551
-6.58128
-6.58678
-6.59498
-6.60215
-6.60767
-6.61469
-6.62222
-6.6281
-6.63494
-6.63854
-6.64098
-6.64218
-6.64012
-6.63525
-6.6283
-6.61961
-6.61126
-6.60322
-6.59525
-6.58943
-6.58477
-6.58806
-6.59325
-6.60047
-6.60781
-6.61588
-6.62459
-6.63432
-6.64598
-6.6571
-6.66688
-6.67459
-6.67556
-6.6734
-6.66874
-6.65949
-6.65452
-6.65234
-6.65689
-6.66441
-6.6769
-6.68974
-6.70125
-6.71155
-6.71947
-6.72261
-6.72395
-6.72106
-6.70847
-6.69348
-6.67245
-6.64963
-6.63103
-6.61225
-6.59882
-6.58923
-6.58823
-6.59069
-6.59788
-6.60681
-6.61434
-6.62324
-6.62692
-6.62578
-6.625
-6.62065
-6.62066
-6.62293
-6.62956
-6.64143
-6.65859
-6.67491
-6.69271
-6.70696
-6.71892
-6.72713
-6.73103
-6.7287
-6.72283
-6.71342
-6.69683
-6.67888
-6.66164
-6.64355
-6.62725
-6.61527
-6.61007
-6.61083
-6.61275
-6.61771
-6.62427
-6.62725
-6.62423
-6.61064
-6.59262
-6.56952
-6.54603
-6.52534
-6.50852
-6.49953
-6.50085
-6.51026
-6.53138
-6.55976
-6.59263
-6.62422
-6.65509
-6.67629
-6.69225
-6.6975
-6.69738
-6.69441
-6.68672
-6.67911
-6.67182
-6.66689
-6.66765
-6.67611
-6.68881
-6.70379
-6.71667
-6.72525
-6.72957
-6.72595
-6.71434
-6.70022
-6.68913
-6.675
-6.66236
-6.6508
-6.6414
-6.63311
-6.62569
-6.61798
-6.61029
-6.60163
-6.59831
-6.59467
-6.59689
-6.60516
-6.61721
-6.63021
-6.64364
-6.65451
-6.66293
-6.6619
-6.65606
-6.64617
-6.63154
-6.61613
-6.6049
-6.59303
-6.58875
-6.58991
-6.59467
-6.59888
-6.60635
-6.6119
-6.61591
-6.61711
-6.61922
-6.62105
-6.61989
-6.62341
-6.62442
-6.62282
-6.61855
-6.61208
-6.60445
-6.59785
-6.59481
-6.59249
-6.60056
-6.6085
-6.6232
-6.63939
-6.65728
-6.67406
-6.68894
-6.70109
-6.70805
-6.7071
-6.70456
-6.69973
-6.69491
-6.69011
-6.68575
-6.68026
-6.67605
-6.67428
-6.67256
-6.66965
-6.66358
-6.65491
-6.64112
-6.62545
-6.61064
-6.60013
-6.59573
-6.5977
-6.60681
-6.61759
-6.62849
-6.63733
-6.64516
-6.64749
-6.64753
-6.6491
-6.65064
-6.65353
-6.66187
-6.67062
-6.67848
-6.6861
-6.68998
-6.68679
-6.68159
-6.67115
-6.65476
-6.64274
-6.62947
-6.62464
-6.6275
-6.6361
-6.64261
-6.65068
-6.65922
-6.66247
-6.66617
-6.66591
-6.66695
-6.6661
-6.6646
-6.65911
-6.6519
-6.63881
-6.62722
-6.61401
-6.6021
-6.597
-6.59873
-6.60961
-6.62561
-6.64377
-6.66335
-6.67894
-6.68779
-6.6904
-6.68305
-6.66942
-6.65157
-6.62851
-6.6052
-6.57537
-6.55233
-6.53472
-6.52118
-6.51982
-6.52867
-6.5433
-6.56355
-6.5864
-6.60985
-6.63098
-6.64376
-6.65269
-6.65405
-6.64885
-6.63471
-6.61589
-6.59207
-6.56463
-6.53812
-6.51466
-6.49553
-6.4886
-6.49501
-6.51557
-6.54869
-6.58497
-6.61883
-6.65104
-6.67621
-6.69607
-6.71556
-6.72936
-6.74447
-6.75981
-6.77509
-6.78621
-6.7959
-6.79862
-6.78962
-6.77438
-6.75071
-6.72146
-6.68895
-6.65775
-6.63517
-6.62016
-6.6126
-6.61698
-6.62964
-6.64321
-6.6558
-6.66893
-6.67614
-6.67984
-6.67445
-6.66371
-6.64823
-6.62524
-6.60537
-6.58612
-6.57236
-6.5652
-6.56533
-6.57031
-6.57905
-6.5905
-6.59816
-6.60322
-6.60385
-6.6028
-6.60277
-6.60105
-6.60463
-6.61108
-6.62108
-6.63466
-6.64952
-6.66074
-6.66934
-6.67047
-6.6627
-6.64761
-6.62952
-6.60809
-6.58934
-6.57629
-6.57633
-6.58562
-6.6008
-6.61623
-6.62547
-6.62995
-6.63017
-6.62819
-6.62559
-6.61963
-6.62544
-6.63931
-6.66127
-6.6874
-6.71561
-6.7421
-6.7587
-6.7664
-6.76443
-6.75222
-6.73174
-6.70606
-6.67878
-6.64761
-6.62077
-6.59545
-6.5723
-6.55528
-6.543
-6.53858
-6.54407
-6.56263
-6.58492
-6.61264
-6.64035
-6.66407
-6.67689
-6.68025
-6.67309
-6.65485
-6.62799
-6.59675
-6.56189
-6.53397
-6.51561
-6.51
-6.5129
-6.52496
-6.54035
-6.56443
-6.59197
-6.62376
-6.65449
-6.68313
-6.70605
-6.72054
-6.72718
-6.72789
-6.72145
-6.70995
-6.69589
-6.68211
-6.66575
-6.65125
-6.63552
-6.62397
-6.60807
-6.59096
-6.57132
-6.54811
-6.52978
-6.51415
-6.51061
-6.51784
-6.53974
-6.57281
-6.61902
-6.66342
-6.70262
-6.73406
-6.75655
-6.76339
-6.7567
-6.7402
-6.72103
-6.70031
-6.6833
-6.67304
-6.67031
-6.67691
-6.68525
-6.69669
-6.71052
-6.71788
-6.72131
-6.71745
-6.70493
-6.68867
-6.66754
-6.64452
-6.62463
-6.60424
-6.58702
-6.57436
-6.5699
-6.57199
-6.58039
-6.59007
-6.60286
-6.61499
-6.62691
-6.63651
-6.6422
-6.64246
-6.63844
-6.63161
-6.62433
-6.61752
-6.61676
-6.62144
-6.63458
-6.65175
-6.67186
-6.69389
-6.70943
-6.72187
-6.73092
-6.73731
-6.74356
-6.74474
-6.74144
-6.72892
-6.70697
-6.67854
-6.64806
-6.61931
-6.59844
-6.58476
-6.57773
-6.57817
-6.58185
-6.58915
-6.59607
-6.60108
-6.60782
-6.61017
-6.6105
-6.60773
-6.60695
-6.60524
-6.60379
-6.60697
-6.61282
-6.62153
-6.63552
-6.65358
-6.67402
-6.6951
-6.7127
-6.72252
-6.725
-6.71755
-6.70173
-6.68057
-6.65987
-6.63864
-6.61881
-6.60688
-6.60201
-6.6031
-6.61456
-6.62961
-6.6471
-6.66067
-6.66909
-6.67123
-6.66616
-6.65753
-6.64501
-6.63379
-6.61957
-6.60677
-6.59618
-6.59001
-6.58759
-6.58788
-6.59257
-6.59954
-6.60917
-6.61889
-6.62915
-6.63729
-6.64312
-6.64539
-6.64288
-6.63243
-6.6214
-6.60488
-6.58991
-6.57235
-6.55771
-6.54653
-6.54455
-6.55021
-6.56307
-6.58337
-6.6076
-6.63112
-6.65614
-6.6827
-6.70541
-6.72807
-6.74374
-6.75775
-6.76389
-6.76101
-6.75083
-6.72764
-6.69859
-6.66184
-6.62342
-6.58618
-6.55079
-6.52361
-6.50055
-6.49086
-6.49361
-6.5067
-6.52908
-6.55096
-6.5732
-6.59266
-6.60705
-6.6153
-6.61955
-6.62498
-6.63284
-6.6458
-6.66576
-6.68733
-6.70159
-6.71299
-6.71423
-6.70788
-6.69564
-6.67824
-6.65841
-6.63849
-6.62094
-6.60748
-6.59597
-6.58577
-6.58065
-6.58016
-6.58761
-6.60161
-6.62256
-6.64217
-6.65915
-6.67143
-6.67476
-6.66901
-6.66325
-6.65217
-6.64039
-6.63019
-6.62857
-6.63237
-6.64023
-6.65288
-6.66559
-6.67453
-6.68047
-6.6831
-6.68413
-6.67876
-6.67004
-6.65851
-6.64706
-6.633
-6.62173
-6.61252
-6.60589
-6.60696
-6.61309
-6.62189
-6.63525
-6.64675
-6.66053
-6.67233
-6.68183
-6.68761
-6.68799
-6.6803
-6.66567
-6.64684
-6.62735
-6.61015
-6.59804
-6.59702
-6.60715
-6.62583
-6.65345
-6.68265
-6.7082
-6.729
-6.74086
-6.74552
-6.74234
-6.73019
-6.71603
-6.70063
-6.68461
-6.66891
-6.65874
-6.64956
-6.63657
-6.62461
-6.61296
-6.60082
-6.5891
-6.58193
-6.57906
-6.57876
-6.58072
-6.58443
-6.59272
-6.60115
-6.61219
-6.62439
-6.63685
-6.64882
-6.65483
-6.65701
-6.65408
-6.6446
-6.63164
-6.61331
-6.59375
-6.57938
-6.56733
-6.56341
-6.56995
-6.58156
-6.59743
-6.61293
-6.62837
-6.64099
-6.66003
-6.68056
-6.70122
-6.7191
-6.73187
-6.73712
-6.73249
-6.72182
-6.70269
-6.67926
-6.65152
-6.62847
-6.60836
-6.59039
-6.5806
-6.58009
-6.58474
-6.59481
-6.60687
-6.61557
-6.62579
-6.63502
-6.64405
-6.65139
-6.65785
-6.66119
-6.66514
-6.66672
-6.66162
-6.65431
-6.64417
-6.63296
-6.61968
-6.6066
-6.59358
-6.58422
-6.57853
-6.57815
-6.5787
-6.58493
-6.59391
-6.60971
-6.62668
-6.64834
-6.66957
-6.69043
-6.71002
-6.7233
-6.73136
-6.73382
-6.73233
-6.72407
-6.71545
-6.70013
-6.68252
-6.66508
-6.64469
-6.62785
-6.60976
-6.59777
-6.58761
-6.58046
-6.57816
-6.57601
-6.57671
-6.57714
-6.57927
-6.5854
-6.59173
-6.6027
-6.61485
-6.62988
-6.64352
-6.6538
-6.65994
-6.66138
-6.65866
-6.65286
-6.64467
-6.63349
-6.6218
-6.61478
-6.61334
-6.61868
-6.62783
-6.64135
-6.65291
-6.66403
-6.67104
-6.67575
-6.67309
-6.66433
-6.65177
-6.63754
-6.62322
-6.61436
-6.61806
-6.63272
-6.65775
-6.68465
-6.71352
-6.73941
-6.7576
-6.77154
-6.77889
-6.77471
-6.76052
-6.7389
-6.70829
-6.67254
-6.63645
-6.59909
-6.56722
-6.53866
-6.51561
-6.50525
-6.50312
-6.51317
-6.53236
-6.5607
-6.59074
-6.62156
-6.65032
-6.6731
-6.68681
-6.69405
-6.69362
-6.68392
-6.66674
-6.64771
-6.62512
-6.60946
-6.60017
-6.59703
-6.60438
-6.61317
-6.62614
-6.64285
-6.65977
-6.6727
-6.68274
-6.69164
-6.69467
-6.69185
-6.68332
-6.6702
-6.65305
-6.63331
-6.61604
-6.60355
-6.59145
-6.58354
-6.58083
-6.57914
-6.58387
-6.59404
-6.60493
-6.621
-6.6375
-6.65665
-6.67479
-6.68844
-6.6943
-6.69544
-6.69012
-6.67821
-6.66427
-6.64518
-6.62667
-6.61562
-6.61105
-6.61508
-6.62896
-6.6469
-6.66616
-6.68649
-6.70333
-6.71734
-6.72469
-6.72573
-6.72115
-6.71076
-6.69707
-6.67689
-6.65071
-6.62357
-6.5946
-6.56766
-6.5446
-6.52479
-6.50882
-6.4994
-6.49037
-6.48703
-6.48577
-6.49262
-6.50687
-6.52866
-6.55883
-6.59356
-6.63353
-6.67438
-6.71589
-6.75337
-6.77967
-6.79736
-6.80256
-6.78738
-6.75722
-6.71688
-6.671
-6.62403
-6.57973
-6.54501
-6.5247
-6.52306
-6.53416
-6.55938
-6.5921
-6.63193
-6.66886
-6.70427
-6.7316
-6.74952
-6.75525
-6.7491
-6.73065
-6.703
-6.66905
-6.6332
-6.59654
-6.56104
-6.53648
-6.52387
-6.52624
-6.54632
-6.57591
-6.61225
-6.65068
-6.6832
-6.70434
-6.71735
-6.71711
-6.71147
-6.69556
-6.67889
-6.66028
-6.64596
-6.63219
-6.62126
-6.61524
-6.60522
-6.59556
-6.58438
-6.57202
-6.56081
-6.55258
-6.55257
-6.5611
-6.57517
-6.59561
-6.61705
-6.63677
-6.65426
-6.6644
-6.66709
-6.66249
-6.65381
-6.64196
-6.62756
-6.61767
-6.61213
-6.60966
-6.61426
-6.62406
-6.63804
-6.65332
-6.67159
-6.69121
-6.70529
-6.71814
-6.7254
-6.72398
-6.71499
-6.69974
-6.6812
-6.66952
-6.66102
-6.66174
-6.67298
-6.68825
-6.70615
-6.72616
-6.7371
-6.74211
-6.73827
-6.72052
-6.69335
-6.65911
-6.62228
-6.58817
-6.56284
-6.54782
-6.5455
-6.55445
-6.57226
-6.58991
-6.60878
-6.62206
-6.62945
-6.62832
-6.61902
-6.60264
-6.58005
-6.56228
-6.54986
-6.54692
-6.55054
-6.56169
-6.57329
-6.58711
-6.59576
-6.59765
-6.59545
-6.59477
-6.59083
-6.59489
-6.60596
-6.6234
-6.64972
-6.67772
-6.70654
-6.7356
-6.76151
-6.78543
-6.80195
-6.81088
-6.81166
-6.80145
-6.78039
-6.74705
-6.7063
-6.65728
-6.60973
-6.57137
-6.54383
-6.53493
-6.54331
-6.56722
-6.59868
-6.62767
-6.65068
-6.66605
-6.67407
-6.67293
-6.66384
-6.65051
-6.63224
-6.61745
-6.60574
-6.60291
-6.60383
-6.61231
-6.628
-6.64981
-6.67108
-6.68953
-6.69951
-6.70334
-6.69806
-6.68867
-6.6736
-6.66054
-6.65165
-6.64855
-6.65133
-6.65649
-6.66209
-6.66982
-6.67792
-6.6817
-6.6819
-6.6741
-6.66164
-6.64063
-6.61997
-6.59344
-6.56889
-6.55049
-6.53797
-6.53576
-6.54053
-6.55495
-6.57032
-6.58921
-6.60865
-6.62485
-6.63893
-6.6498
-6.65614
-6.66186
-6.66737
-6.66588
-6.66313
-6.65399
-6.63891
-6.62005
-6.60267
-6.58497
-6.57592
-6.5749
-6.58513
-6.60304
-6.62565
-6.65019
-6.68044
-6.70532
-6.72704
-6.74527
-6.75678
-6.75649
-6.74895
-6.73015
-6.70065
-6.66515
-6.62483
-6.58757
-6.55786
-6.54298
-6.54607
-6.56504
-6.59288
-6.62271
-6.64818
-6.66679
-6.67388
-6.67164
-6.66356
-6.65853
-6.6521
-6.64716
-6.6472
-6.65385
-6.66597
-6.67516
-6.68422
-6.6841
-6.67648
-6.66059
-6.63962
-6.61489
-6.59126
-6.57864
-6.5749
-6.5816
-6.59476
-6.61325
-6.63201
-6.64989
-6.66121
-6.66789
-6.66622
-6.65899
-6.65102
-6.63708
-6.62464
-6.61397
-6.60654
-6.60528
-6.60554
-6.60866
-6.60985
-6.60725
-6.60378
-6.59603
-6.58698
-6.58177
-6.58068
-6.58236
-6.58749
-6.59439
-6.60288
-6.61091
-6.6172
-6.6251
-6.62941
-6.63962
-6.64748
-6.65953
-6.67149
-6.68018
-6.68132
-6.67754
-6.66728
-6.64976
-6.63042
-6.61416
-6.59966
-6.59131
-6.59089
-6.59578
-6.60442
-6.62024
-6.63892
-6.65962
-6.68676
-6.7098
-6.72889
-6.74288
-6.74681
-6.74242
-6.73072
-6.71452
-6.69446
-6.67437
-6.65943
-6.64537
-6.63659
-6.63542
-6.63643
-6.64166
-6.64464
-6.64698
-6.64857
-6.64862
-6.64941
-6.65216
-6.65575
-6.66104
-6.67027
-6.67862
-6.69105
-6.70561
-6.71878
-6.73197
-6.73948
-6.7449
-6.7433
-6.7344
-6.71986
-6.69528
-6.66525
-6.6362
-6.60803
-6.58999
-6.58074
-6.58237
-6.58936
-6.60217
-6.60897
-6.61009
-6.60316
-6.58595
-6.56498
-6.53751
-6.50553
-6.48165
-6.47125
-6.47265
-6.48584
-6.50524
-6.52907
-6.55216
-6.57579
-6.59878
-6.62509
-6.64715
-6.66301
-6.67693
-6.68084
-6.6799
-6.67694
-6.67006
-6.66567
-6.66298
-6.66205
-6.66886
-6.68096
-6.69676
-6.71555
-6.73301
-6.75302
-6.76625
-6.76986
-6.76596
-6.75438
-6.73884
-6.72097
-6.70278
-6.68683
-6.67098
-6.65647
-6.64786
-6.64229
-6.64112
-6.64193
-6.64381
-6.64483
-6.64536
-6.64682
-6.6465
-6.64427
-6.63789
-6.62883
-6.61867
-6.60725
-6.59325
-6.58005
-6.56814
-6.56103
-6.5589
-6.56532
-6.57582
-6.5877
-6.60122
-6.61754
-6.62705
-6.63537
-6.64097
-6.63879
-6.63039
-6.61541
-6.59806
-6.58038
-6.56391
-6.55734
-6.56081
-6.57211
-6.58646
-6.60595
-6.62478
-6.64535
-6.66505
-6.68156
-6.69251
-6.70006
-6.70209
-6.70424
-6.71069
-6.72244
-6.73631
-6.75119
-6.76827
-6.78123
-6.78542
-6.78597
-6.78292
-6.77636
-6.7685
-6.761
-6.7508
-6.74252
-6.73012
-6.71385
-6.69451
-6.67458
-6.64971
-6.62649
-6.60482
-6.58465
-6.5648
-6.54573
-6.52997
-6.51332
-6.4968
-6.48628
-6.47904
-6.48072
-6.49091
-6.50941
-6.5376
-6.57266
-6.61166
-6.65195
-6.68355
-6.70614
-6.71676
-6.71061
-6.69771
-6.67801
-6.65334
-6.62746
-6.60437
-6.58764
-6.58011
-6.58366
-6.59577
-6.61115
-6.63137
-6.64889
-6.66562
-6.67561
-6.68077
-6.67902
-6.67471
-6.66979
-6.6634
-6.6578
-6.65294
-6.65278
-6.65693
-6.66369
-6.67202
-6.6796
-6.68287
-6.68429
-6.68215
-6.67775
-6.66723
-6.65743
-6.6471
-6.63643
-6.63005
-6.62588
-6.62982
-6.63497
-6.64332
-6.65386
-6.66545
-6.67455
-6.68135
-6.6848
-6.68033
-6.67157
-6.65991
-6.64768
-6.64012
-6.6399
-6.64137
-6.64753
-6.65181
-6.65745
-6.66295
-6.6653
-6.66584
-6.65956
-6.65565
-6.65196
-6.64863
-6.64796
-6.64772
-6.64438
-6.64629
-6.64611
-6.64584
-6.64904
-6.65306
-6.65779
-6.66109
-6.6612
-6.65744
-6.65326
-6.64705
-6.64327
-6.63175
-6.62204
-6.61268
-6.60396
-6.59947
-6.59851
-6.60512
-6.61248
-6.61947
-6.62587
-6.62495
-6.62074
-6.61708
-6.61915
-6.62467
-6.63638
-6.65652
-6.67719
-6.69293
-6.70236
-6.70371
-6.70058
-6.68869
-6.67069
-6.64841
-6.61929
-6.59144
-6.56459
-6.54491
-6.53275
-6.53227
-6.54388
-6.55947
-6.57986
-6.59775
-6.61574
-6.63055
-6.64163
-6.65258
-6.66217
-6.67001
-6.67707
-6.68128
-6.6798
-6.6788
-6.67214
-6.66321
-6.65588
-6.64728
-6.63379
-6.62147
-6.612
-6.6039
-6.59836
-6.59973
-6.61413
-6.63867
-6.67273
-6.70711
-6.73806
-6.75702
-6.76361
-6.75599
-6.74192
-6.72207
-6.70203
-6.67734
-6.65414
-6.63448
-6.61942
-6.6073
-6.59774
-6.59232
-6.59033
-6.58976
-6.58908
-6.59076
-6.58522
-6.5809
-6.57187
-6.5614
-6.552
-6.54529
-6.54597
-6.55457
-6.57304
-6.59659
-6.62657
-6.66147
-6.69778
-6.73011
-6.75727
-6.77376
-6.77976
-6.7707
-6.75097
-6.72041
-6.68624
-6.65191
-6.61679
-6.58753
-6.56658
-6.556
-6.55618
-6.56431
-6.57969
-6.60085
-6.62129
-6.64355
-6.66411
-6.68318
-6.69564
-6.70724
-6.71191
-6.71044
-6.70418
-6.69308
-6.6759
-6.65478
-6.63305
-6.61393
-6.60227
-6.59816
-6.59633
-6.59844
-6.60478
-6.60862
-6.61225
-6.61397
-6.61539
-6.61861
-6.62083
-6.62865
-6.63657
-6.64931
-6.65846
-6.66945
-6.68161
-6.69444
-6.70669
-6.71878
-6.72366
-6.72386
-6.71858
-6.70642
-6.68593
-6.66524
-6.64383
-6.61981
-6.6024
-6.59138
-6.58908
-6.5888
-6.59368
-6.60153
-6.60894
-6.61486
-6.6186
-6.6195
-6.62317
-6.62085
-6.61624
-6.61209
-6.60766
-6.60396
-6.60794
-6.61648
-6.62813
-6.64081
-6.656
-6.66692
-6.67496
-6.67989
-6.68506
-6.68861
-6.69208
-6.6988
-6.70729
-6.71438
-6.72245
-6.72482
-6.71717
-6.70288
-6.68157
-6.65952
-6.6315
-6.60504
-6.58311
-6.56881
-6.56302
-6.56836
-6.57826
-6.59458
-6.6136
-6.6296
-6.64517
-6.65521
-6.65879
-6.65801
-6.64953
-6.63757
-6.62592
-6.61422
-6.60422
-6.60177
-6.60436
-6.6174
-6.63327
-6.65368
-6.67816
-6.69526
-6.7082
-6.71218
-6.70977
-6.70601
-6.69945
-6.69076
-6.67972
-6.6614
-6.64011
-6.61602
-6.59169
-6.56387
-6.541
-6.52138
-6.50857
-6.50423
-6.50763
-6.518
-6.53443
-6.55798
-6.58399
-6.61132
-6.63973
-6.66546
-6.68986
-6.70872
-6.72032
-6.72783
-6.72964
-6.72378
-6.71572
-6.70391
-6.69092
-6.67559
-6.6571
-6.63522
-6.61522
-6.59538
-6.5807
-6.57411
-6.57311
-6.58266
-6.60264
-6.63173
-6.6667
-6.69989
-6.7304
-6.75189
-6.76026
-6.75665
-6.74575
-6.72722
-6.70309
-6.67352
-6.64659
-6.62502
-6.60939
-6.60214
-6.59981
-6.60108
-6.60411
-6.6083
-6.61285
-6.61265
-6.60766
-6.60285
-6.59446
-6.58548
-6.57812
-6.57479
-6.58002
-6.59338
-6.60895
-6.62249
-6.63523
-6.64587
-6.64898
-6.64632
-6.63781
-6.62845
-6.62181
-6.61509
-6.61045
-6.61069
-6.61267
-6.61505
-6.62267
-6.63061
-6.63877
-6.64478
-6.6481
-6.65311
-6.65514
-6.65713
-6.66237
-6.66645
-6.67087
-6.67234
-6.67208
-6.6667
-6.65651
-6.64356
-6.62951
-6.61861
-6.61821
-6.62003
-6.62788
-6.63912
-6.65115
-6.65821
-6.66169
-6.65838
-6.652
-6.64307
-6.63421
-6.63251
-6.64182
-6.66573
-6.69733
-6.72616
-6.74386
-6.7495
-6.73628
-6.70562
-6.65976
-6.60797
-6.55962
-6.51754
-6.49254
-6.49055
-6.50603
-6.54093
-6.58863
-6.63658
-6.67683
-6.70712
-6.72186
-6.72097
-6.70498
-6.68019
-6.65321
-6.63152
-6.6155
-6.60786
-6.61102
-6.62231
-6.63878
-6.66239
-6.68652
-6.70688
-6.72006
-6.72545
-6.71649
-6.69994
-6.67145
-6.64205
-6.6162
-6.59852
-6.59081
-6.5902
-6.59797
-6.60841
-6.62663
-6.64602
-6.66331
-6.67525
-6.67976
-6.68358
-6.67804
-6.66865
-6.65793
-6.64937
-6.64699
-6.64946
-6.65473
-6.65955
-6.66512
-6.67125
-6.67462
-6.67782
-6.68098
-6.68398
-6.68067
-6.67975
-6.6729
-6.66499
-6.6515
-6.63492
-6.61445
-6.59336
-6.56883
-6.5465
-6.53066
-6.52287
-6.52043
-6.52801
-6.54511
-6.56823
-6.59386
-6.61855
-6.63738
-6.65278
-6.6572
-6.65735
-6.65588
-6.65759
-6.66103
-6.66278
-6.6632
-6.66207
-6.65643
-6.64906
-6.63569
-6.61724
-6.60128
-6.58795
-6.58043
-6.57987
-6.58379
-6.59074
-6.59475
-6.59502
-6.59279
-6.59065
-6.59235
-6.59875
-6.60989
-6.63019
-6.65448
-6.68068
-6.70049
-6.71903
-6.72921
-6.73
-6.72457
-6.71427
-6.69911
-6.68749
-6.68011
-6.67387
-6.67126
-6.6711
-6.66868
-6.6645
-6.66202
-6.66038
-6.65925
-6.66157
-6.66346
-6.6691
-6.67044
-6.67219
-6.67507
-6.67285
-6.66784
-6.65885
-6.65187
-6.6424
-6.63533
-6.63163
-6.62837
-6.63047
-6.62801
-6.62591
-6.62697
-6.63141
-6.64333
-6.65316
-6.6635
-6.67567
-6.68233
-6.68165
-6.67168
-6.654
-6.63032
-6.59996
-6.56999
-6.54161
-6.52104
-6.51569
-6.52055
-6.54207
-6.56869
-6.60137
-6.62848
-6.64798
-6.66197
-6.66832
-6.67118
-6.66736
-6.65732
-6.6451
-6.62931
-6.61074
-6.59143
-6.57681
-6.56417
-6.5614
-6.56683
-6.58217
-6.60473
-6.6308
-6.65669
-6.67741
-6.69335
-6.70092
-6.70128
-6.69384
-6.68503
-6.67617
-6.66701
-6.66117
-6.65602
-6.654
-6.65164
-6.65173
-6.65431
-6.65838
-6.66557
-6.67185
-6.67695
-6.67724
-6.67503
-6.6686
-6.66252
-6.66099
-6.65667
-6.65483
-6.65376
-6.65151
-6.6515
-6.65678
-6.66056
-6.66752
-6.67048
-6.66899
-6.65882
-6.65067
-6.63734
-6.6299
-6.62591
-6.62397
-6.62262
-6.62737
-6.63371
-6.64276
-6.65098
-6.65741
-6.66381
-6.66756
-6.66955
-6.67159
-6.67544
-6.68072
-6.68359
-6.68637
-6.68469
-6.68003
-6.6733
-6.66718
-6.66267
-6.65962
-6.65862
-6.66135
-6.66481
-6.66605
-6.66369
-6.65878
-6.64961
-6.63752
-6.62204
-6.60012
-6.57406
-6.54677
-6.51855
-6.49364
-6.48063
-6.47934
-6.49177
-6.51444
-6.5448
-6.57812
-6.61235
-6.64581
-6.67341
-6.69487
-6.70988
-6.71539
-6.71463
-6.71256
-6.70787
-6.7029
-6.69572
-6.69214
-6.69022
-6.69345
-6.69542
-6.70074
-6.7076
-6.71451
-6.72194
-6.72603
-6.73087
-6.72906
-6.72228
-6.70466
-6.68194
-6.65925
-6.63743
-6.62072
-6.61065
-6.60766
-6.60819
-6.60901
-6.60808
-6.60279
-6.59777
-6.59164
-6.59297
-6.59738
-6.61072
-6.62521
-6.63857
-6.64454
-6.64881
-6.64572
-6.63899
-6.62984
-6.6221
-6.61832
-6.6167
-6.61521
-6.61436
-6.61264
-6.61447
-6.61389
-6.61464
-6.61506
-6.61629
-6.61611
-6.61895
-6.62101
-6.62023
-6.61327
-6.60402
-6.59325
-6.58367
-6.57782
-6.5807
-6.59119
-6.6058
-6.62106
-6.63342
-6.64001
-6.64051
-6.63441
-6.6192
-6.59344
-6.56589
-6.53512
-6.50389
-6.47868
-6.46219
-6.45928
-6.46475
-6.48234
-6.50757
-6.5386
-6.57239
-6.60925
-6.64513
-6.68116
-6.71207
-6.735
-6.74694
-6.75188
-6.74942
-6.74241
-6.72677
-6.71009
-6.69386
-6.67255
-6.65804
-6.64767
-6.64522
-6.64825
-6.66005
-6.67472
-6.68505
-6.69092
-6.68944
-6.68025
-6.66331
-6.64282
-6.6235
-6.60953
-6.60127
-6.60491
-6.61393
-6.62801
-6.63922
-6.64286
-6.64014
-6.63111
-6.61598
-6.59794
-6.57722
-6.56136
-6.5521
-6.55356
-6.5659
-6.58751
-6.61455
-6.64806
-6.6793
-6.71022
-6.73558
-6.75568
-6.77053
-6.77949
-6.78141
-6.77697
-6.76641
-6.75268
-6.73055
-6.70228
-6.67275
-6.64019
-6.6086
-6.5827
-6.5585
-6.53923
-6.52371
-6.50892
-6.50096
-6.49463
-6.49473
-6.50057
-6.51276
-6.53303
-6.55365
-6.57755
-6.60244
-6.62072
-6.63386
-6.64037
-6.63743
-6.62758
-6.60738
-6.58313
-6.5609
-6.54283
-6.53311
-6.53671
-6.55321
-6.57922
-6.61339
-6.64999
-6.68755
-6.72119
-6.74801
-6.76729
-6.77625
-6.77494
-6.76756
-6.75124
-6.73185
-6.71167
-6.69174
-6.6728
-6.65737
-6.64751
-6.64258
-6.63953
-6.64226
-6.64513
-6.65084
-6.66124
-6.67121
-6.68438
-6.69815
-6.7103
-6.71859
-6.72749
-6.72913
-6.72736
-6.71571
-6.69633
-6.66997
-6.64066
-6.60955
-6.58392
-6.56031
-6.54115
-6.52753
-6.51712
-6.51418
-6.51201
-6.51716
-6.52674
-6.54113
-6.55592
-6.57113
-6.58447
-6.59044
-6.59482
-6.5923
-6.58415
-6.57171
-6.55566
-6.54112
-6.52538
-6.5145
-6.51169
-6.51646
-6.53017
-6.55252
-6.5792
-6.60737
-6.63596
-6.65937
-6.68233
-6.70224
-6.71382
-6.72015
-6.72196
-6.71932
-6.71312
-6.70432
-6.69474
-6.68736
-6.68079
-6.6767
-6.6795
-6.67973
-6.68012
-6.67941
-6.6748
-6.67141
-6.66317
-6.65697
-6.65311
-6.64889
-6.64582
-6.64697
-6.64872
-6.64989
-6.65458
-6.65456
-6.65797
-6.6614
-6.66258
-6.66789
-6.67344
-6.67849
-6.68193
-6.68549
-6.68685
-6.69068
-6.69508
-6.69857
-6.69895
-6.69989
-6.69891
-6.69392
-6.68465
-6.67317
-6.66102
-6.64858
-6.63341
-6.617
-6.60239
-6.58952
-6.58069
-6.57486
-6.5684
-6.56165
-6.55031
-6.53103
-6.50917
-6.48531
-6.46191
-6.44287
-6.43618
-6.43979
-6.4563
-6.48408
-6.51829
-6.55723
-6.59593
-6.63214
-6.6617
-6.68108
-6.69317
-6.6993
-6.70293
-6.70541
-6.7119
-6.72129
-6.73609
-6.75462
-6.77488
-6.79016
-6.79887
-6.80009
-6.79334
-6.78063
-6.75978
-6.73283
-6.70691
-6.6781
-6.65271
-6.63108
-6.61731
-6.61029
-6.60953
-6.61411
-6.62427
-6.63309
-6.63706
-6.63508
-6.63014
-6.61774
-6.59841
-6.58058
-6.56496
-6.55507
-6.55085
-6.55943
-6.57805
-6.60378
-6.63512
-6.66655
-6.69918
-6.73066
-6.75203
-6.7676
-6.77077
-6.76691
-6.75302
-6.7328
-6.71045
-6.68767
-6.66868
-6.6533
-6.63922
-6.62678
-6.61325
-6.60162
-6.58581
-6.56749
-6.55096
-6.53651
-6.52715
-6.52146
-6.52374
-6.53458
-6.55035
-6.57051
-6.59029
-6.6116
-6.63108
-6.64485
-6.65391
-6.66028
-6.65904
-6.65813
-6.65405
-6.64885
-6.64322
-6.63673
-6.62653
-6.61582
-6.6104
-6.60719
-6.60877
-6.61591
-6.62494
-6.63508
-6.64921
-6.66087
-6.66821
-6.67628
-6.68301
