1.21068
1.22314
1.23573
1.24674
1.25417
1.25666
1.25408
1.2477
1.23957
1.23162
1.2248
1.21905
1.21398
1.20946
1.2058
1.20322
1.20134
1.19887
1.19427
1.18647
1.17539
1.16247
1.1506
1.14361
1.14558
1.15922
1.18402
1.21578
1.24802
1.27436
1.29035
1.29428
1.28721
1.27252
1.25522
1.24065
1.23274
1.23281
1.23956
1.25004
1.2612
1.27058
1.27662
1.27823
1.27458
1.26516
1.25006
1.23033
1.20818
1.18661
1.16898
1.15815
1.15554
1.16054
1.17058
1.18182
1.19059
1.19431
1.19194
1.18424
1.17347
1.16308
1.15708
1.15881
1.16949
1.18758
1.20946
1.23088
1.24815
1.25897
1.26241
1.25881
1.2494
1.23601
1.22074
1.20579
1.19307
1.18407
1.17971
1.18017
1.18492
1.19308
1.20362
1.21595
1.22987
1.24526
1.26168
1.2781
1.29287
1.30401
1.30972
1.30899
1.30173
1.28884
1.27187
1.25288
1.23409
1.21789
1.20667
1.20228
1.2053
1.21468
1.22809
1.24292
1.25697
1.26862
1.27696
1.28138
1.28139
1.27638
1.26586
1.24998
1.22979
1.20735
1.1854
1.1669
1.15408
1.14782
1.14732
1.15061
1.15547
1.16018
1.16385
1.16629
1.16753
1.16772
1.16713
1.16626
1.16623
1.16853
1.1746
1.18506
1.19934
1.21594
1.23316
1.24961
1.26373
1.27314
1.27513
1.26783
1.25146
1.22838
1.20236
1.17759
1.1576
1.14486
1.14056
1.14453
1.15558
1.17162
1.19008
1.20844
1.22474
1.23781
1.24727
1.25352
1.25715
1.2585
1.25732
1.25304
1.24533
1.23494
1.22403
1.21582
1.21323
1.21789
1.22983
1.24792
1.27023
1.29429
1.31735
1.33685
1.3506
1.35706
1.35563
1.34632
1.32955
1.30612
1.27714
1.24431
1.20986
1.17632
1.14665
1.12394
1.11096
1.10943
1.11924
1.13814
1.16218
1.18676
1.20779
1.22265
1.23017
1.23027
1.22337
1.20989
1.19049
1.16653
1.14028
1.11487
1.0938
1.08003
1.07544
1.08094
1.09649
1.12103
1.15241
1.18784
1.22477
1.26104
1.2948
1.32433
1.34794
1.36431
1.37281
1.37388
1.36876
1.35933
1.34777
1.33611
1.32549
1.31601
1.3068
1.29658
1.28394
1.26761
1.24688
1.22183
1.19369
1.16526
1.14056
1.12366
1.11725
1.12159
1.13464
1.15306
1.17326
1.19204
1.20711
1.21751
1.22375
1.22747
1.2308
1.2351
1.24021
1.24428
1.24483
1.24001
1.22954
1.21464
1.19752
1.18063
1.166
1.15476
1.14719
1.14316
1.14267
1.14627
1.15479
1.16876
1.18763
1.20919
1.22971
1.24498
1.25205
1.25031
1.24188
1.23049
1.21967
1.21138
1.20542
1.20015
1.19368
1.1847
1.17306
1.15999
1.1479
1.13973
1.1381
1.14424
1.15741
1.17491
1.19285
1.20755
1.21691
1.2208
1.22064
1.21813
1.21425
1.20929
1.20332
1.19702
1.1921
1.191
1.19616
1.20894
1.2288
1.25339
1.27908
1.30223
1.32009
1.33128
1.33568
1.33386
1.32676
1.31534
1.30066
1.28378
1.26554
1.2466
1.22776
1.21026
1.19562
1.18534
1.18048
1.18124
1.1869
1.1961
1.20737
1.21935
1.23083
1.24091
1.24882
1.25395
1.25574
1.25374
1.24767
1.23787
1.22573
1.21347
1.20385
1.19927
1.20063
1.2068
1.21515
1.22267
1.22699
1.22676
1.22175
1.21273
1.2013
1.18987
1.18115
1.17749
1.1801
1.18878
1.20248
1.21973
1.23899
1.25849
1.27648
1.29124
1.3014
1.30583
1.3036
1.29458
1.27978
1.26148
1.24288
1.22691
1.21556
1.20931
1.20737
1.20795
1.20872
1.20707
1.20109
1.19039
1.17609
1.16045
1.14594
1.13459
1.12771
1.12603
1.12996
1.13975
1.15521
1.17563
1.19967
1.22555
1.25117
1.27438
1.29307
1.30545
1.31025
1.30683
1.29534
1.27676
1.25278
1.22582
1.19885
1.17471
1.15561
1.1426
1.1358
1.13468
1.13847
1.14637
1.15748
1.17079
1.1852
1.19948
1.21247
1.22284
1.22955
1.23213
1.23131
1.22891
1.22732
1.22862
1.23389
1.24328
1.25614
1.27128
1.28714
1.30187
1.3133
1.31948
1.31949
1.31389
1.30472
1.29485
1.28667
1.28086
1.2763
1.27085
1.26264
1.25125
1.23755
1.22301
1.20898
1.19629
1.18489
1.17384
1.16173
1.14783
1.13279
1.11875
1.10847
1.10412
1.10687
1.11745
1.13656
1.16384
1.19678
1.23095
1.26184
1.28646
1.30381
1.31419
1.31879
1.31906
1.31635
1.31191
1.30675
1.30156
1.29652
1.29125
1.28491
1.27649
1.26563
1.25302
1.24008
1.22802
1.2168
1.20476
1.18955
1.16966
1.14556
1.11978
1.09611
1.07825
1.06874
1.06843
1.07641
1.09045
1.10801
1.12706
1.14655
1.16644
1.18733
1.2098
1.23386
1.25842
1.28128
1.29983
1.31201
1.31729
1.31693
1.31337
1.30905
1.3053
1.30212
1.29871
1.29413
1.28782
1.27991
1.27122
1.26274
1.25541
1.24989
1.2466
1.24572
1.24702
1.2497
1.25244
1.25362
1.2518
1.24583
1.23509
1.21948
1.19945
1.17577
1.14934
1.12154
1.09437
1.07039
1.0522
1.04185
1.04052
1.04883
1.06703
1.09489
1.13098
1.17257
1.21612
1.25806
1.2954
1.32605
1.34879
1.3633
1.3699
1.36919
1.36209
1.34976
1.33376
1.31598
1.29832
1.28198
1.26718
1.25279
1.23707
1.21848
1.19681
1.17361
1.15198
1.13591
1.12908
1.13372
1.14983
1.17506
1.20547
1.23639
1.26367
1.28441
1.29724
1.30204
1.29945
1.29041
1.276
1.25763
1.23694
1.21551
1.19491
1.17665
1.16237
1.15399
1.15267
1.15793
1.1678
1.17974
1.19192
1.20349
1.2144
1.22468
1.23427
1.2427
1.24964
1.25507
1.25917
1.26182
1.26285
1.26286
1.26388
1.26867
1.2788
1.29311
1.30809
1.31955
1.324
1.31931
1.30476
1.28061
1.24817
1.20955
1.16772
1.12658
1.09094
1.066
1.0562
1.06347
1.08562
1.11666
1.14931
1.17765
1.19837
1.21127
1.21869
1.22449
1.23236
1.24463
1.26214
1.2843
1.30915
1.3337
1.35468
1.3695
1.37687
1.37694
1.37112
1.36164
1.35062
1.33915
1.32705
1.31317
1.29638
1.27672
1.25565
1.23507
1.216
1.19805
1.18005
1.16125
1.14185
1.12318
1.10709
1.09542
1.08943
1.08976
1.0967
1.11009
1.12926
1.15293
1.17915
1.20522
1.22774
1.24354
1.2505
1.24848
1.23964
1.22787
1.21739
1.21166
1.21242
1.21961
1.23157
1.24559
1.25866
1.26811
1.27231
1.27091
1.26487
1.25579
1.24524
1.23423
1.2232
1.21261
1.2036
1.19799
1.19721
1.20085
1.20645
1.21076
1.2111
1.20635
1.19706
1.18504
1.17292
1.16342
1.15877
1.16005
1.16699
1.17798
1.19071
1.20305
1.21383
1.22277
1.22984
1.23477
1.23698
1.23597
1.2319
1.22557
1.21828
1.21183
1.20851
1.21067
1.22011
1.23732
1.26094
1.28787
1.31373
1.33382
1.34443
1.34385
1.33254
1.31297
1.28876
1.26363
1.24036
1.21985
1.20159
1.18464
1.16875
1.1548
1.14482
1.14138
1.14642
1.16027
1.18118
1.20547
1.22868
1.24675
1.25697
1.25849
1.25227
1.24057
1.22613
1.21137
1.19746
1.18423
1.17061
1.1556
1.13941
1.12402
1.11281
1.10948
1.11662
1.13488
1.16373
1.20193
1.24704
1.29407
1.33596
1.36605
1.38046
1.37876
1.36349
1.33905
1.31066
1.28318
1.26007
1.24304
1.23222
1.22702
1.22677
1.23105
1.23946
1.2512
1.26472
1.27776
1.28751
1.29113
1.28633
1.27181
1.24806
1.21757
1.18485
1.15552
1.13498
1.1267
1.13109
1.14554
1.16577
1.18754
1.20778
1.22468
1.23735
1.24553
1.24942
1.24957
1.24682
1.24215
1.23678
1.23213
1.22972
1.23101
1.23707
1.24827
1.26392
1.28201
1.29935
1.31222
1.31767
1.3143
1.30273
1.28536
1.26561
1.24654
1.22998
1.21622
1.20451
1.19379
1.18365
1.1744
1.16716
1.16324
1.16337
1.16752
1.17486
1.18411
1.1939
1.20315
1.21163
1.22016
1.22991
1.24125
1.25324
1.26412
1.27249
1.27772
1.27934
1.27678
1.26908
1.25558
1.2368
1.21484
1.19324
1.17579
1.16528
1.16254
1.16651
1.17492
1.18507
1.19439
1.20116
1.20483
1.20602
1.20626
1.20735
1.21064
1.21656
1.22444
1.23319
1.24186
1.24999
1.25741
1.26381
1.2684
1.27009
1.26775
1.26035
1.24715
1.22795
1.20333
1.17498
1.14579
1.11913
1.09822
1.08538
1.08192
1.08804
1.10317
1.12589
1.15413
1.18561
1.21821
1.25024
1.28037
1.3073
1.32977
1.34711
1.35978
1.369
1.37541
1.37753
1.37201
1.35552
1.32692
1.2882
1.24416
1.20109
1.16489
1.1395
1.12621
1.12434
1.13253
1.14909
1.17119
1.19373
1.21044
1.21667
1.21193
1.20045
1.18905
1.18348
1.18573
1.1944
1.20697
1.22136
1.23587
1.24879
1.25816
1.26228
1.26039
1.25281
1.24104
1.22741
1.21472
1.20574
1.20258
1.20607
1.21563
1.22979
1.24697
1.26582
1.2847
1.30141
1.31323
1.31757
1.31259
1.29786
1.27443
1.24527
1.21499
1.18908
1.17266
1.16879
1.17748
1.19608
1.22038
1.24614
1.26969
1.2885
1.30118
1.30734
1.30737
1.30243
1.29416
1.28405
1.27283
1.26048
1.24688
1.23242
1.218
1.2042
1.19119
1.1787
1.16659
1.15559
1.14765
1.14541
1.15039
1.16151
1.17503
1.18629
1.19148
1.18875
1.17825
1.16198
1.14348
1.1273
1.11779
1.11765
1.12675
1.14232
1.1604
1.17736
1.19102
1.20085
1.20738
1.21173
1.21515
1.21876
1.2233
1.22906
1.23555
1.24158
1.24569
1.24687
1.24516
1.24171
1.23843
1.23731
1.23993
1.24663
1.25658
1.26792
1.27864
1.28752
1.29478
1.3017
1.30969
1.3187
1.32656
1.32956
1.32404
1.3078
1.28095
1.24589
1.207
1.16977
1.14005
1.12245
1.11888
1.12797
1.14579
1.16723
1.18743
1.20254
1.21019
1.20954
1.20137
1.18783
1.17224
1.15864
1.15106
1.15252
1.164
1.18427
1.21039
1.23895
1.26685
1.2913
1.31001
1.3208
1.32217
1.31371
1.29642
1.27256
1.24537
1.21832
1.19449
1.17588
1.16324
1.1562
1.15395
1.15583
1.16177
1.17201
1.18669
1.20512
1.22564
1.24598
1.26366
1.27675
1.28396
1.28493
1.28027
1.27133
1.26011
1.24883
1.23949
1.23345
1.23131
1.23292
1.23772
1.24489
1.2535
1.26242
1.27027
1.27521
1.27504
1.26752
1.25102
1.22542
1.19278
1.15705
1.12326
1.09568
1.07688
1.06778
1.06844
1.0783
1.096
1.11925
1.1455
1.17281
1.20056
1.22897
1.25808
1.28675
1.31283
1.33406
1.34916
1.35797
1.36091
1.35835
1.35041
1.33689
1.31772
1.29367
1.26697
1.24102
1.2195
1.20492
1.19758
1.19609
1.19824
1.20196
1.20574
1.20847
1.20927
1.2074
1.20224
1.19357
1.18177
1.16798
1.15391
1.14165
1.13337
1.13085
1.13512
1.14628
1.16356
1.18559
1.2106
1.2367
1.26185
1.28412
1.30165
1.31313
1.31786
1.31603
1.30868
1.29781
1.2861
1.27593
1.26861
1.26366
1.25895
1.2516
1.23921
1.22082
1.19737
1.17179
1.14817
1.13047
1.12117
1.12017
1.12535
1.13372
1.14284
1.15131
1.15836
1.16335
1.16556
1.16442
1.16009
1.15433
1.15033
1.15162
1.16058
1.17779
1.20229
1.23251
1.26634
1.30087
1.33228
1.35643
1.37015
1.37224
1.36373
1.34744
1.32698
1.30578
1.28642
1.27035
1.2578
1.24817
1.24049
1.2337
1.22703
1.22003
1.21259
1.20426
1.19388
1.17978
1.16114
1.13959
1.11962
1.10676
1.10432
1.11167
1.12589
1.14443
1.16614
1.1904
1.21605
1.24111
1.26321
1.28021
1.29083
1.29523
1.29509
1.29295
1.2907
1.28819
1.28357
1.27533
1.26372
1.25057
1.23818
1.22805
1.22046
1.2146
1.20943
1.20413
1.19843
1.19264
1.18723
1.18274
1.17993
1.17969
1.18297
1.1903
1.20147
1.2153
1.22984
1.24302
1.25314
1.25935
1.26166
1.26096
1.2586
1.25585
1.25351
1.2517
1.25014
1.24853
1.24658
1.24384
1.23936
1.2321
1.22156
1.20868
1.19582
1.18578
1.18056
1.1804
1.1839
1.18893
1.19377
1.19767
1.20085
1.20394
1.20785
1.21348
1.22171
1.23342
1.24917
1.26865
1.29015
1.31088
1.32792
1.33925
1.3442
1.3433
1.33753
1.32761
1.31375
1.29611
1.27506
1.25137
1.22633
1.20174
1.17956
1.1616
1.14884
1.14121
1.13752
1.13597
1.13467
1.13222
1.12789
1.12184
1.11528
1.11037
1.10969
1.11516
1.12717
1.14453
1.16506
1.18669
1.20796
1.22811
1.247
1.26455
1.28053
1.29428
1.30475
1.31084
1.31189
1.30804
1.29988
1.28826
1.27378
1.25645
1.2359
1.21216
1.18637
1.1611
1.14008
1.12706
1.12424
1.13141
1.14627
1.16591
1.18812
1.21179
1.2362
1.26016
1.28182
1.29877
1.30874
1.31044
1.30379
1.29009
1.27172
1.2516
1.23245
1.21646
1.20503
1.19896
1.19822
1.20198
1.20864
1.21644
1.22394
1.23027
1.23475
1.23694
1.23664
1.23384
1.22865
1.22107
1.21124
1.19971
1.18799
1.17824
1.17225
1.17063
1.17268
1.1769
1.18197
1.18747
1.1939
1.20205
1.21213
1.22335
1.23408
1.24249
1.24759
1.2498
1.25073
1.25256
1.25702
1.26471
1.27484
1.28548
1.29427
1.29896
1.29771
1.28935
1.27362
1.25145
1.22487
1.19669
1.17
1.14771
1.13233
1.12576
1.12908
1.14204
1.16278
1.18833
1.21521
1.24015
1.26037
1.27379
1.27912
1.27628
1.26674
1.25349
1.24045
1.23105
1.22732
1.23041
1.24123
1.2603
1.28675
1.31758
1.34821
1.37352
1.38905
1.39161
1.3796
1.35281
1.31273
1.26249
1.20699
1.15255
1.10616
1.0739
1.05924
1.06173
1.07694
1.09812
1.11883
1.13493
1.14535
1.15148
1.15585
1.16101
1.16886
1.18021
1.19482
1.21187
1.23033
1.24943
1.26862
1.28749
1.30553
1.32211
1.33644
1.34783
1.35599
1.36096
1.36265
1.36015
1.35197
1.33659
1.31344
1.28351
1.24964
1.21604
1.18712
1.1663
1.15525
1.1538
1.16027
1.17206
1.18603
1.19888
1.20776
1.21092
1.208
1.20012
1.18941
1.17803
1.16778
1.15981
1.15488
1.15344
1.15575
1.16185
1.17137
1.18333
1.19612
1.2082
1.21893
1.22891
1.23928
1.25075
1.26267
1.27283
1.27821
1.27606
1.26495
1.2451
1.21847
1.18866
1.16041
1.13862
1.12683
1.12634
1.13596
1.15277
1.17315
1.19384
1.21228
1.22688
1.23671
1.24142
1.24124
1.23717
1.2311
1.22559
1.22323
1.22567
1.23318
1.24501
1.25972
1.2755
1.29014
1.3014
1.30739
1.30683
1.29943
1.28598
1.26807
1.24786
1.22764
1.2096
1.19602
1.18917
1.19071
1.20057
1.21595
1.23158
1.24155
1.24171
1.23122
1.21276
1.19137
1.17263
1.16056
1.15683
1.16085
1.17032
1.1819
1.19194
1.1977
1.19871
1.19675
1.1946
1.19416
1.19601
1.20018
1.20682
1.21601
1.22753
1.24101
1.2563
1.27339
1.29199
1.31135
1.33031
1.34754
1.36154
1.37029
1.37125
1.36191
1.34055
1.30725
1.26439
1.21679
1.17107
1.13446
1.11288
1.10925
1.12269
1.1489
1.18158
1.21443
1.24265
1.26349
1.27613
1.28124
1.28016
1.27459
1.26612
1.25594
1.24474
1.23299
1.22122
1.21009
1.20029
1.19244
1.18676
1.18287
1.17972
1.17577
1.16934
1.15929
1.14569
1.13013
1.11572
1.10619
1.10444
1.11156
1.12652
1.14696
1.16999
1.19292
1.21347
1.22987
1.24097
1.24632
1.24636
1.24249
1.23693
1.23206
1.22933
1.22844
1.22762
1.22449
1.21711
1.2049
1.18898
1.1722
1.15858
1.15205
1.15482
1.16653
1.18474
1.20654
1.22953
1.25234
1.27441
1.29546
1.31496
1.33197
1.3452
1.35333
1.35523
1.35025
1.33831
1.31999
1.29651
1.2694
1.24039
1.21129
1.18394
1.1601
1.14101
1.12731
1.11923
1.11685
1.12029
1.12924
1.14244
1.15788
1.17344
1.18761
1.1999
1.21064
1.22056
1.23001
1.23884
1.24641
1.25171
1.2536
1.25098
1.24312
1.23022
1.21367
1.19574
1.1789
1.16514
1.15544
1.14962
1.14683
1.14595
1.14615
1.14711
1.14896
1.15208
1.15694
1.16392
1.17332
1.18523
1.19953
1.21582
1.23336
1.25073
1.26614
1.27761
1.28358
1.28388
1.28029
1.27621
1.27471
1.27668
1.28056
1.28399
1.28548
1.28499
1.28329
1.28139
1.27992
1.27893
1.27801
1.27651
1.27395
1.26975
1.26319
1.2534
1.23977
1.22222
1.20169
1.18013
1.16055
1.14664
1.14221
1.1498
1.16916
1.19654
1.22595
1.2515
1.26914
1.27735
1.27685
1.2696
1.258
1.24419
1.23002
1.21697
1.20651
1.2001
1.1988
1.20314
1.21269
1.22596
1.24032
1.2525
1.25914
1.25794
1.24846
1.23257
1.21367
1.19577
1.18224
1.17486
1.1735
1.17653
1.18148
1.18574
1.18721
1.18458
1.17776
1.16791
1.15709
1.14796
1.14319
1.14478
1.15346
1.1684
1.18713
1.20617
1.2222
1.23307
1.23836
1.23934
1.23819
1.23715
1.23774
1.24044
1.24473
1.24952
1.25385
1.25718
1.25928
1.25973
1.25776
1.2525
1.2435
1.23098
1.21598
1.20032
1.18636
1.17656
1.17256
1.17449
1.18083
1.18899
1.19655
1.20216
1.20614
1.21006
1.21591
1.2252
1.23837
1.25505
1.27405
1.29339
1.31001
1.32033
1.32108
1.31045
1.28939
1.26201
1.23504
1.21605
1.21104
1.22171
1.2448
1.27397
1.3024
1.32475
1.33772
1.33982
1.33127
1.31373
1.28984
1.26268
1.23487
1.20805
1.18289
1.15961
1.13854
1.12063
1.10723
1.09965
1.09858
1.1037
1.11383
1.12765
1.14421
1.16288
1.1832
1.20458
1.22616
1.2473
1.2674
1.28602
1.3026
1.31638
1.32672
1.33325
1.33614
1.33592
1.33313
1.32809
1.3206
1.30989
1.29491
1.27494
1.25028
1.22256
1.19463
1.16985
1.15136
1.14144
1.14106
1.14951
1.16453
1.18257
1.19965
1.21212
1.21754
1.21501
1.20525
1.19021
1.17214
1.15291
1.13362
1.11492
1.09782
1.08418
1.07666
1.07775
1.08864
1.10858
1.13524
1.16572
1.19763
1.22943
1.26034
1.28989
1.31772
1.34351
1.36671
1.38659
1.40206
1.41227
1.4169
1.41631
1.41147
1.40357
1.39341
1.38093
1.36511
1.34434
1.31707
1.2828
1.24257
1.19891
1.15552
1.11682
1.08716
1.06992
1.06665
1.07626
1.09539
1.11936
1.14339
1.16342
1.17662
1.18178
1.17931
1.17103
1.15979
1.14866
1.14025
1.13606
1.13638
1.14046
1.14667
1.15307
1.15808
1.16122
1.16354
1.16731
1.17495
1.18767
1.20486
1.22446
1.24373
1.25998
1.27089
1.27451
1.26941
1.25502
1.23262
1.206
1.18163
1.16678
1.16654
1.18113
1.20601
1.2344
1.26009
1.27895
1.28921
1.29116
1.28664
1.2784
1.26961
1.26333
1.26199
1.26668
1.2768
1.29027
1.30365
1.31311
1.31551
1.3093
1.29487
1.27446
1.25177
1.23096
1.21587
1.20928
1.21237
1.22454
1.24366
1.26645
1.28923
1.30863
1.32211
1.32821
1.32655
1.31784
1.30359
1.28566
1.26565
1.24449
1.22261
1.20017
1.17741
1.15459
1.13193
1.10963
1.08796
1.06755
1.04931
1.0343
1.02369
1.01829
1.01838
1.02337
1.0321
1.04326
1.05604
1.07062
1.08797
1.10927
1.13521
1.16535
1.19823
1.23192
1.26449
1.29477
1.32219
1.34637
1.36671
1.38215
1.39139
1.39332
1.38762
1.37491
1.35652
1.33441
1.31117
1.2893
1.27011
1.25321
1.23656
1.21782
1.19564
1.17066
1.14579
1.12579
1.116
1.12018
1.13829
1.1659
1.19637
1.22374
1.2447
1.25878
1.26727
1.27222
1.27523
1.27679
1.27612
1.2718
1.26286
1.24966
1.23404
1.21882
1.20697
1.20071
1.20092
1.20666
1.21557
1.2247
1.2316
1.23507
1.2353
1.23365
1.23151
1.2291
1.22486
1.21612
1.20091
1.17966
1.15585
1.1356
1.12569
1.13076
1.15133
1.18396
1.22268
1.26089
1.29285
1.31446
1.32338
1.31893
1.30229
1.27633
1.24544
1.21484
1.18908
1.1709
1.16095
1.1586
1.16272
1.17229
1.18619
1.20296
1.22076
1.2377
1.25228
1.26327
1.26944
1.26935
1.26192
1.24739
1.22855
1.21098
1.20137
1.20386
1.21784
1.23909
1.26248
1.28358
1.29913
1.30709
1.30649
1.29759
1.28135
1.25933
1.23352
1.20664
1.18257
1.16592
1.16051
1.16737
1.18405
1.20569
1.22691
1.24295
1.2503
1.24703
1.23293
1.20952
1.17967
1.14732
1.11671
1.09191
1.07629
1.07203
1.07975
1.09816
1.12447
1.15497
1.18572
1.2134
1.23595
1.25308
1.26597
1.27628
1.28517
1.29288
1.29893
1.30255
1.30311
1.30042
1.29477
1.28689
1.27789
1.26895
1.26126
1.25559
1.252
1.24965
1.24698
1.24224
1.23407
1.22192
1.2062
1.18807
1.16901
1.15033
1.133
1.11751
1.10429
1.09385
1.08704
1.08494
1.08868
1.09872
1.11441
1.13379
1.15379
1.17089
1.18221
1.18637
1.18396
1.17724
1.16921
1.1627
1.1596
1.16043
1.16485
1.1721
1.18159
1.19322
1.20757
1.22567
1.24842
1.27606
1.30728
1.33929
1.36856
1.39179
1.40672
1.41231
1.4084
1.39542
1.37449
1.34728
1.31574
1.28155
1.24618
1.21098
1.17753
1.14779
1.12408
1.10835
1.10155
1.10299
1.1106
1.12176
1.13413
1.14648
1.15896
1.17306
1.19083
1.2133
1.23958
1.26782
1.29644
1.32439
1.35023
1.37129
1.38447
1.38717
1.3778
1.35616
1.32358
1.28307
1.23908
1.19702
1.16217
1.13856
1.12793
1.12933
1.13956
1.15409
1.16832
1.17858
1.18251
1.17912
1.16862
1.15239
1.13298
1.11389
1.09916
1.09259
1.09658
1.11128
1.13444
1.16203
1.18961
1.21347
1.23158
1.24361
1.25034
1.25313
1.25333
1.25173
1.24846
1.24338
1.23649
1.22835
1.22001
1.21287
1.20821
1.20684
1.20925
1.21583
1.227
1.24299
1.26343
1.28698
1.31127
1.33339
1.35028
1.35947
1.35932
1.34931
1.33003
1.30354
1.27347
1.24485
1.22288
1.21109
1.20955
1.21469
1.22146
1.22573
1.22529
1.21993
1.21031
1.19749
1.18269
1.16764
1.15451
1.1456
1.14254
1.1457
1.15405
1.16562
1.17841
1.19056
1.20051
1.20681
1.20818
1.20389
1.19428
1.18092
1.16667
1.15484
1.14848
1.14958
1.1586
1.1744
1.19445
1.21573
1.23554
1.25185
1.26349
1.27013
1.27225
1.27114
1.26862
1.26672
1.26683
1.26938
1.27377
1.27865
1.28254
1.2842
1.28288
1.27836
1.27103
1.26171
1.25162
1.24193
1.23349
1.22692
1.22231
1.21946
1.21776
1.21624
1.21404
1.21119
1.209
1.2098
1.21583
1.22736
1.24196
1.25521
1.26314
1.26379
1.25758
1.24666
1.23381
1.22154
1.21132
1.2034
1.19727
1.19225
1.18778
1.18366
1.17976
1.17575
1.17118
1.16578
1.15975
1.15384
1.14924
1.14686
1.14676
1.14786
1.14848
1.1472
1.14361
1.13905
1.13602
1.13701
1.1433
1.15469
1.17018
1.18847
1.2082
1.22781
1.24553
1.25956
1.26843
1.27143
1.2688
1.26148
1.25086
1.23845
1.22561
1.21349
1.2031
1.19553
1.19205
1.19371
1.20103
1.21392
1.23152
1.25235
1.27456
1.29586
1.31372
1.32576
1.3302
1.32615
1.31393
1.29485
1.27095
1.24489
1.21958
1.19792
1.18231
1.17408
1.17318
1.1782
1.18687
1.19664
1.20512
1.21041
1.21124
1.20684
1.19718
1.18315
1.1664
1.1492
1.13397
1.12292
1.11744
1.11792
1.12389
1.13452
1.14905
1.16698
1.18813
1.21208
1.23773
1.26287
1.28431
1.29884
1.30479
1.30345
1.29897
1.29639
1.2991
1.30721
1.31816
1.32802
1.33263
1.32833
1.31284
1.28681
1.25513
1.22617
1.20785
1.20299
1.20835
1.21783
1.22583
1.22872
1.22504
1.21518
1.20096
1.18504
1.17015
1.15854
1.15174
1.15058
1.15538
1.16608
1.18195
1.20119
1.22106
1.2383
1.25043
1.2566
1.25779
1.25592
1.25259
1.24823
1.24229
1.23426
1.22442
1.21377
1.20372
1.19571
1.19073
1.18893
1.18958
1.19141
1.19336
1.19501
1.19645
1.19794
1.19945
1.20069
1.20155
1.20245
1.20403
1.20665
1.20968
1.21202
1.21275
1.21188
1.21036
1.20958
1.21085
1.21485
1.22136
1.22905
1.23567
1.2386
1.23587
1.22691
1.21337
1.19878
1.18731
1.18195
1.18344
1.19026
1.20008
1.21083
1.22156
1.23222
1.24309
1.25459
1.26672
1.27879
1.28947
1.29749
1.30225
1.30405
1.3037
1.30195
1.29945
1.29651
1.29296
1.28814
1.28102
1.27063
1.25663
1.23994
1.22296
1.20895
1.20031
1.19766
1.19941
1.20282
1.20507
1.20411
1.19932
1.19146
1.18207
1.1729
1.16514
1.15914
1.15451
1.15061
1.14704
1.14382
1.1417
1.14183
1.14572
1.15502
1.17095
1.19344
1.22093
1.25064
1.27918
1.30353
1.3215
1.3319
1.33463
1.33062
1.32155
1.30935
1.29561
1.28119
1.26631
1.25107
1.23608
1.22262
1.21232
1.20636
1.20504
1.20773
1.21313
1.21954
1.22514
1.22808
1.22723
1.22278
1.21653
1.21138
1.20997
1.21331
1.22051
1.22957
1.23802
1.24376
1.24532
1.24183
1.23292
1.21928
1.2032
1.1885
1.17865
1.17516
1.17704
1.18167
1.18618
1.18861
1.18858
1.18725
1.18639
1.18684
1.18828
1.19008
1.19279
1.19802
1.20702
1.21945
1.23364
1.24774
1.26075
1.27217
1.28142
1.28744
1.28902
1.28547
1.27719
1.26603
1.25478
1.24616
1.24204
1.24269
1.24673
1.25199
1.25579
1.25595
1.25119
1.24136
1.22742
1.21137
1.19564
1.18239
1.17311
1.16847
1.16849
1.17297
1.18145
1.19313
1.2067
1.22052
1.23312
1.24352
1.25144
1.25712
1.26118
1.26411
1.26599
1.26625
1.26415
1.25935
1.25221
1.2437
1.23529
1.2284
1.22406
1.22269
1.2241
1.22738
1.23096
1.2329
1.2316
1.22632
1.21749
1.20637
1.19488
1.18519
1.17911
1.17771
1.18114
1.18893
1.2005
1.21527
1.23257
1.25109
1.26893
1.28413
1.29534
1.30244
1.30652
1.30918
1.31193
1.31543
1.31918
1.32167
1.32114
1.31606
1.30582
1.29083
1.27223
1.25154
1.23041
1.21051
1.19325
1.17946
1.16937
1.16244
1.15802
1.1556
1.15505
1.15648
1.1598
1.16478
1.17096
1.17768
1.18422
1.18978
1.19377
1.19595
1.19633
1.19496
1.19167
1.18616
1.17845
1.1691
1.15941
1.15112
1.14626
1.14648
1.15269
1.16456
1.18032
1.19753
1.21384
1.22756
1.23774
1.24404
1.24682
1.24687
1.2453
1.24327
1.24187
1.24198
1.24406
1.24815
1.25402
1.26119
1.26905
1.27713
1.28507
1.29241
1.29835
1.30184
1.30186
1.29778
1.28953
1.27749
1.26236
1.24508
1.22687
1.20909
1.19293
1.17877
1.16607
1.15385
1.14146
1.12921
1.11837
1.11083
1.10874
1.1141
1.12844
1.15221
1.18418
1.22141
1.25992
1.29549
1.32448
1.34425
1.35336
1.35156
1.33978
1.32015
1.29568
1.26968
1.24495
1.22314
1.20461
1.18899
1.17564
1.16418
1.15495
1.14934
1.14937
1.15686
1.1726
1.19588
1.22445
1.25492
1.28327
1.30559
1.31892
1.32154
1.31345
1.2961
1.27226
1.24578
1.22112
1.2025
1.19291
1.19318
1.20143
1.2138
1.22618
1.2357
1.24116
1.24227
1.23884
1.23035
1.21685
1.19981
1.18266
1.1697
1.16419
1.16643
1.17375
1.18206
1.18818
1.19136
1.19345
1.19773
1.20699
1.22211
1.24163
1.26243
1.28103
1.29455
1.30124
1.30038
1.29236
1.27835
1.26035
1.24091
1.22279
1.20867
1.20074
1.20031
1.2075
1.22086
1.23776
1.25472
1.2684
1.2764
1.27766
1.27262
1.26267
1.2496
1.23488
1.21955
1.20439
1.19022
1.17804
1.16898
1.16391
1.16331
1.16696
1.17391
1.18259
1.19109
1.19744
1.20013
1.19838
1.19232
1.18295
1.17188
1.16093
1.15182
1.14579
1.14359
1.14565
1.15235
1.16366
1.17853
1.19443
1.20802
1.21656
1.21911
1.21715
1.21414
1.21416
1.22034
1.23379
1.25351
1.27737
1.30296
1.3282
1.35125
1.37031
1.38352
1.38885
1.38445
1.36906
1.34237
1.30559
1.26182
1.21601
1.17437
1.14276
1.12464
1.1204
1.12834
1.14605
1.17067
1.19848
1.22561
1.24911
1.26725
1.27902
1.28365
1.2807
1.27039
1.25401
1.23386
1.21308
1.19511
1.18322
1.17982
1.1857
1.19947
1.21803
1.23745
1.25419
1.26567
1.27065
1.26904
1.26164
1.24976
1.23483
1.21837
1.20181
1.18644
1.17349
1.16395
1.15871
1.15873
1.16458
1.17557
1.18905
1.20077
1.20686
1.20563
1.19823
1.18806
1.17932
1.17547
1.1782
1.18738
1.20134
1.21754
1.23339
1.24692
1.25713
1.26387
1.26756
1.26909
1.26957
1.2697
1.26923
1.26683
1.26097
1.25118
1.23853
1.22525
1.21392
1.20657
1.20429
1.20733
1.2153
1.22734
1.24215
1.25778
1.27172
1.28133
1.28459
1.28048
1.26923
1.25237
1.2327
1.21397
1.19987
1.19289
1.19331
1.19941
1.20863
1.2184
1.2266
1.23173
1.23289
1.22964
1.22184
1.20982
1.19461
1.17794
1.16209
1.14902
1.13977
1.13455
1.13354
1.1375
1.14745
1.16388
1.18594
1.21163
1.23821
1.26305
1.28399
1.29969
1.30955
1.31351
1.31162
1.30363
1.28915
1.26808
1.24132
1.21106
1.18055
1.1532
1.13188
1.1184
1.11344
1.11654
1.12653
1.14196
1.16135
1.18328
1.20636
1.22906
1.24973
1.26666
1.27837
1.28401
1.2837
1.27851
1.27007
1.26029
1.25094
1.24327
1.238
1.23544
1.23536
1.23703
1.23897
1.23927
1.23644
1.23029
1.22235
1.21516
1.21119
1.21192
1.21742
1.22651
1.23738
1.24815
1.25749
1.26469
1.26929
1.27091
1.26893
1.26269
1.2517
1.2362
1.21725
1.19696
1.17825
1.16433
1.15786
1.16029
1.17143
1.18956
1.2115
1.23305
1.24978
1.25807
1.25621
1.24476
1.22604
1.20363
1.18154
1.16355
1.15243
1.14916
1.15289
1.16125
1.1712
1.17959
1.18401
1.18334
1.17813
1.17044
1.16326
1.15958
1.1615
1.16955
1.18246
1.19763
1.2122
1.22398
1.23223
1.23778
1.24268
1.24923
1.25922
1.27326
1.29072
1.30992
1.32836
1.34312
1.35147
1.35147
1.34249
1.32538
1.30221
1.27551
1.24755
1.22022
1.1953
1.17473
1.16046
1.15389
1.15527
1.16335
1.17605
1.19109
1.20651
1.22045
1.23118
1.23732
1.23827
1.23485
1.22923
1.22436
1.22299
1.22639
1.2337
1.2427
1.25144
1.25918
1.26639
1.27376
1.28098
1.28664
1.28909
1.28741
1.28159
1.2723
1.26011
1.24536
1.22831
1.20964
1.19066
1.17304
1.15836
1.14755
1.14075
1.13734
1.13632
1.13702
1.13959
1.14498
1.15385
1.16572
1.17867
1.19034
1.19909
1.20432
1.20627
1.20563
1.20324
1.20002
1.1972
1.19623
1.19833
1.20416
1.21341
1.22442
1.23466
1.24133
1.2422
1.23658
1.22555
1.21144
1.19669
1.18283
1.17028
1.15903
1.14973
1.14413
1.14449
1.15254
1.16836
1.19016
1.2149
1.23941
1.26088
1.27715
1.28667
1.28862
1.28298
1.27068
1.25342
1.23341
1.21288
1.1938
1.17798
1.16686
1.16122
1.16122
1.16673
1.17759
1.19365
1.21424
1.23769
1.26118
1.28106
1.29384
1.29705
1.28999
1.27388
1.25161
1.22691
1.20351
1.18439
1.17158
1.16634
1.16915
1.17974
1.19705
1.21911
1.2429
1.26472
1.28102
1.28951
1.28965
1.28254
1.27034
1.25535
1.23969
1.22474
1.21152
1.20104
1.19453
1.19338
1.19861
1.21022
1.22691
1.24627
1.26552
1.28211
1.29405
1.3004
1.30116
1.29735
1.29043
1.28177
1.27216
1.26176
1.25054
1.23875
1.22701
1.21616
1.20677
1.1989
1.19219
1.18614
1.18059
1.17581
1.1723
1.1704
1.16998
1.17013
1.16947
1.16675
1.16152
1.15454
1.14772
1.14336
1.14309
1.14718
1.15453
1.1633
1.17191
1.17973
1.18703
1.19448
1.20268
1.2117
1.22119
1.23053
1.23917
1.24678
1.25319
1.25799
1.2601
1.25841
1.25213
1.24141
1.22739
1.21211
1.19812
1.18778
1.18257
1.18244
1.18573
1.18985
1.19211
1.19058
1.18492
1.17634
1.16733
1.16069
1.1586
1.16203
1.17073
1.18355
1.1988
1.21449
1.22869
1.23988
1.24741
1.25146
1.25294
1.25282
1.25154
1.24886
1.24401
1.23628
1.22552
1.21256
1.19922
1.18823
1.18263
1.18488
1.19619
1.21598
1.24186
1.27024
1.29697
1.31793
1.32977
1.33042
1.31947
1.29834
1.26984
1.23743
1.20466
1.17458
1.1496
1.1316
1.12195
1.12105
1.12802
1.14042
1.15477
1.16761
1.17634
1.17998
1.17929
1.17621
1.17314
1.17197
1.17375
1.17868
1.18617
1.19526
1.20479
1.21391
1.22218
1.22959
1.23628
1.24227
1.24722
1.25073
1.25257
1.25279
1.25192
1.25136
1.25321
1.25949
1.27063
1.28417
1.29531
1.299
1.2922
1.27481
1.24942
1.22077
1.19471
1.17662
1.16948
1.17283
1.18357
1.19776
1.21212
1.22468
1.2346
1.24158
1.24511
1.24457
1.24005
1.23329
1.22774
1.22704
1.23329
1.24561
1.26074
1.27471
1.28452
1.28872
1.28752
1.28213
1.2742
1.26529
1.25663
1.24897
1.24259
1.23739
1.23303
1.2289
1.22417
1.21786
1.20915
1.19771
1.184
1.16903
1.15421
1.14111
1.13168
1.12787
1.13091
1.14055
1.15521
1.17235
1.18925
1.20357
1.21377
1.21984
1.22338
1.2273
1.23446
1.24645
1.26265
1.28034
1.29563
1.30488
1.30575
1.29773
1.28194
1.26072
1.23751
1.21653
1.202
1.19647
1.19937
1.20716
1.2153
1.22038
1.22118
1.21822
1.21247
1.20459
1.19493
1.18442
1.17516
1.17009
1.17192
1.18199
1.19984
1.22336
1.24953
1.27503
1.29692
1.31306
1.32222
1.32421
1.31957
1.30904
1.29311
1.27261
1.24959
1.22765
1.2108
1.20144
1.19938
1.20232
1.2073
1.21148
1.2127
1.20971
1.20219
1.19078
1.1768
1.16219
1.14916
1.13948
1.13352
1.1304
1.12875
1.12794
1.12841
1.13157
1.13896
1.15149
1.16886
1.18962
1.2116
1.23252
1.25054
1.26465
1.27521
1.28406
1.29362
1.30508
1.31709
1.32581
1.3269
1.31764
1.29803
1.27031
1.23809
1.20527
1.17566
1.15284
1.13983
1.13852
1.149
1.16896
1.19409
1.21915
1.23932
1.25148
1.25494
1.25132
1.24386
1.23597
1.2303
1.22802
1.22872
1.23084
1.23235
1.23128
1.22631
1.21673
1.20246
1.18397
1.1625
1.14042
1.12139
1.10971
1.10919
1.12167
1.14625
1.17945
1.21665
1.25352
1.28648
1.31273
1.32985
1.3361
1.33139
1.3176
1.29846
1.27857
1.26211
1.25155
1.24711
1.24696
1.24821
1.248
1.24441
1.23681
1.22556
1.21219
1.19909
1.1891
1.18479
1.1879
1.19877
1.21609
1.23665
1.25581
1.26874
1.27149
1.26208
1.24088
1.21049
1.17526
1.14039
1.11128
1.09286
1.08824
1.09738
1.11711
1.14262
1.16922
1.19331
1.21295
1.22786
1.23899
1.24752
1.25399
1.25791
1.25817
1.25376
1.24471
1.23272
1.22101
1.21382
1.21514
1.22717
1.24935
1.27861
1.31047
1.34043
1.36467
1.38044
1.38624
1.38187
1.3686
1.34903
1.32646
1.30388
1.28337
1.2661
1.25245
1.24225
1.23483
1.22918
1.2241
1.21866
1.21233
1.20503
1.19654
1.1862
1.17301
1.15639
1.13678
1.11608
1.09725
1.08375
1.07851
1.08315
1.09753
1.1197
1.14651
1.17443
1.20039
1.222
1.23749
1.24565
1.24614
1.23957
1.22791
1.2143
1.20256
1.1962
1.19737
1.20626
1.22106
1.23857
1.25525
1.26835
1.27623
1.27826
1.27463
1.26653
1.25624
1.24651
1.23951
1.23628
1.23693
1.24136
1.2491
1.25933
1.27075
1.2817
1.29063
1.29655
1.29921
1.29888
1.29601
1.29072
1.28284
1.27173
1.25658
1.23706
1.21365
1.18829
1.16413
1.14485
1.13367
1.13228
1.14035
1.15569
1.17486
1.19419
1.21078
1.22314
1.231
1.23461
1.23414
1.22942
1.22019
1.20654
1.18955
1.17141
1.15504
1.1431
1.13733
1.13825
1.14592
1.16
1.17944
1.20164
1.22257
1.23819
1.24625
1.24781
1.24703
1.2493
1.2586
1.27554
1.29691
1.31684
1.32876
1.32776
1.31232
1.28506
1.25215
1.22123
1.19887
1.18888
1.19174
1.20542
1.22655
1.25154
1.27684
1.29923
1.31602
1.32544
1.32696
1.32116
1.30948
1.29374
1.27555
1.25629
1.2372
1.21984
1.20575
1.19618
1.19156
1.19121
1.19408
1.1994
1.2068
1.21553
1.22388
1.22966
1.23092
1.22666
1.2168
1.202
1.18358
1.16351
1.14423
1.12834
1.11797
1.11433
1.11738
1.12601
1.13826
1.1519
1.16515
1.17701
1.18748
1.1971
1.20648
1.21586
1.22491
1.23307
1.23978
1.24487
1.2487
1.25184
1.25466
1.25709
1.25842
1.25743
1.25269
1.24318
1.2287
1.21018
1.18928
1.16793
1.14768
1.12946
1.11352
1.09986
1.08873
1.08093
1.07775
1.0803
1.08894
1.10303
1.12114
1.14181
1.16385
1.18634
1.2085
1.22949
1.24854
1.26509
1.27899
1.29055
1.30026
1.30845
1.315
1.31909
1.31945
1.31487
1.30459
1.28872
1.26843
1.24595
1.22439
1.20711
1.1971
1.19644
1.20588
1.22444
1.24917
1.27551
1.29814
1.31205
1.31378
1.30197
1.27758
1.24364
1.20478
1.16661
1.13452
1.11235
1.10154
1.10104
1.1082
1.12004
1.13412
1.14854
1.16212
1.17431
1.18523
1.19535
1.20528
1.21536
1.22556
1.23545
1.24427
1.25113
1.25533
1.25654
1.25505
1.25205
1.24915
1.24794
1.24929
1.25273
1.25689
1.25981
1.2599
1.25631
1.24911
1.23899
1.22681
1.21324
1.19851
1.18237
1.16425
1.14381
1.12156
1.09895
1.07865
1.06414
1.05908
1.06638
1.0872
1.12021
1.16151
1.20553
1.24644
1.27954
1.30213
1.31377
1.31587
1.3108
1.3012
1.2895
1.2776
1.26694
1.25842
1.25231
1.24833
1.24597
1.24486
1.24468
1.24483
1.24441
1.24296
1.2412
1.24099
1.24437
1.25237
1.26478
1.28056
1.29827
1.31601
1.33129
1.34104
1.34219
1.33252
1.31138
1.27984
1.24066
1.19783
1.15558
1.11782
1.08789
1.06857
1.06189
1.06875
1.08843
1.1182
1.15356
1.18916
1.22027
1.24387
1.25925
1.26753
1.27069
1.27046
1.26762
1.26221
1.25409
1.24324
1.22992
1.21478
1.1987
1.18294
1.1692
1.15988
1.15771
1.16464
1.18064
1.20325
1.22854
1.25249
1.27185
1.28447
1.28909
1.28537
1.27369
1.25524
1.23208
1.20693
1.18297
1.16355
1.15166
1.14921
1.15639
1.17145
1.191
1.21112
1.2283
1.24056
1.24795
1.25259
1.25754
1.26531
1.2766
1.28998
1.30269
1.312
1.31599
1.31401
1.3064
1.29426
1.27891
1.26132
1.24209
1.22159
1.20058
1.1803
1.16243
1.14876
1.14081
1.13955
1.14521
1.15727
1.17417
1.19369
1.21309
1.22973
1.24164
1.24806
1.24923
1.24616
1.23993
1.23123
1.22008
1.20627
1.1901
1.17274
1.15624
1.14312
1.13571
1.13536
1.14221
1.15524
1.17272
1.19257
1.21266
1.23102
1.2459
1.25619
1.26157
1.26256
1.2606
1.25749
1.25526
1.2555
1.25897
1.26522
1.27269
1.2792
1.28256
1.28099
1.27359
1.26081
1.24439
1.22717
1.21219
1.20196
1.19803
1.20108
1.21099
1.22647
1.24451
1.26116
1.27293
1.27801
1.2763
1.2688
1.25702
1.24257
1.22715
1.21249
1.20032
1.19206
1.18827
1.18837
1.19079
1.19364
1.19543
1.19554
1.19421
1.19208
1.18975
1.18763
1.18581
1.18433
1.18289
1.1806
1.17617
1.16835
1.15679
1.14262
1.1284
1.11751
1.11313
1.11736
1.13084
1.15285
1.1815
1.21418
1.24794
1.27992
1.30736
1.32803
1.34035
1.34374
1.3386
1.3264
1.30949
1.29061
1.27235
1.25633
1.243
1.23215
1.22346
1.21702
1.2135
1.21385
1.21871
1.22811
1.24128
1.257
1.27377
1.29001
1.30409
1.31405
1.31775
1.31351
1.30111
1.28211
1.25964
1.23727
1.21744
1.20095
1.18724
1.17542
1.16485
1.15564
1.14823
1.14278
1.13894
1.13567
1.1318
1.12636
1.11927
1.11148
1.10484
1.10147
1.10305
1.11024
1.12247
1.13819
1.15532
1.17186
1.18613
1.19717
1.20485
1.21014
1.21477
1.22064
1.22889
1.23923
1.25002
1.25899
1.26436
1.2655
1.26296
1.25803
1.252
1.24544
1.2379
1.2283
1.21598
1.20172
1.18818
1.17925
1.17851
1.18774
1.20629
1.2317
1.26093
1.2913
1.32057
1.34658
1.36701
1.37957
1.38227
1.37396
1.35454
1.3252
1.28837
1.24761
1.20708
1.171
1.14301
1.12558
1.11952
1.12368
1.135
1.14935
1.16242
1.17077
1.17262
1.16832
1.16003
1.151
1.14461
1.14354
1.1494
1.16253
1.18206
1.20612
1.23198
1.25623
1.27529
1.28602
1.28636
1.27591
1.25619
1.23048
1.20322
1.17957
1.16437
1.16099
1.17034
1.19048
1.21716
1.24503
1.26921
1.28599
1.29333
1.291
1.28045
1.26448
1.24675
1.23106
1.22026
1.21526
1.2147
1.2163
1.21882
1.22349
1.23374
1.25231
1.27851
1.30783
1.33427
1.35298
1.36139
1.35851
1.34425
1.31926
1.28528
1.24563
1.20499
1.16816
1.1388
1.11912
1.11023
1.11223
1.12393
1.14294
1.16608
1.19013
1.21217
1.22963
1.24058
1.244
1.23991
1.22938
1.21419
1.19662
1.17933
1.16519
1.15692
1.15613
1.16225
1.17286
1.18504
1.19702
1.2088
1.2216
1.23682
1.25478
1.27445
1.29348
1.30894
1.31817
1.31937
1.31207
1.29712
1.27635
1.25201
1.22648
1.20167
1.1789
1.15908
1.14281
1.13061
1.12306
1.12049
1.12285
1.12948
1.13896
1.14934
1.15838
1.1643
1.16718
1.16987
1.17739
1.19335
1.2168
1.24302
1.26741
1.28777
1.30376
1.31545
1.32252
1.3246
1.32163
1.31405
1.30287
1.28969
1.27644
1.26502
1.25679
1.25219
1.2508
1.25152
1.2528
1.25307
1.25111
1.24642
1.23926
1.23028
1.22012
1.20905
1.19708
1.18425
1.17097
1.15816
1.14722
1.13983
1.13737
1.14068
1.14974
1.16364
1.18077
1.19917
1.21716
1.23359
1.24768
1.2588
1.26637
1.27015
1.27028
1.26745
1.26272
1.25691
1.25017
1.2419
1.23122
1.21734
1.20017
1.18079
1.16173
1.14633
1.13782
1.13796
1.14629
1.16048
1.17766
1.19543
1.21221
1.22721
1.23991
1.24987
1.25648
1.25926
1.25823
1.25408
1.24782
1.23998
1.23003
1.21641
1.1977
1.17385
1.14733
1.12268
1.1052
1.09898
1.10563
1.12423
1.15198
1.18519
1.22031
1.25458
1.28628
1.31453
1.33877
1.3583
1.37211
1.37905
1.37818
1.36905
1.35198
1.32845
1.30066
1.27076
1.24033
1.21026
1.1814
1.15496
1.13263
1.11614
1.10662
1.10429
1.10844
1.11778
1.13089
1.14648
1.16341
1.18047
1.19664
1.21134
1.22446
1.23655
1.24845
1.26094
1.27434
1.28814
1.30092
1.31073
1.31572
1.31458
1.3068
1.29266
1.27309
1.24959
1.22432
1.20004
1.17963
1.16566
1.15976
1.16214
1.17151
1.18519
1.19974
1.21173
1.2185
1.21885
1.21294
1.20213
1.18855
1.17479
1.16353
1.15722
1.15774
1.16586
1.18083
1.20029
1.22086
1.23932
1.25357
1.26334
1.26996
1.27571
1.28262
1.29116
1.29947
1.30386
1.30042
1.28668
1.26264
1.23088
1.19612
1.16415
1.14013
1.12712
1.12524
1.13214
1.14424
1.15796
1.17065
1.18103
1.1897
1.1987
1.21082
1.22826
1.25139
1.2784
1.30588
1.32983
1.34649
1.35301
1.34813
1.33284
1.31041
1.2852
1.26073
1.23868
1.21939
1.2028
1.189
1.17824
1.17062
1.166
1.16385
1.16326
1.1632
1.16267
1.16108
1.15882
1.15737
1.15911
1.16665
1.18179
1.20445
1.23224
1.26103
1.28644
1.30519
1.31569
1.31798
1.3131
1.30267
1.28857
1.27281
1.25719
1.24297
1.23075
1.22031
1.2109
1.20159
1.1917
1.18107
1.1699
1.15849
1.14706
1.13593
1.12585
1.11835
1.11544
1.11893
1.12937
1.14591
1.16651
1.18862
1.20979
1.22804
1.24207
1.25127
1.25566
1.25542
1.2506
1.24143
1.2287
1.21413
1.2002
1.1897
1.18484
1.18652
1.19401
1.20509
1.21664
1.22569
1.2302
1.22986
1.22611
1.2216
1.2191
1.22053
1.22621
1.23505
1.24507
1.25428
1.26089
1.26342
1.26093
1.25328
1.24161
1.22818
1.21582
1.20733
1.20445
1.20709
1.21348
1.22095
1.22707
1.23012
1.22927
1.22478
1.21838
1.21253
1.20932
1.20919
1.2111
1.21345
1.21511
1.21564
1.21551
1.2163
1.22042
1.23027
1.24717
1.27046
1.29707
1.32243
1.34211
1.35309
1.35436
1.34642
1.33057
1.30843
1.28174
1.25237
1.22245
1.1941
1.16888
1.14735
1.12902
1.11291
1.09848
1.08624
1.07785
1.07566
1.08165
1.09659
1.11963
1.14838
1.17993
1.21182
1.24237
1.27039
1.29483
1.31466
1.32899
1.3376
1.34087
1.33934
1.33318
1.32163
1.30345
1.27747
1.2439
1.20513
1.16528
1.12939
1.10198
1.08622
1.08379
1.09537
1.12066
1.15795
1.20333
1.25097
1.29427
1.32735
1.34653
1.35082
1.34189
1.32295
1.29746
1.26787
1.23577
1.20285
1.1716
1.14504
1.12602
1.11605
1.11469
1.11953
1.12721
1.13498
1.14179
1.14847
1.15691
1.16883
1.18481
1.20403
1.22461
1.24436
1.2613
1.27423
1.28304
1.28872
1.29299
1.29774
1.30425
1.31242
1.32082
1.32726
1.32952
1.32576
1.31512
1.29809
1.27663
1.25403
1.23398
1.21941
1.21147
1.20903
1.20918
1.20823
1.20271
1.19026
1.17003
1.14278
1.11103
1.07897
1.05188
1.03553
1.03483
1.05146
1.08247
1.12163
1.16259
1.20108
1.2349
1.26271
1.28357
1.29716
1.30439
1.30745
1.30917
1.31193
1.31727
1.32585
1.33764
1.35197
1.36711
1.3799
1.38624
1.38236
1.36602
1.33687
1.29647
1.2478
1.19486
1.14258
1.09673
1.06292
1.04498
1.04388
1.05783
1.08353
1.11731
1.15575
1.19581
1.23475
1.27005
1.29933
1.32071
1.33316
1.33674
1.33247
1.32213
1.30798
1.29239
1.27759
1.26517
1.25594
1.24976
1.24573
1.24243
1.23822
1.23177
1.22271
1.2122
1.20288
1.19773
1.19883
1.20613
1.21705
1.22726
1.232
1.22739
1.21144
1.18473
1.1503
1.11344
1.0805
1.05759
1.04916
1.05709
1.08066
1.11708
1.1622
1.21125
1.25941
1.3024
1.33692
1.36099
1.37352
1.37434
1.36377
1.34272
1.31258
1.27536
1.23368
1.19076
1.15034
1.11634
1.09226
1.08038
1.08105
1.09248
1.11155
1.13513
1.16079
1.18692
1.21249
1.23656
1.25817
1.27615
1.28897
1.29485
1.29205
1.27966
1.25839
1.23086
1.20129
1.17457
1.15505
1.14553
1.14683
1.1577
1.17548
1.19683
1.21858
1.23843
1.25558
1.2705
1.2845
1.29868
1.31311
1.32612
1.33458
1.33511
1.32533
1.30467
1.2744
1.23725
1.19708
1.15829
1.12533
1.10205
1.09104
1.09319
1.10765
1.132
1.16304
1.19711
1.23062
1.26033
1.28356
1.29854
1.30468
1.3028
1.2951
1.28477
1.27515
1.26862
1.26596
1.26639
1.26826
1.26976
1.26943
1.26633
1.26027
1.25178
1.24193
1.23214
1.22374
1.21765
1.21419
1.21329
1.21468
1.21812
1.22327
1.22951
1.2356
1.23966
1.23964
1.23394
1.22176
1.20325
1.1794
1.15181
1.12281
1.09561
1.07377
1.05988
1.05468
1.05735
1.06677
1.08217
1.10278
1.12732
1.15404
1.18095
1.2063
1.22882
1.2479
1.26378
1.2772
1.28905
1.29955
1.30822
1.31417
1.31669
1.31591
1.31266
1.30771
1.30137
1.29307
1.28173
1.26617
1.24595
1.22203
1.19727
1.17587
1.16245
1.16021
1.16944
1.18736
1.20928
1.23026
1.24648
1.25579
1.25775
1.25319
1.24385
1.23182
1.21917
1.20731
1.19686
1.18801
1.18094
1.17622
1.17465
1.17714
1.18429
1.19633
1.21289
1.23314
1.25579
1.27908
1.30085
1.31876
1.33065
1.33506
1.33122
1.31934
1.30047
1.27636
1.24923
1.22114
1.19358
1.16725
1.14263
1.12084
1.10429
1.09627
1.0996
1.11501
1.14037
1.17126
1.20251
1.22955
1.24935
1.26078
1.26435
1.26169
1.2551
1.24686
1.2389
1.23255
1.22853
1.22708
1.22812
1.23129
1.23559
1.23894
1.23858
1.23226
1.21942
1.20151
1.1818
1.16425
1.15236
1.14837
1.1529
1.1647
1.18067
1.19675
1.20929
1.21588
1.2158
1.21008
1.20105
1.1916
1.18424
1.18035
1.17971
1.18102
1.18272
1.18409
1.18548
1.18803
1.19282
1.20035
1.21026
1.22167
1.23403
1.24759
1.2633
1.28205
1.30374
1.32657
1.34709
1.36122
1.36541
1.35752
1.33713
1.30562
1.26568
1.22095
1.17556
1.13373
1.09926
1.07518
1.06309
1.06307
1.07388
1.09351
1.11938
1.14875
1.17916
1.20864
1.23564
1.25892
1.2773
1.28971
1.29574
1.29604
1.29271
1.28854
1.28569
1.28447
1.28339
1.28021
1.27342
1.2632
1.25128
1.24011
1.2319
1.22799
1.22839
1.23191
1.23651
1.24014
1.24129
1.23947
1.23517
1.2294
1.22322
1.21728
1.21149
1.20545
1.19898
1.19259
1.18741
1.18467
1.1849
1.1874
1.19034
1.19156
1.18945
1.1836
1.17452
1.16333
1.15134
1.1402
1.1319
1.12857
1.13174
1.14184
1.15819
1.17925
1.20309
1.22787
1.25191
1.27379
1.2924
1.30675
1.31627
1.32087
1.32082
1.31657
1.30877
1.29847
1.28704
1.27588
1.26589
1.25722
1.24915
1.24051
1.23
1.21679
1.20104
1.18394
1.16763
1.15449
1.14663
1.14544
1.15185
1.16656
1.18954
1.21875
1.24965
1.27627
1.29323
1.29717
1.28698
1.26352
1.22951
1.18945
1.14939
1.11631
1.09653
1.09373
1.10742
1.1331
1.16414
1.19419
1.21916
1.23775
1.25083
1.26013
1.26709
1.27207
1.27417
1.27179
1.26347
1.24865
1.22826
1.20464
1.18138
1.16242
1.15114
1.1495
1.15755
1.17348
1.19436
1.21695
1.23859
1.25726
1.27163
1.28117
1.28601
1.28691
1.28507
1.2819
1.27833
1.27454
1.26987
1.26326
1.25398
1.24211
1.22861
1.21499
1.20307
1.19459
1.19086
1.19242
1.19883
1.20878
1.22028
1.23107
1.23926
1.24386
1.24515
1.24451
1.24364
1.24374
1.24499
1.24658
1.24733
1.2463
1.24309
1.23739
1.22895
1.21768
1.20414
1.18983
1.17704
1.16823
1.16506
1.16777
1.17543
1.1866
1.19995
1.21448
1.22928
1.24333
1.25533
1.26416
1.26904
1.2699
1.26727
1.26213
1.25529
1.24723
1.23826
1.22853
1.21829
1.20773
1.1968
1.18539
1.17367
1.16256
1.15377
1.14924
1.15032
1.15722
1.1687
1.18239
1.19519
1.20416
1.20722
1.20372
1.19473
1.18334
1.17418
1.17212
1.17995
1.19703
1.21998
1.24461
1.26737
1.28594
1.29905
1.30651
1.30916
1.30884
1.30764
1.30706
1.30744
1.30804
1.30784
1.306
1.30234
1.29719
1.29126
1.28535
1.27972
1.27381
1.26632
1.25584
1.24157
1.2238
1.20398
1.18432
1.16708
1.1538
1.14483
1.13917
1.13485
1.12956
1.12136
1.10932
1.09404
1.07749
1.06271
1.05339
1.05339
1.06594
1.09222
1.13022
1.17511
1.22115
1.2635
1.29902
1.32594
1.34325
1.35022
1.34619
1.33072
1.30416
1.26812
1.22546
1.18018
1.13686
1.09986
1.07284
1.05884
1.06055
1.07989
1.11641
1.16546
1.21887
1.26756
1.30433
1.32525
1.32963
1.31942
1.29817
1.27026
1.2403
1.21258
1.19056
1.17673
1.17242
1.17775
1.1916
1.21171
1.23505
1.2584
1.27887
1.29424
1.30312
1.30498
1.29982
1.28822
1.27145
1.25142
1.23038
1.21023
1.1921
1.17638
1.16322
1.15311
1.14727
1.14743
1.15513
1.17086
1.19348
1.22046
1.24857
1.27453
1.29565
1.30994
1.31633
1.31494
1.30715
1.2953
1.28213
1.26961
1.25854
1.24884
1.24014
1.23231
1.22495
1.21718
1.20773
1.19561
1.18049
1.16279
1.14354
1.12409
1.10618
1.09187
1.08344
1.083
1.09159
1.10856
1.13147
1.15663
1.18034
1.19968
1.21321
1.22138
1.22618
1.23051
1.23688
1.24603
1.25673
1.26662
1.27333
1.27556
1.27317
1.26704
1.25863
1.24951
1.24089
1.23372
1.22854
1.22546
1.22448
1.22556
1.22852
1.23306
1.23832
1.24271
1.24422
1.24095
1.23198
1.21803
1.20166
1.18672
1.17721
1.17587
1.18321
1.19735
1.2148
1.23163
1.24446
1.25107
1.25094
1.24492
1.23479
1.22284
1.21127
1.20184
1.19564
1.19302
1.19371
1.19679
1.20056
1.2025
1.20003
1.19157
1.17729
1.15948
1.1418
1.12809
1.12137
1.12306
1.1326
1.1479
1.16606
1.18426
1.2005
1.2139
1.22453
1.23303
1.24008
1.24595
1.25025
1.2519
1.24967
1.24303
1.23305
1.22245
1.21503
1.21422
1.22172
1.237
1.25741
1.27911
1.29815
1.31153
1.31744
1.31544
1.30633
1.29164
1.27334
1.25371
1.23514
1.21958
1.20832
1.20147
1.19814
1.19692
1.19642
1.19569
1.19418
1.19162
1.18765
1.18172
1.17333
1.16249
1.15
1.13721
1.1256
1.11651
1.11066
1.10833
1.10938
1.11375
1.12193
1.13489
1.15369
1.17856
1.20823
1.23981
1.26955
1.29382
1.31001
1.317
1.31504
1.30569
1.29162
1.27637
1.26361
1.25587
1.25355
1.25488
1.2574
1.25965
1.26107
1.26158
1.26083
1.25841
1.25455
1.2504
1.2476
1.24738
1.24993
1.25433
1.2593
1.2637
1.2664
1.26613
1.26176
1.25339
1.24269
1.23239
1.22516
1.22235
1.22385
1.22857
1.23555
1.24431
1.25463
1.2661
1.27776
1.28794
1.29445
1.29476
1.28656
1.26873
1.24207
1.20995
1.17774
1.15064
1.13168
1.12101
1.11693
1.11756
1.1218
1.12937
1.14009
1.15331
1.16755
1.18072
1.19057
1.19548
1.19499
1.19008
1.18276
1.17556
1.17079
1.16976
1.17262
1.17845
1.18565
1.19271
1.1986
1.20324
1.20714
1.21092
1.21524
1.22047
1.22669
1.23383
1.24148
1.24887
1.25482
1.25821
1.25821
1.2546
1.24802
1.23987
1.23206
1.22655
1.22524
1.22975
1.24091
1.2582
1.27952
1.30137
1.3197
1.33073
1.33162
1.32084
1.29878
1.26849
1.23572
1.20721
1.18777
1.17876
1.17971
1.19001
1.20928
1.23594
1.26642
1.29592
1.31983
1.33481
1.33906
1.33203
1.31432
1.28741
1.25352
1.21551
1.17664
1.14041
1.11002
1.08796
1.07579
1.07418
1.08304
1.10148
1.1278
1.1592
1.19219
1.22287
1.24789
1.26493
1.27302
1.27263
1.26544
1.25384
1.24057
1.2279
1.21737
1.20958
1.20418
1.20001
1.19549
1.1892
1.18051
1.16983
1.15865
1.14929
1.14408
1.14486
1.15237
1.16601
1.18414
1.20469
1.22559
1.24506
1.26179
1.27478
1.28328
1.28684
1.28536
1.27907
1.26855
1.25445
1.23767
1.21932
1.20086
1.18403
1.17047
1.16116
1.15598
1.15386
1.15366
1.15506
1.15888
1.1665
1.17857
1.19418
1.21099
1.22623
1.23788
1.2453
1.24905
1.25036
1.25036
1.24964
1.24842
1.24722
1.24715
1.2493
1.25382
1.2596
1.26499
1.26874
1.27039
1.27005
1.26806
1.26476
1.26065
1.25676
1.25444
1.25481
1.25799
1.26267
1.26651
1.26716
1.26311
1.2543
1.24198
1.22818
1.21503
1.20411
1.19632
1.19199
1.19133
1.1944
1.20065
1.20873
1.21665
1.22281
1.2265
1.228
1.22807
1.2274
1.22617
1.22388
1.21973
1.21311
1.20386
1.19238
1.17952
1.16625
1.15343
1.14177
1.13158
1.12299
1.11606
1.11071
1.10678
1.10423
1.10326
1.10436
1.10853
1.11687
1.13017
1.14858
1.17166
1.19828
1.2272
1.257
1.28616
1.3129
1.33525
1.35129
1.35968
1.35964
1.3511
1.33457
1.31114
1.28246
1.25087
1.21903
1.18955
1.1644
1.14466
1.13071
1.12254
1.1201
1.12355
1.13298
1.14837
1.16934
1.1949
1.22338
1.25232
1.27873
1.29956
1.31242
1.31606
1.3107
1.29792
1.28046
1.26169
1.24489
1.23272
1.22656
1.2261
1.22948
1.23392
1.23676
1.23669
1.23448
1.23235
1.23208
1.23348
1.23474
1.23385
1.22997
1.22399
1.21831
1.21593
1.21903
1.22756
1.23918
1.24987
1.25571
1.25444
1.24601
1.23183
1.21355
1.19257
1.17034
1.14876
1.12996
1.11561
1.10636
1.10194
1.10198
1.10668
1.11657
1.13221
1.15321
1.17787
1.20312
1.22525
1.24078
1.24779
1.24644
1.23892
1.22871
1.2193
1.21343
1.21256
1.21689
1.22549
1.23668
1.24837
1.25851
1.26561
1.26893
1.2685
1.26477
1.25824
1.24932
1.23847
1.22661
1.21513
1.20599
1.20093
1.20096
1.20589
1.21438
1.22445
1.23378
1.23977
1.23964
1.23118
1.21396
1.19024
1.16481
1.14363
1.1318
1.13213
1.14443
1.1659
1.19204
1.21804
1.23991
1.25527
1.26368
1.26614
1.26425
1.259
1.25039
1.23782
1.22069
1.19958
1.17666
1.15553
1.14036
1.13432
1.13869
1.15265
1.17352
1.19768
1.22159
1.24288
1.26072
1.27605
1.29066
1.30611
1.32253
1.33852
1.35159
1.35948
1.36124
1.35717
1.34787
1.33328
1.31269
1.28575
1.25351
1.2186
1.18491
1.15635
1.13585
1.12469
1.12271
1.1289
1.142
1.16064
1.18311
1.20702
1.22919
1.24619
1.25522
1.25501
1.24661
1.23331
1.21994
1.21182
1.21324
1.22598
1.24795
1.27331
1.29466
1.306
1.30495
1.29309
1.27481
1.25532
1.23863
1.22629
1.21759
1.21098
1.2058
1.20298
1.20432
1.2104
1.21898
1.22566
1.22652
1.22006
1.20728
1.19062
1.17257
1.15511
1.14006
1.12964
1.12653
1.13291
1.14962
1.17562
1.20811
1.24316
1.27642
1.30405
1.32331
1.33294
1.33333
1.32606
1.31328
1.29705
1.27923
1.26149
1.24522
1.2313
1.22002
1.21122
1.20442
1.19875
1.19282
1.18487
1.1733
1.15755
1.13867
1.11921
1.10254
1.09164
1.08798
1.09123
1.09959
1.11079
1.12312
1.1363
1.15139
1.17007
1.19337
1.22076
1.25027
1.27925
1.30518
1.32624
1.34136
1.35003
1.35222
1.34828
1.33872
1.32424
1.3057
1.28457
1.26312
1.24428
1.23087
1.2246
1.22521
1.23054
1.23736
1.24234
1.243
1.23826
1.22876
1.21664
1.20476
1.19604
1.19265
1.19576
1.20554
1.22138
1.24173
1.26381
1.28351
1.29604
1.29758
1.28648
1.26363
1.23215
1.19639
1.16065
1.12833
1.10112
1.07919
1.06198
1.04955
1.04378
1.04868
1.06857
1.10506
1.15472
1.21008
1.26314
1.30804
1.34141
1.36182
1.36945
1.36569
1.35278
1.33296
1.30769
1.27786
1.24438
1.20918
1.17552
1.14744
1.12853
1.1211
1.12566
1.14098
1.16438
1.19247
1.22219
1.25149
1.2794
1.30531
1.32815
1.34592
1.35585
1.35515
1.34221
1.31747
1.28383
1.24588
1.20872
1.17635
1.15065
1.13154
1.11772
1.10796
1.10165
1.09872
1.09927
1.10318
1.10997
1.11874
1.12865
1.13948
1.15197
1.16771
1.18823
1.21364
1.24198
1.26973
1.29366
1.31217
1.32523
1.33354
1.33749
1.33658
1.3297
1.31577
1.29437
1.26612
1.23271
1.19652
1.16058
1.12872
1.10525
1.09401
1.09684
1.11284
1.13893
1.17103
1.20486
1.23662
1.26352
1.28411
1.29819
1.30631
1.30948
1.30918
1.30742
1.30657
1.30884
1.31522
1.32498
1.3358
1.34479
1.34955
1.34879
1.34218
1.32945
1.30966
1.28158
1.24525
1.20341
1.16124
1.12415
1.09525
1.07434
1.05897
1.04654
1.03586
1.02769
1.02422
1.0282
1.04239
1.06895
1.10864
1.15997
1.2186
1.2779
1.33054
1.37077
1.39574
1.40547
1.4019
1.38786
1.3664
1.3401
1.31146
1.28316
1.25842
1.24047
1.23148
1.23151
1.2383
1.2481
1.25717
1.26255
1.26233
1.25574
1.2432
1.22612
1.20668
1.1872
1.16941
1.15426
1.14184
1.13183
1.12392
1.1185
1.11689
1.12076
1.13102
1.14694
1.16626
1.18637
1.20537
1.22234
1.23696
1.24922
1.25884
1.26539
1.26836
1.26736
1.26206
1.25249
1.23916
1.22316
1.20642
1.19159
1.18162
1.17893
1.18444
1.19715
1.21401
1.23122
1.24515
1.25352
1.25579
1.2531
1.24776
1.24237
1.23908
1.23889
1.2416
1.24607
1.251
1.25553
1.25913
1.26143
1.26189
1.25983
1.25494
1.24756
1.23887
1.23051
1.22413
1.22096
1.22177
1.22676
1.2353
1.24585
1.25605
1.26318
1.26499
1.2605
1.25026
1.23593
1.21994
1.20472
1.19231
1.18389
1.17955
1.17842
1.17931
1.1814
1.18465
1.18952
1.19633
1.20476
1.21323
1.21931
1.22038
1.21441
1.20097
1.18172
1.16046
1.14249
1.13296
1.13494
1.14846
1.17054
1.1967
1.22242
1.24434
1.26044
1.26978
1.27206
1.26742
1.25683
1.24231
1.22691
1.2141
1.20694
1.20709
1.21419
1.22583
1.23831
1.24781
1.2514
1.24806
1.23927
1.22894
1.22184
1.22072
1.22471
1.2306
1.23533
1.23724
1.23589
1.23132
1.22369
1.21313
1.19987
1.1845
1.1682
1.15288
1.14085
1.1344
1.13531
1.14419
1.16034
1.18183
1.20601
1.23
1.25146
1.269
1.28259
1.29285
1.30045
1.30534
1.30671
1.30339
1.29467
1.28112
1.26478
1.24884
1.2365
1.22958
1.22781
1.22894
1.2301
1.22885
1.22384
1.21505
1.20349
1.1907
1.17853
1.16882
1.16298
1.1616
1.16407
1.16879
1.1736
1.17643
1.17577
1.17082
1.16152
1.14842
1.13273
1.11629
1.10159
1.09146
1.08842
1.09388
1.10757
1.12777
1.15224
1.17932
1.20822
1.23805
1.26632
1.28856
1.29974
1.29635
1.27775
1.24643
1.20789
1.16976
1.14011
1.12528
1.1282
1.14783
1.17995
1.21848
1.25683
1.28944
1.3127
1.32514
1.32718
1.32053
1.30748
1.29054
1.272
1.25386
1.23768
1.22481
1.2161
1.21182
1.21154
1.21426
1.21889
1.22425
1.22938
1.23368
1.23729
1.24113
1.24621
1.25293
1.26038
1.2667
1.26986
1.26869
1.26345
1.25539
1.24601
1.23641
1.2278
1.22182
1.22044
1.22477
1.23399
1.24572
1.25686
1.26443
1.26579
1.259
1.24381
1.22253
1.19973
1.17974
1.16417
1.15186
1.1415
1.13341
1.1293
1.1308
1.13834
1.15073
1.16551
1.17965
1.19056
1.19685
1.19872
1.19773
1.19629
1.19658
1.19979
1.20569
1.21263
1.21831
1.22062
1.21842
1.21218
1.20401
1.19719
1.19497
1.19914
1.20881
1.22075
1.2308
1.23587
1.23523
1.23093
1.22652
1.22493
1.22679
1.23074
1.23491
1.23798
1.2395
1.24009
1.24109
1.24369
1.24769
1.25167
1.25404
1.25465
1.2546
1.2556
1.25871
1.26386
1.27019
1.27647
1.2818
1.28602
1.28946
1.29261
1.29565
1.2982
1.29922
1.29721
1.29026
1.27628
1.25381
1.22271
1.18461
1.14294
1.10249
1.06853
1.04551
1.03604
1.04031
1.05626
1.08047
1.10912
1.13842
1.16507
1.18711
1.20428
1.21803
1.2306
1.24373
1.2576
1.27087
1.28125
1.28661
1.28599
1.28001
1.27062
1.26014
1.25048
1.24291
1.23825
1.23733
1.24059
1.24787
1.25816
1.27002
1.28223
1.29402
1.30483
1.3142
1.32172
1.3272
1.33057
1.33151
1.32928
1.32268
1.31077
1.29336
1.27138
1.24668
1.22151
1.19787
1.177
1.15939
1.14516
1.13422
1.12667
1.12258
1.12168
1.12327
1.12631
1.12976
1.13306
1.13608
1.13912
1.14278
1.14795
1.1559
1.16774
1.18348
1.20126
1.21761
1.22908
1.23351
1.23077
1.22256
1.21137
1.19959
1.18884
1.17978
1.17261
1.16736
1.16407
1.16244
1.16154
1.16002
1.15692
1.1531
1.15172
1.1571
1.17228
1.19638
1.22453
1.2502
1.26826
1.27694
1.27782
1.27422
1.26908
1.26371
1.25759
1.24936
1.238
1.22355
1.20753
1.19261
1.1819
1.17773
1.1806
1.18906
1.20058
1.21246
1.22255
1.22934
1.23193
1.2298
1.22269
1.21092
1.1956
1.17893
1.1638
1.15289
1.14767
1.14819
1.15378
1.16375
1.17797
1.19658
1.21939
1.24574
1.27411
1.30224
1.32719
1.3457
1.35478
1.35271
1.33966
1.31781
1.29079
1.26234
1.23504
1.20981
1.18642
1.16467
1.14511
1.12932
1.11918
1.11592
1.11947
1.1288
1.14274
1.16046
1.18157
1.20575
1.23247
1.2606
1.28815
1.31214
1.32904
1.33569
1.32985
1.31085
1.28012
1.24119
1.19929
1.1605
1.13039
1.11265
1.10836
1.11599
1.13209
1.15238
1.17302
1.19134
1.20616
1.21738
1.22567
1.23199
1.23709
1.24182
1.24698
1.25326
1.26121
1.27099
1.28216
1.29382
1.30466
1.31307
1.31745
1.31658
1.31045
1.30063
1.28974
1.28008
1.27284
1.26793
1.26452
1.26167
1.25886
1.25582
1.2523
1.24746
1.24015
1.22932
1.21465
1.19679
1.17688
1.15626
1.13661
1.12006
1.10904
1.10566
1.11098
1.12426
1.14267
1.16251
1.18032
1.19381
1.20181
1.20403
1.2007
1.19236
1.1799
1.16461
1.14796
1.13172
1.11788
1.10867
1.1066
1.11357
1.12973
1.1534
1.18162
1.21124
1.23933
1.26312
1.28009
1.28829
1.28655
1.27503
1.25538
1.23082
1.20555
1.18411
1.17041
1.16677
1.17348
1.18877
1.20932
1.23121
1.25077
1.26503
1.272
1.27079
1.26163
1.24564
1.22474
1.20141
1.17855
1.15913
1.14594
1.14107
1.14527
1.15762
1.17564
1.19599
1.2155
1.23201
1.24478
1.25438
1.26211
1.26926
1.27641
1.28346
1.28961
1.29389
1.29554
1.29456
1.29164
1.28779
1.28356
1.27853
1.27161
1.26139
1.2468
1.22743
1.20385
1.1774
1.15021
1.12499
1.10472
1.09271
1.09176
1.10306
1.12515
1.15416
1.18514
1.21362
1.2367
1.25331
1.26403
1.27055
1.27491
1.27869
1.2824
1.2853
1.28586
1.28233
1.27318
1.25754
1.23528
1.2072
1.17525
1.14278
1.11426
1.09468
1.08856
1.09861
1.1248
1.16391
1.21028
1.25726
1.29905
1.3316
1.35285
1.36216
1.36004
1.34761
1.32658
1.29899
1.26731
1.23441
1.20307
1.17578
1.15448
1.14074
1.13605
1.14189
1.15919
1.18773
1.22529
1.26751
1.3085
1.34239
1.3649
1.37418
1.37081
1.35725
1.33685
1.31296
1.28826
1.26424
1.24153
1.22027
1.20072
1.18346
1.16913
1.15807
1.15031
1.14595
1.14538
1.14876
1.15545
1.16407
1.17324
1.18205
1.19011
1.19691
1.20134
1.20174
1.1965
1.18492
1.16766
1.14705
1.1264
1.10888
1.09663
1.0908
1.09213
1.10096
1.1167
1.13751
1.16051
1.18242
1.20058
1.21356
1.22141
1.22511
1.22616
1.22574
1.22424
1.2213
1.21653
1.21029
1.20424
1.20083
1.20203
1.20823
1.21829
1.23034
1.2429
1.25513
1.2664
1.27601
1.28322
1.28766
1.28935
1.28846
1.28479
1.27771
1.26639
1.25065
1.23149
1.21144
1.19401
1.18258
1.17909
1.18337
1.19394
1.20933
1.22869
1.25119
1.27535
1.29873
1.31784
1.32899
1.32893
1.31581
1.29016
1.25525
1.21719
1.18401
1.1636
1.16024
1.17226
1.19322
1.21577
1.23488
1.2488
1.25825
1.26481
1.26931
1.27103
1.2682
1.25916
1.24338
1.22172
1.19632
1.17008
1.14589
1.12607
1.11227
1.10575
1.1075
1.11813
1.13741
1.16386
1.19485
1.22697
1.25622
1.27869
1.29125
1.29274
1.28426
1.26919
1.25225
1.23809
1.22952
1.22692
1.22826
1.23032
1.22969
1.22376
1.21132
1.19317
1.17208
1.15224
1.1381
1.1332
1.13933
1.15661
1.18369
1.21775
1.25466
1.2896
1.31764
1.33464
1.33805
1.32771
1.3064
1.27972
1.25492
1.23863
1.23474
1.24325
1.26089
1.28262
1.30334
1.31912
1.3278
1.32892
1.32333
1.31219
1.29634
1.27597
1.25083
1.2211
1.18814
1.15462
1.12413
1.10025
1.08529
1.07987
1.08311
1.09316
1.10786
1.12533
1.14437
1.16451
1.18543
1.20653
1.22664
1.24437
1.25862
1.26923
1.27693
1.28318
1.28948
1.29616
1.30172
1.30308
1.29677
1.28049
1.25517
1.2262
1.20261
1.19229
1.19635
1.20867
1.22132
1.22919
1.23085
1.22719
1.22017
1.21181
1.20388
1.1975
1.19323
1.19139
1.19218
1.1959
1.20285
1.21246
1.22283
1.23061
1.23214
1.22521
1.2101
1.18964
1.16836
1.15134
1.1428
1.14485
1.1572
1.17795
1.20456
1.23472
1.266
1.2954
1.31962
1.33583
1.34246
1.33968
1.32922
1.31396
1.29713
1.28164
1.26936
1.26107
1.25653
1.25498
1.25545
1.25704
1.25882
1.25978
1.25866
1.25375
1.2432
1.22534
1.19958
1.16706
1.13057
1.0942
1.06246
1.03919
1.02705
1.02746
1.04043
1.06482
1.09845
1.13844
1.18138
1.22349
1.26123
1.29171
1.31332
1.32566
1.32911
1.3245
1.31278
1.29527
1.27399
1.25187
1.23213
1.21715
1.2079
1.20444
1.20715
1.21796
1.23902
1.26994
1.30583
1.33883
1.36139
1.3686
1.35863
1.33212
1.29149
1.24082
1.18565
1.13273
1.08901
1.06015
1.04933
1.05659
1.07946
1.11401
1.15587
1.20063
1.2441
1.28279
1.31428
1.33721
1.35084
1.35459
1.34805
1.33108
1.30447
1.27051
1.23309
1.1973
1.16842
1.15077
1.14661
1.15557
1.17472
1.1995
1.22468
1.24543
1.25846
1.26255
1.2586
1.24916
1.23728
1.22551
1.21526
1.2071
1.20087
1.19631
1.19326
1.19175
1.19198
1.19418
1.19828
1.20363
1.20926
1.21423
1.21821
1.22163
1.22528
1.2298
1.23542
1.24202
1.24931
1.25701
1.26455
1.27092
1.27463
1.27386
1.26693
1.25303
1.23285
1.20885
1.18503
1.16591
1.15474
1.15231
1.15705
1.16628
1.17735
1.18816
1.19701
1.20244
1.20364
1.20016
1.19226
1.18056
1.16589
1.1494
1.13269
1.11808
1.1086
1.10736
1.11651
1.13608
1.16374
1.19546
1.22684
1.2544
1.27588
1.29024
1.2976
1.29877
1.29501
1.28741
1.27704
1.26494
1.25251
1.24158
1.23401
1.23115
1.23289
1.23755
1.24239
1.24461
1.24229
1.23478
1.22289
1.20854
1.19386
1.1805
1.16955
1.16169
1.15747
1.15731
1.16151
1.16982
1.18116
1.19405
1.20672
1.21773
1.2262
1.23194
1.2353
1.23705
1.23814
1.23954
1.24192
1.24581
1.2515
1.25906
1.26836
1.27875
1.28909
1.29777
1.30297
1.30309
1.29722
1.28542
1.26865
1.24851
1.22647
1.20368
1.18095
1.1593
1.14039
1.12677
1.12142
1.12697
1.14433
1.17172
1.20497
1.23868
1.26768
1.28799
1.29761
1.29683
1.28799
1.27442
1.25941
1.24529
1.2333
1.22383
1.21701
1.21294
1.21194
1.21459
1.22126
1.23169
1.24457
1.25782
1.26943
1.27831
1.28443
1.28808
1.28898
1.28623
1.27924
1.26821
1.25398
1.23786
1.22112
1.2052
1.1916
1.18175
1.17687
1.1775
1.18346
1.19363
1.20591
1.2174
1.22483
1.22526
1.21653
1.19797
1.1705
1.13647
1.0993
1.0631
1.03214
1.01043
1.00133
1.00699
1.0279
1.06246
1.10675
1.155
1.20061
1.23746
1.26112
1.26956
1.26339
1.24595
1.22281
1.20059
1.18501
1.17949
1.18459
1.19854
1.21854
1.24151
1.26475
1.28615
1.30424
1.31817
1.32755
1.33221
1.33229
1.32842
1.32165
1.31326
1.30411
1.29419
1.2827
1.26868
1.25165
1.23209
1.21151
1.19204
1.17607
1.1658
1.16272
1.16704
1.17743
1.19087
1.20325
1.21048
1.20983
1.20064
1.18465
1.16568
1.14891
1.13951
1.14119
1.15485
1.17853
1.2084
1.23999
1.26933
1.29342
1.31047
1.32009
1.32353
1.32331
1.32267
1.32459
1.33066
1.34044
1.35143
1.35973
1.36114
1.35223
1.33123
1.29853
1.25675
1.21052
1.1658
1.12874
1.1044
1.09501
1.09899
1.11149
1.12643
1.13863
1.14516
1.14562
1.14176
1.13672
1.13381
1.13556
1.14298
1.15544
1.17114
1.18797
1.20401
1.21784
1.22868
1.2363
1.24089
1.24291
1.24294
1.24133
1.23835
1.23443
1.23031
1.22712
1.22612
1.22835
1.23433
1.24393
1.25634
1.27019
1.28401
1.29639
1.30622
1.31266
1.3151
1.31345
1.30824
1.30056
1.29157
1.28193
1.27145
1.25953
1.24558
1.22963
1.21247
1.19535
1.17946
1.1655
1.1536
1.14366
1.13578
1.13034
1.12773
1.12776
1.12949
1.1315
1.13272
1.13317
1.13432
1.13847
1.14781
1.1633
1.18409
1.20786
1.23178
1.25332
1.27026
1.28069
1.28322
1.27773
1.26573
1.25026
1.23457
1.22097
1.21064
1.2038
1.19999
1.19808
1.19641
1.19311
1.18681
1.17702
1.16474
1.15235
1.14299
1.13952
1.14371
1.15608
1.1759
1.20166
1.2314
1.26282
1.29343
1.3206
1.34168
1.35423
1.35632
1.34717
1.32764
1.30059
1.27086
1.24435
1.2263
1.21971
1.22465
1.23839
1.25679
1.27571
1.29197
1.3038
1.3103
1.31096
1.30528
1.29283
1.27367
1.24855
1.21936
1.18929
1.16223
1.14185
1.1307
1.12955
1.1376
1.15294
1.17307
1.19512
1.21633
1.23458
1.24885
1.25932
1.26708
1.27343
1.27912
1.28399
1.2871
1.28724
1.28339
1.27475
1.26083
1.24141
1.21692
1.1892
1.16171
1.13914
1.12536
1.12132
1.12444
1.1303
1.13495
1.13666
1.13633
1.13662
1.14064
1.15029
1.1652
1.18283
1.19942
1.21179
1.21866
1.22096
1.22112
1.22149
1.22306
1.22472
1.22385
1.21777
1.20523
1.18754
1.16878
1.15489
1.15126
1.16037
1.18066
1.20786
1.23731
1.26568
1.29127
1.3135
1.33223
1.34738
1.35881
1.36624
1.36925
1.36745
1.36059
1.34868
1.33211
1.31158
1.28818
1.26334
1.23874
1.21605
1.19642
1.18044
1.16831
1.16041
1.15798
1.16264
1.17492
1.19316
1.21375
1.23238
1.24536
1.25072
1.24825
1.23938
1.2263
1.2112
1.19594
1.18183
1.16994
1.16117
1.15602
1.15452
1.15616
1.15999
1.16516
1.17109
1.17762
1.18477
1.19243
1.20028
1.20778
1.2143
1.21919
1.22196
1.22219
1.2198
1.21493
1.20798
1.19961
1.19061
1.18193
1.17461
1.16975
1.16834
1.17066
1.17616
1.18371
1.19202
1.20041
1.20913
1.21885
1.22986
1.24131
1.25141
1.25815
1.26009
1.25696
1.25003
1.24175
1.23516
1.23299
1.23657
1.24538
1.25755
1.27071
1.28287
1.29284
1.30011
1.30423
1.30428
1.29912
1.28815
1.27186
1.25181
1.23028
1.20974
1.19225
1.17916
1.17118
1.16856
1.17102
1.17756
1.1865
1.19564
1.20292
1.20693
1.20741
1.20534
1.2026
1.20132
1.20327
1.20957
1.22047
1.23536
1.25265
1.27013
1.28567
1.29763
1.30519
1.30812
1.30644
1.30025
1.28986
1.27587
1.25921
1.24133
1.22388
1.20856
1.1969
1.19009
1.18858
1.19179
1.19772
1.20331
1.20532
1.20133
1.19032
1.17295
1.15116
1.12767
1.10569
1.08854
1.07923
1.07991
1.09125
1.11237
1.14075
1.17297
1.20521
1.23381
1.25598
1.27033
1.27686
1.27675
1.27184
1.26416
1.25589
1.24926
1.24627
1.24833
1.25582
1.26786
1.2822
1.29572
1.30527
1.30861
1.30499
1.29533
1.28154
1.26591
1.25049
1.23656
1.22467
1.21494
1.20698
1.19988
1.19282
1.18545
1.17841
1.17315
1.17146
1.17465
1.18292
1.19529
1.20991
1.22431
1.23582
1.2423
1.24257
1.23672
1.22587
1.21189
1.19713
1.18396
1.17435
1.16942
1.1693
1.17308
1.17923
1.18605
1.19192
1.19594
1.1981
1.19925
1.20042
1.20218
1.20408
1.20509
1.20414
1.20052
1.19438
1.18674
1.1795
1.17483
1.17446
1.17929
1.18918
1.20323
1.22006
1.23795
1.25505
1.26961
1.28014
1.28581
1.2868
1.28426
1.27975
1.27461
1.26949
1.26448
1.25964
1.25543
1.25236
1.25032
1.24805
1.2436
1.23526
1.22276
1.20774
1.19325
1.18242
1.17737
1.1787
1.18554
1.19599
1.20754
1.21767
1.22453
1.2275
1.22755
1.22685
1.22775
1.23161
1.23833
1.24675
1.25526
1.26223
1.26611
1.26551
1.25966
1.2489
1.23511
1.22146
1.21143
1.20725
1.20914
1.21547
1.22392
1.23231
1.23924
1.2441
1.24683
1.24787
1.24793
1.24741
1.24591
1.24237
1.23548
1.22466
1.21081
1.19629
1.18439
1.17832
1.18005
1.18964
1.20532
1.22412
1.24273
1.25799
1.26748
1.26977
1.26437
1.25171
1.23289
1.2095
1.18361
1.15767
1.1343
1.11605
1.1051
1.10277
1.10935
1.12398
1.14455
1.16804
1.19118
1.21101
1.2254
1.23304
1.23343
1.22661
1.21312
1.19398
1.17048
1.14434
1.11783
1.09405
1.07687
1.07026
1.07699
1.09723
1.12808
1.16435
1.20048
1.23236
1.25818
1.27836
1.29461
1.30906
1.32321
1.33757
1.35156
1.36365
1.37172
1.37347
1.36706
1.35181
1.32846
1.29922
1.26768
1.2381
1.21456
1.19986
1.19489
1.19862
1.20869
1.22226
1.23647
1.24862
1.25648
1.25857
1.25414
1.2434
1.22727
1.20753
1.18668
1.16776
1.15368
1.14652
1.14664
1.15259
1.16165
1.17084
1.17785
1.18161
1.18225
1.18087
1.17923
1.17913
1.18206
1.18883
1.19948
1.21305
1.22759
1.24043
1.2487
1.25015
1.24368
1.22956
1.20986
1.18843
1.17033
1.16019
1.16023
1.1692
1.18308
1.19721
1.20807
1.21385
1.2144
1.21112
1.2069
1.20547
1.21032
1.22354
1.24486
1.27163
1.29951
1.32373
1.34033
1.34706
1.34347
1.33061
1.31046
1.28543
1.25783
1.22957
1.20209
1.17645
1.15362
1.13498
1.12238
1.11796
1.12345
1.1391
1.16301
1.19137
1.2194
1.24247
1.25691
1.26059
1.25279
1.23422
1.20705
1.17484
1.14224
1.11433
1.09533
1.08744
1.09034
1.10208
1.12071
1.14478
1.17297
1.20347
1.23386
1.26154
1.28413
1.29992
1.30817
1.30921
1.30406
1.29418
1.2811
1.26635
1.25128
1.23678
1.22299
1.20918
1.19392
1.17584
1.15458
1.1317
1.11046
1.09516
1.09
1.09787
1.11944
1.15284
1.19419
1.23826
1.27941
1.31246
1.33365
1.34114
1.33543
1.31958
1.29846
1.27743
1.26074
1.25081
1.2484
1.25306
1.26334
1.27672
1.28989
1.29952
1.30295
1.29877
1.28722
1.26966
1.24822
1.2252
1.20272
1.18265
1.16673
1.15634
1.15219
1.15396
1.16042
1.1701
1.1816
1.19372
1.20532
1.21492
1.22093
1.22216
1.21847
1.211
1.2021
1.19497
1.19292
1.19824
1.21138
1.23049
1.25189
1.27165
1.2872
1.29835
1.30675
1.31411
1.32036
1.32315
1.31921
1.30636
1.28473
1.25695
1.22712
1.19967
1.17815
1.16447
1.15873
1.1595
1.16447
1.17145
1.17869
1.18499
1.18947
1.19149
1.19117
1.18938
1.1873
1.18592
1.18577
1.18733
1.19156
1.19995
1.21361
1.23232
1.25405
1.27545
1.29273
1.30287
1.30438
1.29725
1.28272
1.26287
1.24022
1.2177
1.19852
1.18562
1.18108
1.18508
1.19589
1.21061
1.22615
1.23972
1.24911
1.25287
1.25039
1.24209
1.22957
1.21511
1.2009
1.18841
1.17847
1.17165
1.16859
1.16953
1.17421
1.18184
1.19147
1.20216
1.21273
1.22185
1.228
1.22995
1.22712
1.21957
1.2079
1.193
1.17609
1.15885
1.14357
1.13304
1.12977
1.1351
1.14861
1.16826
1.19152
1.21633
1.24135
1.26565
1.28835
1.30843
1.32475
1.33616
1.34133
1.33877
1.3273
1.3067
1.27797
1.24317
1.20507
1.16687
1.1318
1.103
1.08318
1.07414
1.07624
1.08836
1.10782
1.13099
1.15387
1.17301
1.18643
1.19436
1.19926
1.20469
1.21385
1.2281
1.24644
1.26574
1.28226
1.29269
1.2949
1.28855
1.27502
1.25698
1.23746
1.21884
1.20227
1.18784
1.17535
1.16516
1.15874
1.15825
1.16537
1.18002
1.19967
1.22025
1.23755
1.24854
1.25187
1.24806
1.23906
1.22766
1.21686
1.20925
1.20666
1.20981
1.21799
1.22935
1.24141
1.25196
1.25953
1.26345
1.26351
1.25975
1.25234
1.24177
1.22903
1.21562
1.20338
1.19417
1.18948
1.1899
1.19507
1.20386
1.21496
1.2271
1.23926
1.25041
1.25927
1.26408
1.26316
1.25546
1.24116
1.22201
1.20123
1.18306
1.17192
1.17091
1.18103
1.20101
1.22765
1.25685
1.28434
1.30643
1.32056
1.32555
1.32171
1.31086
1.29574
1.27936
1.26399
1.25056
1.23877
1.22765
1.21627
1.20431
1.19202
1.1802
1.1701
1.16293
1.15941
1.15944
1.16237
1.16769
1.17533
1.18539
1.19739
1.21024
1.22238
1.23241
1.23906
1.24124
1.23798
1.22883
1.21425
1.19593
1.17669
1.16006
1.1493
1.14635
1.15127
1.16223
1.17648
1.19165
1.20677
1.2223
1.23941
1.25864
1.27897
1.29782
1.31188
1.31843
1.31607
1.30507
1.28692
1.2638
1.23833
1.21334
1.19161
1.17559
1.16677
1.16529
1.16993
1.17871
1.18947
1.20044
1.21066
1.21989
1.22827
1.23593
1.24272
1.248
1.25098
1.25094
1.24746
1.24047
1.23033
1.21783
1.2039
1.18985
1.17716
1.16715
1.16081
1.15849
1.16001
1.16527
1.17458
1.18843
1.2067
1.22803
1.2499
1.26979
1.28615
1.29845
1.30652
1.30995
1.30846
1.30215
1.29158
1.27755
1.26092
1.24251
1.22341
1.20495
1.18849
1.17521
1.16569
1.15984
1.15689
1.1557
1.15543
1.15587
1.15767
1.16186
1.16916
1.17948
1.19196
1.20536
1.21836
1.22961
1.23769
1.2414
1.23997
1.23352
1.22339
1.21189
1.20182
1.19577
1.1953
1.20065
1.21076
1.22363
1.23681
1.24793
1.25526
1.2577
1.25472
1.24629
1.23308
1.21723
1.20291
1.19535
1.1984
1.21241
1.23485
1.26207
1.29029
1.31618
1.33695
1.35058
1.35565
1.35148
1.33794
1.31566
1.28603
1.25125
1.21419
1.1778
1.14464
1.11673
1.09595
1.0843
1.08345
1.09383
1.11431
1.14233
1.17431
1.20642
1.23519
1.25796
1.27296
1.27924
1.27653
1.26554
1.24804
1.22707
1.20643
1.18979
1.17985
1.17769
1.18277
1.1935
1.20776
1.22351
1.23913
1.25335
1.26501
1.27294
1.27596
1.27315
1.2643
1.2502
1.23273
1.21429
1.19702
1.18259
1.17177
1.16484
1.16181
1.16271
1.16744
1.17598
1.18817
1.20359
1.22139
1.23988
1.25673
1.26941
1.27591
1.27543
1.2685
1.25627
1.24038
1.22291
1.20667
1.19497
1.19073
1.1954
1.20831
1.22689
1.24777
1.26778
1.28461
1.29701
1.30436
1.30637
1.30276
1.29334
1.27804
1.25721
1.232
1.20422
1.17621
1.15025
1.12784
1.10933
1.09432
1.08231
1.07328
1.06801
1.06771
1.07359
1.08655
1.10705
1.13495
1.16936
1.20867
1.2505
1.29168
1.32851
1.35707
1.37379
1.37606
1.36283
1.33494
1.29525
1.2484
1.20015
1.15649
1.12274
1.10276
1.09853
1.10995
1.13485
1.16951
1.20933
1.2495
1.28555
1.31385
1.33177
1.33782
1.33167
1.31419
1.28719
1.25325
1.21546
1.1775
1.14363
1.11842
1.10613
1.10947
1.12826
1.15914
1.19644
1.2339
1.26609
1.28917
1.30121
1.30227
1.29404
1.27943
1.26179
1.24416
1.22854
1.21574
1.20545
1.19652
1.18747
1.17716
1.16533
1.15298
1.14209
1.13515
1.1345
1.14141
1.15548
1.17463
1.19573
1.21545
1.231
1.24049
1.24318
1.23923
1.2299
1.2174
1.20462
1.19441
1.18888
1.189
1.19456
1.20469
1.21835
1.2346
1.25254
1.27086
1.28753
1.30006
1.30602
1.30395
1.294
1.27842
1.26118
1.24691
1.23939
1.24043
1.24972
1.26532
1.28419
1.30258
1.31643
1.32208
1.31694
1.30016
1.273
1.23876
1.20226
1.1688
1.14315
1.12845
1.12581
1.13411
1.15029
1.17021
1.18941
1.20398
1.21105
1.20927
1.199
1.1823
1.16263
1.14422
1.13115
1.12627
1.13021
1.14103
1.1549
1.16774
1.1764
1.17958
1.17803
1.17444
1.17244
1.17553
1.18595
1.20405
1.22842
1.25674
1.28653
1.31558
1.34215
1.36477
1.38194
1.39184
1.39262
1.38273
1.36135
1.32865
1.28628
1.23791
1.1894
1.14814
1.12124
1.11299
1.12299
1.14656
1.17673
1.20669
1.23131
1.24766
1.25471
1.25292
1.24383
1.22986
1.21385
1.19874
1.18735
1.18193
1.18383
1.19328
1.20929
1.22948
1.25043
1.26823
1.2795
1.28235
1.27708
1.26607
1.25295
1.24119
1.23327
1.23018
1.23165
1.23681
1.24436
1.25273
1.26019
1.26493
1.26514
1.25927
1.24649
1.2271
1.20289
1.17701
1.1531
1.13438
1.12284
1.11933
1.12377
1.13528
1.15195
1.17116
1.19027
1.20712
1.22056
1.23046
1.23745
1.24219
1.24478
1.24459
1.24054
1.23172
1.21794
1.20038
1.18171
1.16563
1.15593
1.15524
1.16417
1.18143
1.20468
1.23149
1.25948
1.28629
1.30963
1.32721
1.3371
1.33778
1.3283
1.30853
1.27935
1.24288
1.20288
1.16498
1.13592
1.12169
1.12478
1.1431
1.17093
1.20108
1.2272
1.24516
1.25355
1.25325
1.2468
1.23756
1.22919
1.22489
1.22656
1.23418
1.24565
1.25743
1.26551
1.26636
1.25809
1.24091
1.21736
1.19198
1.16997
1.15574
1.15167
1.15773
1.17185
1.19067
1.2104
1.22763
1.23992
1.24595
1.24557
1.23964
1.22973
1.21773
1.20562
1.19527
1.18817
1.18497
1.18522
1.18737
1.18921
1.18887
1.1854
1.17928
1.17217
1.16631
1.1636
1.16497
1.17009
1.17764
1.1858
1.19319
1.19915
1.20413
1.20941
1.21639
1.22586
1.23727
1.24858
1.25695
1.2597
1.25527
1.24373
1.22685
1.20784
1.19028
1.17708
1.1697
1.16831
1.17255
1.18216
1.19701
1.21666
1.23996
1.26483
1.28851
1.30793
1.32062
1.32519
1.32145
1.31041
1.29388
1.27447
1.25503
1.23814
1.2257
1.21854
1.21641
1.21806
1.22167
1.2253
1.22763
1.22858
1.22895
1.22974
1.23152
1.23447
1.23879
1.24511
1.2541
1.26588
1.27979
1.29425
1.30745
1.31754
1.32296
1.32232
1.3144
1.29857
1.27528
1.24655
1.21621
1.18933
1.17065
1.16269
1.16465
1.17293
1.18282
1.18994
1.19106
1.18412
1.16822
1.14401
1.11428
1.08424
1.06069
1.04932
1.05202
1.06618
1.08687
1.10972
1.13249
1.15515
1.17847
1.20251
1.22554
1.24464
1.25726
1.26246
1.26121
1.25566
1.24845
1.24213
1.23878
1.2398
1.24596
1.25741
1.27353
1.29265
1.31237
1.3298
1.34204
1.34695
1.3437
1.33309
1.31723
1.29871
1.27988
1.26231
1.24678
1.23389
1.22432
1.21874
1.21724
1.21903
1.22253
1.22614
1.22861
1.22909
1.22716
1.22266
1.21563
1.20626
1.1948
1.18176
1.16808
1.15521
1.14492
1.13877
1.13794
1.14275
1.1526
1.16609
1.18123
1.19593
1.20836
1.217
1.22065
1.21848
1.21008
1.19606
1.17839
1.16039
1.14619
1.1393
1.14115
1.15082
1.16583
1.1837
1.20285
1.22212
1.2402
1.25541
1.26637
1.27294
1.27659
1.28004
1.28618
1.29662
1.31114
1.32764
1.3431
1.35477
1.36122
1.36242
1.35937
1.35346
1.34592
1.33745
1.32822
1.31768
1.30494
1.28932
1.27064
1.24941
1.22681
1.20423
1.18289
1.16304
1.14417
1.12541
1.10641
1.08783
1.07131
1.05917
1.05355
1.05587
1.06672
1.08618
1.11405
1.14943
1.1894
1.22872
1.26129
1.28258
1.29094
1.28738
1.27447
1.25511
1.23205
1.20812
1.18633
1.16992
1.16174
1.16335
1.17417
1.19149
1.21138
1.23019
1.24531
1.2553
1.25981
1.25935
1.25505
1.2485
1.24147
1.23555
1.23198
1.2315
1.23435
1.24014
1.24782
1.25573
1.26191
1.26462
1.2628
1.25646
1.24659
1.23485
1.22323
1.21353
1.20715
1.20492
1.20692
1.21272
1.22139
1.23192
1.24319
1.25358
1.26103
1.26351
1.26001
1.25126
1.2396
1.22833
1.22045
1.21765
1.21976
1.22527
1.23214
1.23842
1.24263
1.24401
1.24261
1.23924
1.235
1.23099
1.22799
1.22634
1.22578
1.22568
1.22565
1.22579
1.22681
1.22937
1.23339
1.2378
1.2411
1.24218
1.24069
1.23683
1.23094
1.22327
1.21402
1.20366
1.19334
1.18494
1.18046
1.18111
1.18643
1.19411
1.20109
1.20491
1.20463
1.20139
1.19838
1.19948
1.20727
1.22157
1.23976
1.25816
1.27358
1.28366
1.28695
1.28285
1.27128
1.25296
1.22906
1.20156
1.17307
1.14686
1.12653
1.11502
1.11389
1.12259
1.1385
1.15792
1.17742
1.19477
1.20925
1.22131
1.23193
1.24185
1.25098
1.25837
1.26258
1.26272
1.25913
1.25312
1.24581
1.23751
1.22793
1.21703
1.20536
1.19427
1.18552
1.18129
1.18427
1.19738
1.22192
1.25532
1.29067
1.31967
1.33669
1.34037
1.33275
1.31739
1.29754
1.27556
1.25314
1.23187
1.21319
1.19812
1.18698
1.17937
1.17459
1.17195
1.17073
1.17005
1.16881
1.16586
1.16025
1.15187
1.14173
1.132
1.12562
1.12533
1.13295
1.14916
1.17368
1.20528
1.24148
1.27843
1.31172
1.33727
1.35214
1.35489
1.34551
1.32546
1.29716
1.26365
1.22835
1.19485
1.16657
1.14626
1.13568
1.13522
1.144
1.16002
1.18053
1.20259
1.22388
1.24313
1.25994
1.27402
1.28465
1.29061
1.29076
1.2845
1.27211
1.25493
1.23511
1.21532
1.19814
1.18551
1.17849
1.17698
1.17974
1.18478
1.18991
1.19354
1.19527
1.19603
1.19764
1.2018
1.20897
1.21818
1.22801
1.23781
1.24783
1.2587
1.27055
1.28248
1.29262
1.29881
1.29933
1.2934
1.28124
1.26399
1.2433
1.22124
1.20046
1.18371
1.17301
1.16909
1.17108
1.17692
1.18444
1.19186
1.1981
1.20249
1.20468
1.20447
1.20183
1.19722
1.19177
1.18735
1.18591
1.18892
1.19649
1.20749
1.22017
1.23277
1.24401
1.25302
1.25957
1.2641
1.26764
1.27176
1.27784
1.286
1.29471
1.30116
1.30223
1.29587
1.28159
1.2606
1.23532
1.20892
1.18472
1.16539
1.15271
1.14756
1.14999
1.15924
1.17361
1.19069
1.20767
1.22193
1.23165
1.23588
1.23445
1.22791
1.21757
1.20527
1.19325
1.1839
1.17951
1.1821
1.19255
1.21004
1.23174
1.25363
1.2717
1.28334
1.28797
1.28686
1.28213
1.27557
1.26752
1.25681
1.24172
1.22141
1.19667
1.16976
1.14355
1.12068
1.10301
1.09149
1.08683
1.08958
1.09996
1.11735
1.14026
1.16658
1.19424
1.22168
1.24773
1.27116
1.29034
1.30356
1.30977
1.30932
1.30379
1.29507
1.28424
1.27125
1.2556
1.23711
1.21653
1.19555
1.17636
1.16135
1.15283
1.15279
1.16268
1.18265
1.21109
1.24444
1.27795
1.30684
1.32735
1.33734
1.33632
1.32511
1.3056
1.2805
1.2532
1.22724
1.20568
1.19037
1.18182
1.17917
1.18076
1.18443
1.18798
1.18962
1.18845
1.18443
1.178
1.16993
1.1616
1.15521
1.15351
1.15842
1.16983
1.18539
1.20152
1.21491
1.22328
1.22575
1.22277
1.21588
1.20716
1.19858
1.19154
1.18689
1.1852
1.18685
1.19182
1.19944
1.20835
1.21683
1.22348
1.22778
1.2302
1.23191
1.23422
1.23784
1.24257
1.24731
1.25039
1.25014
1.24541
1.23619
1.22389
1.21113
1.20121
1.19693
1.19939
1.20756
1.2188
1.22986
1.23789
1.24104
1.2387
1.23168
1.22243
1.2152
1.21544
1.22733
1.25092
1.28122
1.31037
1.33066
1.33629
1.32404
1.2937
1.2485
1.19509
1.14287
1.10144
1.07774
1.07478
1.09187
1.12547
1.16961
1.21658
1.25845
1.28873
1.30347
1.30193
1.28659
1.26246
1.2358
1.2125
1.19648
1.18949
1.19168
1.20231
1.22008
1.24271
1.26684
1.28817
1.30232
1.30576
1.29681
1.27637
1.24821
1.21816
1.19231
1.17496
1.16757
1.16923
1.17797
1.19164
1.20825
1.22569
1.24169
1.25395
1.26073
1.26131
1.25641
1.248
1.2389
1.23196
1.22893
1.2301
1.23441
1.24019
1.24609
1.25157
1.25656
1.26105
1.26454
1.26624
1.26552
1.26201
1.25548
1.24564
1.23215
1.21492
1.19445
1.17206
1.1498
1.13006
1.1152
1.10708
1.1069
1.11514
1.13126
1.15342
1.17839
1.20211
1.22093
1.23278
1.23785
1.23832
1.23718
1.23662
1.23747
1.23921
1.24061
1.24012
1.2361
1.22744
1.21407
1.19756
1.18095
1.16796
1.1614
1.16181
1.16703
1.17333
1.17734
1.17761
1.17506
1.17226
1.17235
1.17778
1.18989
1.20857
1.23221
1.25776
1.28113
1.29869
1.30823
1.30935
1.30327
1.29233
1.27943
1.26749
1.25882
1.25419
1.25255
1.25174
1.24997
1.24677
1.243
1.24006
1.23893
1.23996
1.24282
1.24683
1.25109
1.25446
1.25572
1.25382
1.24849
1.24047
1.23155
1.2237
1.21825
1.2152
1.21356
1.21209
1.21028
1.20883
1.20924
1.21303
1.22075
1.23155
1.2435
1.25406
1.26039
1.26003
1.25136
1.234
1.20903
1.179
1.14773
1.12
1.10073
1.09409
1.10185
1.12241
1.15096
1.18137
1.20848
1.22928
1.24294
1.24994
1.25118
1.24736
1.23894
1.22639
1.21028
1.19171
1.1724
1.15487
1.14224
1.13752
1.14263
1.15764
1.18052
1.20757
1.23442
1.25708
1.2727
1.27995
1.27934
1.27288
1.26342
1.25359
1.24508
1.23859
1.23409
1.23143
1.23068
1.23206
1.23561
1.24098
1.24719
1.25283
1.25631
1.2566
1.25374
1.24893
1.24382
1.2397
1.23667
1.23418
1.23183
1.23022
1.23054
1.23355
1.23862
1.24363
1.24595
1.24381
1.23721
1.22776
1.218
1.21023
1.20559
1.20398
1.20489
1.20802
1.21339
1.22082
1.22937
1.23741
1.24349
1.24724
1.24955
1.25192
1.25545
1.26008
1.26456
1.26701
1.26599
1.26133
1.25427
1.24686
1.24106
1.238
1.23765
1.23909
1.24092
1.24184
1.24077
1.23684
1.22929
1.21752
1.20107
1.17979
1.15405
1.12547
1.09725
1.07397
1.06031
1.05935
1.07145
1.09445
1.1248
1.15877
1.19299
1.22484
1.25211
1.27325
1.28761
1.29538
1.29754
1.29547
1.29078
1.28484
1.27895
1.2744
1.27216
1.27281
1.27607
1.28106
1.28695
1.29321
1.29968
1.3057
1.30957
1.30873
1.30098
1.28563
1.26421
1.24022
1.21808
1.20137
1.19163
1.18798
1.18787
1.18803
1.18614
1.1815
1.1755
1.171
1.17103
1.17739
1.18943
1.20423
1.21792
1.22713
1.2301
1.22702
1.21963
1.21049
1.2021
1.19605
1.19282
1.19197
1.19274
1.19426
1.19576
1.1968
1.19723
1.19733
1.19758
1.19838
1.19959
1.20036
1.19926
1.19489
1.18693
1.17682
1.16756
1.16268
1.16459
1.17345
1.18709
1.20203
1.21471
1.22227
1.22277
1.21505
1.19887
1.17506
1.14556
1.1135
1.08292
1.05803
1.04219
1.03734
1.04378
1.0604
1.08531
1.11633
1.15141
1.18859
1.22577
1.2605
1.29012
1.3124
1.32596
1.33058
1.32715
1.31723
1.30256
1.28491
1.26608
1.24801
1.23285
1.22282
1.21972
1.22403
1.23454
1.24824
1.26115
1.26929
1.26975
1.26153
1.24589
1.22605
1.2064
1.19147
1.18451
1.18652
1.19587
1.20865
1.22018
1.22641
1.22499
1.21563
1.19986
1.18053
1.16111
1.14525
1.13631
1.1368
1.14785
1.1688
1.19714
1.22935
1.26188
1.29183
1.31719
1.33697
1.35085
1.35884
1.36107
1.35761
1.34834
1.33299
1.31151
1.28454
1.25372
1.22148
1.19054
1.16302
1.1398
1.12053
1.10436
1.09086
1.08063
1.07496
1.07506
1.08154
1.09438
1.11271
1.13494
1.15884
1.18179
1.20104
1.21417
1.21939
1.21581
1.20369
1.18479
1.16216
1.13993
1.12251
1.11376
1.11639
1.13128
1.15729
1.19145
1.22967
1.26755
1.30119
1.32768
1.34534
1.35365
1.353
1.34464
1.33027
1.31184
1.29135
1.27078
1.25216
1.23737
1.22751
1.22226
1.22018
1.22031
1.22286
1.22858
1.23768
1.24959
1.26309
1.27686
1.28965
1.30021
1.30716
1.30913
1.30477
1.29312
1.27406
1.24868
1.21936
1.18924
1.16134
1.13773
1.11922
1.1056
1.09648
1.09192
1.09234
1.09814
1.10901
1.12373
1.14013
1.15566
1.16803
1.17563
1.17774
1.17457
1.16675
1.15495
1.1402
1.12404
1.10895
1.09807
1.09429
1.09938
1.11341
1.1348
1.16083
1.18868
1.21596
1.241
1.26266
1.27998
1.29221
1.29886
1.30003
1.29641
1.28924
1.28012
1.27086
1.26316
1.25821
1.25638
1.25724
1.25941
1.2611
1.26071
1.25739
1.25142
1.24415
1.23731
1.23215
1.22922
1.22842
1.22924
1.23099
1.23314
1.23523
1.23716
1.23927
1.24206
1.24583
1.25049
1.25539
1.25979
1.26324
1.26582
1.26816
1.27101
1.27445
1.27761
1.27928
1.2786
1.27535
1.26972
1.26207
1.25253
1.24103
1.22762
1.21277
1.19766
1.1837
1.17212
1.16329
1.15649
1.15003
1.14166
1.12935
1.11201
1.09015
1.06597
1.0429
1.02515
1.01685
1.02078
1.03729
1.06442
1.09895
1.13725
1.17562
1.21054
1.23911
1.2598
1.27254
1.27899
1.28198
1.28478
1.2903
1.30033
1.31513
1.33334
1.35231
1.36855
1.37888
1.38107
1.37432
1.35935
1.33785
1.31187
1.28369
1.25585
1.23079
1.21077
1.19733
1.19095
1.19084
1.19542
1.20266
1.21018
1.21545
1.21605
1.21014
1.19743
1.17972
1.1606
1.14433
1.13444
1.13314
1.14139
1.15904
1.18477
1.21611
1.2498
1.28244
1.311
1.33301
1.34664
1.35078
1.34531
1.33141
1.31152
1.28885
1.26672
1.2474
1.2317
1.21892
1.20745
1.19553
1.18196
1.16648
1.14978
1.13324
1.11879
1.10847
1.10407
1.10667
1.11622
1.13166
1.15118
1.17258
1.19323
1.21077
1.22357
1.23133
1.23511
1.23646
1.23652
1.23536
1.23242
1.22711
1.21933
1.20978
1.20005
1.19235
1.18882
1.19073
1.19786
1.20851
1.22027
1.23116
1.24024
1.24758
1.25403
1.26076
