-5.42385
-5.4232
-5.42288
-5.42482
-5.42353
-5.42126
-5.42062
-5.41964
-5.42029
-5.42158
-5.42126
-5.42191
-5.42159
-5.42223
-5.42159
-5.42256
-5.42062
-5.42094
-5.42224
-5.42127
-5.42159
-5.41867
-5.41802
-5.41802
-5.41867
-5.41769
-5.41899
-5.419
-5.42029
-5.41997
-5.42257
-5.42257
-5.42451
-5.42515
-5.4245
-5.4232
-5.4245
-5.42191
-5.42159
-5.42289
-5.42128
-5.42192
-5.42257
-5.42387
-5.42549
-5.42581
-5.42484
-5.42257
-5.42289
-5.42224
-5.42224
-5.42095
-5.42192
-5.42095
-5.41933
-5.41707
-5.41772
-5.41772
-5.41934
-5.41966
-5.41739
-5.42063
-5.41965
-5.41739
-5.41804
-5.41836
-5.41869
-5.41805
-5.41643
-5.41675
-5.41708
-5.41675
-5.41869
-5.41739
-5.41545
-5.41513
-5.41448
-5.41545
-5.41707
-5.41772
-5.4161
-5.4174
-5.41805
-5.42064
-5.42193
-5.42096
-5.4229
-5.42193
-5.41967
-5.41805
-5.41676
-5.41772
-5.41611
-5.4187
-5.41967
-5.41966
-5.41966
-5.41998
-5.41837
-5.42128
-5.42322
-5.4216
-5.42031
-5.42063
-5.42225
-5.42258
-5.42226
-5.42031
-5.41805
-5.42096
-5.42226
-5.4242
-5.42387
-5.42387
-5.42387
-5.42322
-5.42225
-5.42354
-5.42095
-5.42063
-5.42096
-5.41902
-5.41902
-5.41869
-5.41869
-5.4216
-5.42063
-5.41934
-5.41901
-5.41901
-5.41901
-5.41837
-5.41934
-5.41966
-5.41934
-5.41805
-5.4174
-5.41805
-5.41934
-5.41967
-5.41934
-5.41869
-5.41933
-5.42063
-5.42192
-5.42225
-5.42354
-5.42419
-5.42257
-5.42257
-5.4229
-5.42193
-5.41966
-5.41772
-5.41837
-5.41901
-5.42096
-5.4216
-5.41998
-5.42063
-5.42192
-5.42387
-5.42451
-5.42548
-5.42354
-5.42257
-5.42224
-5.42095
-5.42063
-5.42192
-5.42095
-5.42096
-5.42031
-5.41804
-5.41772
-5.41286
-5.41351
-5.41481
-5.41578
-5.41545
-5.41707
-5.41804
-5.41868
-5.41933
-5.41739
-5.41706
-5.41674
-5.41804
-5.41933
-5.42031
-5.41934
-5.42031
-5.41999
-5.42128
-5.42095
-5.42063
-5.42031
-5.41966
-5.41868
-5.41804
-5.41901
-5.41901
-5.41998
-5.4203
-5.41965
-5.41933
-5.41998
-5.41998
-5.41901
-5.41933
-5.41901
-5.41739
-5.41836
-5.41804
-5.41998
-5.42127
-5.42224
-5.42257
-5.42192
-5.42224
-5.42192
-5.42289
-5.42127
-5.42127
-5.41933
-5.41966
-5.42192
-5.42128
-5.42192
-5.42159
-5.42127
-5.42094
-5.42418
-5.42353
-5.42256
-5.42257
-5.42289
-5.42127
-5.4203
-5.42127
-5.42062
-5.42192
-5.42353
-5.42321
-5.42159
-5.42127
-5.42159
-5.4203
-5.41868
-5.41674
-5.41576
-5.41641
-5.41641
-5.41576
-5.41706
-5.41868
-5.42094
-5.42127
-5.42127
-5.4203
-5.42354
-5.42095
-5.4216
-5.4216
-5.42322
-5.42354
-5.42289
-5.42354
-5.42386
-5.42548
-5.42451
-5.42321
-5.4216
-5.42257
-5.42354
-5.42159
-5.4203
-5.42029
-5.419
-5.41673
-5.41511
-5.41965
-5.41836
-5.41836
-5.41868
-5.41997
-5.42127
-5.41997
-5.42029
-5.41965
-5.41835
-5.419
-5.42029
-5.42029
-5.42321
-5.42256
-5.42418
-5.42483
-5.42451
-5.42451
-5.42322
-5.42386
-5.42419
-5.42321
-5.42418
-5.42451
-5.42451
-5.42742
-5.42677
-5.42645
-5.42548
-5.42709
-5.42839
-5.42612
-5.42515
-5.42353
-5.42288
-5.42288
-5.42127
-5.42224
-5.42159
-5.42127
-5.42159
-5.42094
-5.42192
-5.42192
-5.42192
-5.42094
-5.419
-5.41964
-5.42061
-5.42028
-5.41867
-5.41932
-5.42029
-5.42062
-5.419
-5.4164
-5.41705
-5.41608
-5.41608
-5.41802
-5.41867
-5.41964
-5.42061
-5.41931
-5.42126
-5.42158
-5.42191
-5.42288
-5.42321
-5.41965
-5.41868
-5.41738
-5.41868
-5.42094
-5.41997
-5.41997
-5.419
-5.41835
-5.41964
-5.419
-5.419
-5.41965
-5.41803
-5.41901
-5.42063
-5.41998
-5.41868
-5.41836
-5.41868
-5.419
-5.4177
-5.41803
-5.41673
-5.4177
-5.41706
-5.41511
-5.41576
-5.41608
-5.41835
-5.42159
-5.41997
-5.4203
-5.42127
-5.42062
-5.42029
-5.4177
-5.4177
-5.41802
-5.41802
-5.42029
-5.41996
-5.42029
-5.42255
-5.42255
-5.42449
-5.42158
-5.41996
-5.42158
-5.42093
-5.42094
-5.42061
-5.41964
-5.41867
-5.41964
-5.41899
-5.41931
-5.41866
-5.41996
-5.41963
-5.41899
-5.4206
-5.42287
-5.42352
-5.42255
-5.42256
-5.4232
-5.42126
-5.42223
-5.42126
-5.42061
-5.4219
-5.42255
-5.42158
-5.41996
-5.42158
-5.42061
-5.42029
-5.41899
-5.41834
-5.4177
-5.41867
-5.41932
-5.419
-5.4177
-5.41899
-5.41899
-5.41802
-5.41705
-5.41672
-5.41737
-5.41899
-5.42028
-5.42061
-5.41899
-5.41964
-5.41964
-5.42029
-5.41899
-5.42126
-5.42255
-5.42093
-5.42028
-5.42028
-5.42061
-5.42158
-5.42255
-5.42352
-5.42126
-5.42255
-5.42288
-5.42158
-5.42352
-5.41932
-5.41673
-5.41705
-5.41705
-5.41446
-5.41608
-5.4151
-5.41607
-5.41834
-5.41802
-5.41834
-5.41964
-5.42126
-5.41996
-5.4232
-5.42288
-5.4232
-5.42255
-5.42256
-5.42288
-5.42256
-5.42353
-5.4245
-5.42288
-5.42126
-5.42255
-5.42094
-5.41867
-5.41738
-5.41576
-5.41705
-5.4177
-5.419
-5.42029
-5.42126
-5.41803
-5.41803
-5.41803
-5.42029
-5.42353
-5.42483
-5.42353
-5.42386
-5.42321
-5.42094
-5.41867
-5.41835
-5.41641
-5.41802
-5.41834
-5.41835
-5.41867
-5.41867
-5.41899
-5.41931
-5.41996
-5.41898
-5.42028
-5.42061
-5.42093
-5.41996
-5.42093
-5.42126
-5.4232
-5.42191
-5.41964
-5.41835
-5.42094
-5.42093
-5.41899
-5.41867
-5.41899
-5.41834
-5.41963
-5.42028
-5.42061
-5.41964
-5.42029
-5.41996
-5.41964
-5.42029
-5.42223
-5.42352
-5.42384
-5.42287
-5.42352
-5.42287
-5.42352
-5.4232
-5.42256
-5.42126
-5.41997
-5.41964
-5.42191
-5.42061
-5.41997
-5.42029
-5.4219
-5.42125
-5.42125
-5.42222
-5.4206
-5.42061
-5.42028
-5.41963
-5.41737
-5.41931
-5.41964
-5.41834
-5.41866
-5.41899
-5.41931
-5.41737
-5.41802
-5.41737
-5.41996
-5.41931
-5.42029
-5.42093
-5.42158
-5.42255
-5.42222
-5.4219
-5.42126
-5.41931
-5.41997
-5.4177
-5.41705
-5.41543
-5.41478
-5.41575
-5.41413
-5.41283
-5.41348
-5.41477
-5.41607
-5.41574
-5.41737
-5.41834
-5.41964
-5.41932
-5.41673
-5.41673
-5.41997
-5.42093
-5.41996
-5.42158
-5.4219
-5.42288
-5.42126
-5.42094
-5.4232
-5.42256
-5.42256
-5.42256
-5.42158
-5.41867
-5.42191
-5.4232
-5.42547
-5.42741
-5.42547
-5.4232
-5.42158
-5.4219
-5.42158
-5.42125
-5.42223
-5.41996
-5.41801
-5.41898
-5.41736
-5.41672
-5.41542
-5.41607
-5.41445
-5.4125
-5.41445
-5.41348
-5.41348
-5.41542
-5.41607
-5.41575
-5.41478
-5.41542
-5.41672
-5.41704
-5.41703
-5.41768
-5.41509
-5.41509
-5.4138
-5.41413
-5.41672
-5.41542
-5.41639
-5.41769
-5.41671
-5.41995
-5.42384
-5.42319
-5.42157
-5.42027
-5.42027
-5.42027
-5.42222
-5.42222
-5.42157
-5.4219
-5.42157
-5.42222
-5.42157
-5.4219
-5.42222
-5.42319
-5.42189
-5.42157
-5.42189
-5.42092
-5.42092
-5.41898
-5.42028
-5.41963
-5.4206
-5.4206
-5.41898
-5.42028
-5.41963
-5.41996
-5.41898
-5.41931
-5.41995
-5.42125
-5.42092
-5.42157
-5.42125
-5.42061
-5.42061
-5.42094
-5.41997
-5.42061
-5.42061
-5.42061
-5.42093
-5.42287
-5.41995
-5.41866
-5.42093
-5.41931
-5.42028
-5.42157
-5.42254
-5.42448
-5.42351
-5.42383
-5.41995
-5.41801
-5.41704
-5.41607
-5.41477
-5.41639
-5.41477
-5.41574
-5.41574
-5.41639
-5.41736
-5.41833
-5.41898
-5.41931
-5.41769
-5.41995
-5.42092
-5.41833
-5.418
-5.41833
-5.41994
-5.41995
-5.42124
-5.42092
-5.42061
-5.42093
-5.42287
-5.42255
-5.42093
-5.42092
-5.42157
-5.42448
-5.42448
-5.42416
-5.42416
-5.42546
-5.42513
-5.4219
-5.42157
-5.42157
-5.42093
-5.41898
-5.41672
-5.41769
-5.41704
-5.41672
-5.41542
-5.41445
-5.41444
-5.41574
-5.41671
-5.41703
-5.4193
-5.42059
-5.41995
-5.42093
-5.4219
-5.42093
-5.41963
-5.41801
-5.41801
-5.41801
-5.41801
-5.41995
-5.4206
-5.42481
-5.42643
-5.42481
-5.42481
-5.42416
-5.42352
-5.42319
-5.42384
-5.42417
-5.42061
-5.4219
-5.42028
-5.41866
-5.41801
-5.41898
-5.41898
-5.41639
-5.41833
-5.41672
-5.41542
-5.41574
-5.41607
-5.41898
-5.42028
-5.42124
-5.42125
-5.42157
-5.42157
-5.42092
-5.42351
-5.42157
-5.42222
-5.42157
-5.42254
-5.42319
-5.42157
-5.42189
-5.42351
-5.42125
-5.42093
-5.41963
-5.41866
-5.41671
-5.41542
-5.41574
-5.41768
-5.41898
-5.41865
-5.41963
-5.41898
-5.41931
-5.41995
-5.41769
-5.41962
-5.42027
-5.41995
-5.42092
-5.42157
-5.42286
-5.42383
-5.42222
-5.42221
-5.42221
-5.42189
-5.42189
-5.41995
-5.41931
-5.41898
-5.42092
-5.42028
-5.41801
-5.4193
-5.42221
-5.42254
-5.42156
-5.42091
-5.41768
-5.41671
-5.41606
-5.41573
-5.41606
-5.41768
-5.41606
-5.41542
-5.418
-5.42157
-5.4193
-5.42221
-5.42254
-5.42059
-5.42286
-5.42545
-5.42481
-5.42513
-5.42448
-5.42254
-5.42253
-5.42188
-5.42091
-5.4222
-5.42058
-5.42026
-5.42124
-5.41994
-5.41865
-5.4206
-5.42092
-5.4206
-5.42254
-5.42124
-5.42156
-5.42124
-5.42188
-5.42189
-5.42221
-5.42318
-5.42512
-5.42254
-5.42027
-5.42124
-5.42124
-5.42189
-5.42027
-5.42092
-5.42091
-5.42124
-5.42221
-5.42253
-5.42188
-5.42188
-5.42156
-5.42286
-5.42253
-5.42383
-5.42319
-5.42124
-5.4206
-5.41962
-5.42124
-5.42124
-5.42286
-5.42253
-5.42285
-5.42415
-5.4235
-5.42447
-5.42383
-5.4248
-5.42545
-5.42512
-5.42318
-5.42318
-5.4235
-5.42318
-5.42253
-5.41994
-5.42027
-5.41865
-5.41929
-5.42026
-5.41929
-5.42059
-5.42059
-5.42059
-5.418
-5.41735
-5.41573
-5.41508
-5.41573
-5.41735
-5.41703
-5.41703
-5.41833
-5.42027
-5.42124
-5.42286
-5.42253
-5.4235
-5.42058
-5.42058
-5.42026
-5.41929
-5.42091
-5.42059
-5.42091
-5.42221
-5.42512
-5.42383
-5.42091
-5.42156
-5.41929
-5.41768
-5.41638
-5.41703
-5.41671
-5.41703
-5.41865
-5.41833
-5.41833
-5.41865
-5.41962
-5.41995
-5.41865
-5.41962
-5.42092
-5.42351
-5.42092
-5.42222
-5.42157
-5.42222
-5.42125
-5.42061
-5.4232
-5.42158
-5.42255
-5.42093
-5.4206
-5.4206
-5.41995
-5.42254
-5.42319
-5.42351
-5.42384
-5.42287
-5.42093
-5.42028
-5.41931
-5.41996
-5.42029
-5.41964
-5.41964
-5.42158
-5.42287
-5.42384
-5.4206
-5.4219
-5.42093
-5.42125
-5.41964
-5.42126
-5.41931
-5.41899
-5.41769
-5.41964
-5.41964
-5.42028
-5.42222
-5.42222
-5.42157
-5.41898
-5.41898
-5.41801
-5.41801
-5.41963
-5.41963
-5.4193
-5.42027
-5.42125
-5.42157
-5.42189
-5.42092
-5.42416
-5.42352
-5.42384
-5.42416
-5.42254
-5.42384
-5.42481
-5.42416
-5.42481
-5.42254
-5.42286
-5.41995
-5.41898
-5.41801
-5.41963
-5.41898
-5.42125
-5.42125
-5.41898
-5.41639
-5.41477
-5.41348
-5.4125
-5.41185
-5.41314
-5.41314
-5.41508
-5.41508
-5.41508
-5.4167
-5.41897
-5.41897
-5.42027
-5.41994
-5.42059
-5.41832
-5.41735
-5.41606
-5.41703
-5.41541
-5.41509
-5.41573
-5.41671
-5.4193
-5.42027
-5.42189
-5.41962
-5.42091
-5.42221
-5.42123
-5.42156
-5.42091
-5.42092
-5.4193
-5.41865
-5.418
-5.41703
-5.41736
-5.41736
-5.41768
-5.4193
-5.41995
-5.41963
-5.42027
-5.4193
-5.4193
-5.41962
-5.41929
-5.42026
-5.42091
-5.42027
-5.41962
-5.42059
-5.42124
-5.42092
-5.42222
-5.42157
-5.42254
-5.4206
-5.42027
-5.41897
-5.41929
-5.41962
-5.42059
-5.418
-5.41736
-5.42059
-5.42027
-5.4193
-5.42156
-5.42189
-5.42221
-5.42221
-5.42123
-5.41897
-5.41865
-5.41703
-5.41671
-5.41736
-5.41865
-5.41962
-5.41995
-5.41995
-5.42027
-5.42156
-5.42253
-5.4235
-5.42091
-5.42253
-5.42253
-5.42253
-5.42124
-5.42221
-5.42124
-5.42189
-5.42255
-5.42351
-5.42125
-5.42254
-5.42157
-5.42157
-5.41963
-5.42092
-5.42092
-5.42157
-5.41996
-5.41898
-5.4219
-5.42254
-5.41995
-5.41931
-5.41898
-5.41672
-5.41672
-5.41834
-5.42092
-5.4193
-5.41736
-5.41801
-5.41995
-5.41995
-5.41995
-5.41995
-5.42286
-5.42222
-5.41995
-5.42222
-5.42254
-5.42255
-5.42254
-5.42254
-5.42189
-5.42319
-5.42351
-5.42254
-5.42286
-5.4248
-5.42513
-5.42383
-5.42221
-5.42253
-5.42286
-5.42189
-5.42254
-5.4206
-5.41962
-5.41995
-5.41703
-5.41768
-5.418
-5.41962
-5.42059
-5.41963
-5.42027
-5.41995
-5.42028
-5.42028
-5.42092
-5.41768
-5.4193
-5.42092
-5.42059
-5.42286
-5.42222
-5.42222
-5.42383
-5.42448
-5.42286
-5.42092
-5.42189
-5.42286
-5.42351
-5.42351
-5.42448
-5.42351
-5.42286
-5.42125
-5.42125
-5.42027
-5.41898
-5.41963
-5.42027
-5.42059
-5.41995
-5.42124
-5.42254
-5.42189
-5.42189
-5.42125
-5.42125
-5.4206
-5.42028
-5.41995
-5.4206
-5.41963
-5.4206
-5.42254
-5.42189
-5.42319
-5.42448
-5.42318
-5.42253
-5.42383
-5.42351
-5.42286
-5.42383
-5.42448
-5.42384
-5.42222
-5.42157
-5.42125
-5.4206
-5.42027
-5.42059
-5.42027
-5.42286
-5.41995
-5.41995
-5.41963
-5.42124
-5.42254
-5.42351
-5.42449
-5.42384
-5.42319
-5.42481
-5.42578
-5.42384
-5.42546
-5.42773
-5.42546
-5.42287
-5.41866
-5.4193
-5.41833
-5.41963
-5.41801
-5.41736
-5.42027
-5.42189
-5.4206
-5.4206
-5.4193
-5.42028
-5.42125
-5.42222
-5.42125
-5.4206
-5.4219
-5.42028
-5.41931
-5.4219
-5.42254
-5.42092
-5.41963
-5.41898
-5.41704
-5.41704
-5.41898
-5.41801
-5.41834
-5.41996
-5.41996
-5.42028
-5.42158
-5.42158
-5.42093
-5.42158
-5.42126
-5.42094
-5.42061
-5.42061
-5.42061
-5.41964
-5.42191
-5.41867
-5.42029
-5.42061
-5.42159
-5.42126
-5.4232
-5.42191
-5.42417
-5.42191
-5.42029
-5.42029
-5.42029
-5.42062
-5.42094
-5.42094
-5.42093
-5.42288
-5.42223
-5.42417
-5.42352
-5.42223
-5.42191
-5.42385
-5.42255
-5.42158
-5.4232
-5.42255
-5.42222
-5.42222
-5.42352
-5.4219
-5.42157
-5.42125
-5.41898
-5.41801
-5.41866
-5.42028
-5.42125
-5.42061
-5.42287
-5.4232
-5.4232
-5.42255
-5.42416
-5.42513
-5.4274
-5.42805
-5.42545
-5.42513
-5.42578
-5.42513
-5.4261
-5.42578
-5.42579
-5.42579
-5.4232
-5.42255
-5.42223
-5.42093
-5.42093
-5.4206
-5.41801
-5.41736
-5.418
-5.41703
-5.41541
-5.41574
-5.41607
-5.41769
-5.41899
-5.4206
-5.42352
-5.42481
-5.42481
-5.42416
-5.42384
-5.42384
-5.42351
-5.42416
-5.42449
-5.42449
-5.42643
-5.42643
-5.42513
-5.42481
-5.42514
-5.42287
-5.42319
-5.42319
-5.42255
-5.42287
-5.42255
-5.4219
-5.42125
-5.42158
-5.42319
-5.42028
-5.41995
-5.41898
-5.41833
-5.41898
-5.41866
-5.41898
-5.41898
-5.41704
-5.41672
-5.41801
-5.41801
-5.41769
-5.4206
-5.4206
-5.42092
-5.42157
-5.42157
-5.4193
-5.42222
-5.42286
-5.42513
-5.42384
-5.42125
-5.42157
-5.41995
-5.41865
-5.41736
-5.41704
-5.41736
-5.41769
-5.41898
-5.42027
-5.4206
-5.42157
-5.4206
-5.42092
-5.42124
-5.42221
-5.42221
-5.42124
-5.42027
-5.42189
-5.4206
-5.41995
-5.41995
-5.42028
-5.41963
-5.42254
-5.42448
-5.42513
-5.42351
-5.42092
-5.42027
-5.41897
-5.41736
-5.41606
-5.41768
-5.41866
-5.41963
-5.41963
-5.4206
-5.42384
-5.42384
-5.42448
-5.42383
-5.42221
-5.41995
-5.41897
-5.42124
-5.42253
-5.42221
-5.42254
-5.42384
-5.42513
-5.42416
-5.42384
-5.42287
-5.42189
-5.42157
-5.42189
-5.42092
-5.41703
-5.41639
-5.41542
-5.41866
-5.41963
-5.41963
-5.41931
-5.4206
-5.41995
-5.41866
-5.41898
-5.41866
-5.4193
-5.41898
-5.41931
-5.41995
-5.42125
-5.42092
-5.42027
-5.42059
-5.42092
-5.42254
-5.42286
-5.42384
-5.42351
-5.42286
-5.42286
-5.42221
-5.42156
-5.42156
-5.4222
-5.42026
-5.42026
-5.41864
-5.42027
-5.42157
-5.4206
-5.41995
-5.41866
-5.41963
-5.41833
-5.41736
-5.41606
-5.4193
-5.42124
-5.42027
-5.42221
-5.42124
-5.4193
-5.41832
-5.41606
-5.41606
-5.41832
-5.418
-5.41832
-5.41671
-5.41768
-5.41897
-5.41865
-5.41605
-5.41541
-5.41346
-5.41411
-5.41444
-5.41379
-5.41412
-5.41412
-5.41477
-5.41639
-5.41833
-5.41736
-5.4193
-5.41962
-5.42027
-5.42027
-5.41832
-5.41703
-5.41638
-5.41833
-5.41865
-5.4193
-5.41962
-5.41865
-5.41865
-5.418
-5.41832
-5.41735
-5.41671
-5.41962
-5.42092
-5.4193
-5.41833
-5.4206
-5.42221
-5.42384
-5.42416
-5.42513
-5.4261
-5.42351
-5.42384
-5.42189
-5.41866
-5.41801
-5.41606
-5.41509
-5.41476
-5.41541
-5.41606
-5.41735
-5.41703
-5.41703
-5.41573
-5.41574
-5.41476
-5.41703
-5.41638
-5.41735
-5.418
-5.41897
-5.41994
-5.4193
-5.41768
-5.41703
-5.41833
-5.4193
-5.41833
-5.418
-5.418
-5.41865
-5.41897
-5.41735
-5.41865
-5.41735
-5.41865
-5.41832
-5.41929
-5.41962
-5.41865
-5.42059
-5.42092
-5.42092
-5.42027
-5.42059
-5.42059
-5.41962
-5.42189
-5.42059
-5.41865
-5.41995
-5.42157
-5.42092
-5.42125
-5.42189
-5.42254
-5.42416
-5.42286
-5.42319
-5.42352
-5.42514
-5.42514
-5.42449
-5.42514
-5.42514
-5.42352
-5.42287
-5.4232
-5.42158
-5.41769
-5.41511
-5.41543
-5.41672
-5.42093
-5.4219
-5.4219
-5.4219
-5.41898
-5.4193
-5.41866
-5.41639
-5.41607
-5.4138
-5.41445
-5.41607
-5.4164
-5.41737
-5.41542
-5.41607
-5.41769
-5.41963
-5.41995
-5.41833
-5.41639
-5.41866
-5.41866
-5.42028
-5.42028
-5.42158
-5.42158
-5.42352
-5.42385
-5.42514
-5.4232
-5.42417
-5.42319
-5.42319
-5.42189
-5.42028
-5.42028
-5.41931
-5.41672
-5.41737
-5.41737
-5.41672
-5.41737
-5.41801
-5.41769
-5.41898
-5.41963
-5.41769
-5.41769
-5.41704
-5.41737
-5.41608
-5.41672
-5.41737
-5.41705
-5.41737
-5.41866
-5.4219
-5.4219
-5.42449
-5.42352
-5.42255
-5.42028
-5.42061
-5.4219
-5.42158
-5.42028
-5.41964
-5.41931
-5.41931
-5.41737
-5.41639
-5.41898
-5.41898
-5.41898
-5.41672
-5.41607
-5.41672
-5.41672
-5.41575
-5.4164
-5.41737
-5.41931
-5.41898
-5.4206
-5.4206
-5.42158
-5.42158
-5.42093
-5.42158
-5.42288
-5.4219
-5.4232
-5.42125
-5.42124
-5.42221
-5.42092
-5.41963
-5.41963
-5.42158
-5.42385
-5.42223
-5.42255
-5.42126
-5.42125
-5.42222
-5.42125
-5.4206
-5.42093
-5.42222
-5.42255
-5.42287
-5.42222
-5.42384
-5.42417
-5.42481
-5.42222
-5.42158
-5.42319
-5.42352
-5.42481
-5.42384
-5.42319
-5.42449
-5.42417
-5.42222
-5.42222
-5.42287
-5.4232
-5.42255
-5.4206
-5.41996
-5.41931
-5.41898
-5.4219
-5.42028
-5.41834
-5.41834
-5.41834
-5.41704
-5.41866
-5.41865
-5.41703
-5.418
-5.41865
-5.42059
-5.4193
-5.42124
-5.42092
-5.42157
-5.42254
-5.42158
-5.42028
-5.4219
-5.42189
-5.42351
-5.42157
-5.42222
-5.42157
-5.4206
-5.42124
-5.41865
-5.41703
-5.41703
-5.41801
-5.41801
-5.41931
-5.42028
-5.42028
-5.42093
-5.42158
-5.42222
-5.42482
-5.42579
-5.42514
-5.42579
-5.42935
-5.42708
-5.42708
-5.42546
-5.42287
-5.42255
-5.42158
-5.41899
-5.41769
-5.4164
-5.41705
-5.41608
-5.41478
-5.41737
-5.41542
-5.41542
-5.41833
-5.41801
-5.41834
-5.41802
-5.41931
-5.42126
-5.42191
-5.42256
-5.42191
-5.42191
-5.42126
-5.42223
-5.4232
-5.42061
-5.41964
-5.41834
-5.41932
-5.41802
-5.41738
-5.41867
-5.41706
-5.41802
-5.41705
-5.41899
-5.41835
-5.41738
-5.41803
-5.41673
-5.41771
-5.41738
-5.41997
-5.41965
-5.42062
-5.42159
-5.41997
-5.41997
-5.41802
-5.41899
-5.4177
-5.41705
-5.41738
-5.41641
-5.41868
-5.42127
-5.42192
-5.4245
-5.4258
-5.4245
-5.42223
-5.4232
-5.42158
-5.42094
-5.41932
-5.41997
-5.42062
-5.42062
-5.41998
-5.419
-5.41835
-5.419
-5.41802
-5.41802
-5.41802
-5.41867
-5.4177
-5.41899
-5.41835
-5.41835
-5.41835
-5.419
-5.41868
-5.41835
-5.41705
-5.41608
-5.41705
-5.41479
-5.41446
-5.41414
-5.41349
-5.41252
-5.41317
-5.41478
-5.41478
-5.41381
-5.41316
-5.41284
-5.41414
-5.41413
-5.41381
-5.41252
-5.41317
-5.41187
-5.41544
-5.41511
-5.41414
-5.41576
-5.41544
-5.41511
-5.41544
-5.41576
-5.41544
-5.41674
-5.41868
-5.42192
-5.42257
-5.42548
-5.42581
-5.42516
-5.42613
-5.42516
-5.42516
-5.42872
-5.42742
-5.42613
-5.4258
-5.42418
-5.42548
-5.42645
-5.42225
-5.4203
-5.41933
-5.41803
-5.41771
-5.41673
-5.41673
-5.41512
-5.41609
-5.4148
-5.41545
-5.41836
-5.4203
-5.4203
-5.42257
-5.42386
-5.42289
-5.41998
-5.42063
-5.42095
-5.42063
-5.41933
-5.41901
-5.41868
-5.41933
-5.41965
-5.41933
-5.41803
-5.41577
-5.41642
-5.41577
-5.41577
-5.41674
-5.41706
-5.41933
-5.41836
-5.41868
-5.42062
-5.42127
-5.42191
-5.42126
-5.42158
-5.41996
-5.42094
-5.42159
-5.42159
-5.42289
-5.4229
-5.42451
-5.42322
-5.42451
-5.42321
-5.42418
-5.42515
-5.42418
-5.4232
-5.42126
-5.4232
-5.42191
-5.42223
-5.42223
-5.42062
-5.41932
-5.42126
-5.42159
-5.42094
-5.42029
-5.419
-5.41932
-5.4177
-5.419
-5.41705
-5.4164
-5.41575
-5.41802
-5.41964
-5.42061
-5.41964
-5.41932
-5.41803
-5.419
-5.42029
-5.419
-5.419
-5.41964
-5.41964
-5.42093
-5.41996
-5.41963
-5.41866
-5.41802
-5.41672
-5.41673
-5.41673
-5.41706
-5.41576
-5.41835
-5.41835
-5.42126
-5.42223
-5.42353
-5.42417
-5.42093
-5.41866
-5.41996
-5.41996
-5.42125
-5.42191
-5.42256
-5.42062
-5.41965
-5.42029
-5.41932
-5.41867
-5.419
-5.419
-5.41997
-5.42094
-5.42094
-5.41835
-5.4203
-5.4203
-5.41835
-5.419
-5.41771
-5.41706
-5.41803
-5.41803
-5.41835
-5.41868
-5.41836
-5.41738
-5.41997
-5.419
-5.41803
-5.419
-5.4203
-5.41997
-5.41868
-5.41803
-5.41835
-5.41706
-5.41965
-5.42062
-5.41997
-5.42192
-5.42192
-5.41998
-5.4216
-5.42225
-5.4216
-5.42095
-5.42321
-5.42095
-5.41965
-5.419
-5.41868
-5.42095
-5.41771
-5.41836
-5.41868
-5.41997
-5.41997
-5.41997
-5.42159
-5.42192
-5.42321
-5.42419
-5.42613
-5.42581
-5.42646
-5.4271
-5.42451
-5.42322
-5.42743
-5.42775
-5.42678
-5.42548
-5.42321
-5.42256
-5.42159
-5.42094
-5.41997
-5.4203
-5.41965
-5.41868
-5.41868
-5.419
-5.4203
-5.42062
-5.42224
-5.42192
-5.42418
-5.42419
-5.42516
-5.42451
-5.42451
-5.42516
-5.42517
-5.42225
-5.4229
-5.42388
-5.4229
-5.42355
-5.42031
-5.41933
-5.41868
-5.4203
-5.419
-5.41965
-5.4203
-5.42128
-5.42095
-5.41934
-5.41869
-5.42128
-5.42322
-5.42322
-5.42225
-5.42128
-5.41933
-5.41901
-5.42062
-5.41901
-5.41836
-5.41868
-5.42095
-5.41934
-5.42063
-5.42031
-5.42095
-5.41868
-5.41771
-5.41771
-5.41998
-5.42063
-5.4216
-5.42128
-5.42127
-5.42063
-5.42063
-5.42225
-5.42225
-5.4216
-5.41933
-5.41836
-5.41868
-5.41771
-5.41933
-5.42095
-5.4216
-5.42387
-5.42517
-5.4242
-5.42646
-5.42711
-5.42484
-5.42451
-5.42451
-5.42289
-5.42224
-5.42192
-5.42063
-5.42128
-5.4203
-5.4229
-5.42128
-5.42095
-5.41901
-5.41739
-5.41868
-5.41673
-5.41738
-5.419
-5.41997
-5.41997
-5.41965
-5.42224
-5.42256
-5.42159
-5.42192
-5.42159
-5.41771
-5.419
-5.41997
-5.42062
-5.41867
-5.42062
-5.42159
-5.42256
-5.42353
-5.42191
-5.42062
-5.4203
-5.41803
-5.41706
-5.41771
-5.41835
-5.41803
-5.41932
-5.42159
-5.42223
-5.42127
-5.41965
-5.42062
-5.42094
-5.42127
-5.42224
-5.42321
-5.42159
-5.42224
-5.42159
-5.42094
-5.42256
-5.42483
-5.42515
-5.4245
-5.4245
-5.42386
-5.42418
-5.42127
-5.42159
-5.42094
-5.42094
-5.42127
-5.42063
-5.42095
-5.42225
-5.42289
-5.42192
-5.42062
-5.42062
-5.41998
-5.41868
-5.41933
-5.41739
-5.41966
-5.41868
-5.41707
-5.41609
-5.41707
-5.41642
-5.41706
-5.41803
-5.41868
-5.41868
-5.41933
-5.41739
-5.41739
-5.41707
-5.41707
-5.41545
-5.41707
-5.41707
-5.41707
-5.41771
-5.41707
-5.41642
-5.41998
-5.4203
-5.42128
-5.41869
-5.42031
-5.41869
-5.41772
-5.41998
-5.41966
-5.4203
-5.42063
-5.41966
-5.41804
-5.41836
-5.41804
-5.41771
-5.41707
-5.41771
-5.41998
-5.41998
-5.41966
-5.41966
-5.42323
-5.42517
-5.42582
-5.42291
-5.42291
-5.42226
-5.42096
-5.42161
-5.41999
-5.42031
-5.41966
-5.42031
-5.41934
-5.41707
-5.41675
-5.41934
-5.4161
-5.41643
-5.41578
-5.41546
-5.41675
-5.41967
-5.41966
-5.42031
-5.41901
-5.41966
-5.42031
-5.41837
-5.41772
-5.4174
-5.4161
-5.41578
-5.41675
-5.41545
-5.41448
-5.41578
-5.42096
-5.42291
-5.42388
-5.42291
-5.42226
-5.42128
-5.42031
-5.42128
-5.42096
-5.42193
-5.42129
-5.42129
-5.41967
-5.41935
-5.42064
-5.42193
-5.42095
-5.41998
-5.41901
-5.42031
-5.41999
-5.42097
-5.41967
-5.42065
-5.42032
-5.41999
-5.41773
-5.41902
-5.41837
-5.41578
-5.41675
-5.41643
-5.41675
-5.41869
-5.41999
-5.42064
-5.42032
-5.42097
-5.42161
-5.42064
-5.42096
-5.42258
-5.42161
-5.42129
-5.42096
-5.42291
-5.42226
-5.42291
-5.42096
-5.42226
-5.41967
-5.4187
-5.41935
-5.4187
-5.42032
-5.42032
-5.42194
-5.42226
-5.42162
-5.41967
-5.41967
-5.42065
-5.42065
-5.42065
-5.42065
-5.42
-5.41968
-5.42129
-5.42129
-5.42161
-5.42
-5.42064
-5.41999
-5.42032
-5.41838
-5.41773
-5.4187
-5.41741
-5.41611
-5.41773
-5.41902
-5.4187
-5.42097
-5.41709
-5.41547
-5.41676
-5.41935
-5.42065
-5.41935
-5.41773
-5.41644
-5.4187
-5.41903
-5.41773
-5.41805
-5.4174
-5.41643
-5.41675
-5.41805
-5.41708
-5.41837
-5.41935
-5.41902
-5.41805
-5.41611
-5.41838
-5.41967
-5.41838
-5.41773
-5.41773
-5.41741
-5.41838
-5.41935
-5.41871
-5.42065
-5.4213
-5.42162
-5.42129
-5.42162
-5.42194
-5.42324
-5.42356
-5.42356
-5.42162
-5.4213
-5.42097
-5.42032
-5.42194
-5.42259
-5.42421
-5.42454
-5.42519
-5.42551
-5.42778
-5.42777
-5.4268
-5.42421
-5.42421
-5.42389
-5.42389
-5.42486
-5.42551
-5.42583
-5.42486
-5.42421
-5.42292
-5.42227
-5.42195
-5.42162
-5.42162
-5.42065
-5.42001
-5.42001
-5.41936
-5.41936
-5.41968
-5.41903
-5.42097
-5.42065
-5.42453
-5.42745
-5.42745
-5.42713
-5.42519
-5.42519
-5.42551
-5.42357
-5.42259
-5.42097
-5.42162
-5.42259
-5.42227
-5.42324
-5.42486
-5.4226
-5.42324
-5.42324
-5.42292
-5.42259
-5.42098
-5.4213
-5.42065
-5.42032
-5.41935
-5.42
-5.42
-5.42065
-5.42162
-5.4213
-5.42097
-5.42259
-5.42033
-5.41935
-5.42065
-5.42129
-5.42226
-5.42259
-5.4255
-5.42421
-5.42162
-5.42
-5.42195
-5.42033
-5.42162
-5.42162
-5.42162
-5.42065
-5.42194
-5.42291
-5.42064
-5.42129
-5.42097
-5.41935
-5.41741
-5.41676
-5.41547
-5.41612
-5.41677
-5.41968
-5.41871
-5.41676
-5.41806
-5.41936
-5.41968
-5.42033
-5.42389
-5.42389
-5.42324
-5.42227
-5.42291
-5.42486
-5.42388
-5.42518
-5.42356
-5.42388
-5.42227
-5.42194
-5.42292
-5.42259
-5.4213
-5.42227
-5.42324
-5.42259
-5.42194
-5.42226
-5.42129
-5.42226
-5.42356
-5.42226
-5.42324
-5.42162
-5.42324
-5.42518
-5.42453
-5.42518
-5.42421
-5.42291
-5.42356
-5.42161
-5.42097
-5.42162
-5.42226
-5.42097
-5.42064
-5.4187
-5.41708
-5.41902
-5.41934
-5.41772
-5.41869
-5.41805
-5.41805
-5.41837
-5.41772
-5.41934
-5.42128
-5.42128
-5.42096
-5.41837
-5.41869
-5.42031
-5.41837
-5.41805
-5.41902
-5.41967
-5.41999
-5.42096
-5.41837
-5.41805
-5.42032
-5.41935
-5.41999
-5.42031
-5.42064
-5.41837
-5.42064
-5.42194
-5.42129
-5.42097
-5.42065
-5.42065
-5.42194
-5.41968
-5.42194
-5.42258
-5.42097
-5.41902
-5.41773
-5.4187
-5.41934
-5.42032
-5.42161
-5.42097
-5.42194
-5.42064
-5.42064
-5.42129
-5.42194
-5.42097
-5.42065
-5.42195
-5.42421
-5.42292
-5.42259
-5.42033
-5.41968
-5.42227
-5.42324
-5.42194
-5.42227
-5.42162
-5.42
-5.42032
-5.42032
-5.42032
-5.42194
-5.42129
-5.42161
-5.41935
-5.42097
-5.42
-5.42292
-5.42357
-5.4226
-5.42486
-5.42584
-5.42454
-5.42292
-5.42098
-5.4213
-5.4213
-5.42
-5.41903
-5.41741
-5.41871
-5.41741
-5.41709
-5.41482
-5.41676
-5.41773
-5.41806
-5.4187
-5.4187
-5.42032
-5.41838
-5.41774
-5.41774
-5.41839
-5.41775
-5.41774
-5.41742
-5.41871
-5.41903
-5.41676
-5.4187
-5.41773
-5.41741
-5.41612
-5.41677
-5.41871
-5.41871
-5.41968
-5.42033
-5.42065
-5.41839
-5.41774
-5.41709
-5.41967
-5.42097
-5.41967
-5.41935
-5.42065
-5.42098
-5.42033
-5.42065
-5.41903
-5.4187
-5.41805
-5.41967
-5.41806
-5.41806
-5.41903
-5.41936
-5.41904
-5.42066
-5.42033
-5.41968
-5.4213
-5.42195
-5.42324
-5.42227
-5.42259
-5.42291
-5.42162
-5.42356
-5.42292
-5.42033
-5.42001
-5.4226
-5.42195
-5.41968
-5.4226
-5.4213
-5.42357
-5.42227
-5.42195
-5.42324
-5.42162
-5.42033
-5.41968
-5.42
-5.41936
-5.42098
-5.4226
-5.42325
-5.42228
-5.42033
-5.42066
-5.42098
-5.41871
-5.41677
-5.41742
-5.4158
-5.41515
-5.4145
-5.41547
-5.4158
-5.41677
-5.41677
-5.41775
-5.4171
-5.4171
-5.42034
-5.42001
-5.42066
-5.42195
-5.4213
-5.42357
-5.42357
-5.42163
-5.4226
-5.42389
-5.42551
-5.42713
-5.42455
-5.42455
-5.4252
-5.42326
-5.42163
-5.41807
-5.41872
-5.41871
-5.41839
-5.41709
-5.41839
-5.41774
-5.41645
-5.41904
-5.41839
-5.42066
-5.42034
-5.42002
-5.42099
-5.4184
-5.41742
-5.41969
-5.42001
-5.42033
-5.4213
-5.42065
-5.42162
-5.4213
-5.42227
-5.42292
-5.42324
-5.42163
-5.42163
-5.42066
-5.41872
-5.4171
-5.41872
-5.41807
-5.41774
-5.41807
-5.41742
-5.41742
-5.41936
-5.42
-5.4213
-5.42
-5.41935
-5.41903
-5.41741
-5.41774
-5.41936
-5.41904
-5.41969
-5.42033
-5.42162
-5.42065
-5.41741
-5.41838
-5.41773
-5.42
-5.42194
-5.42033
-5.41903
-5.41968
-5.41936
-5.41968
-5.41903
-5.41871
-5.41935
-5.42033
-5.42
-5.42065
-5.4213
-5.42259
-5.42356
-5.42194
-5.42032
-5.42032
-5.42097
-5.4213
-5.42356
-5.42453
-5.42616
-5.42292
-5.42389
-5.42454
-5.42292
-5.42324
-5.42292
-5.42227
-5.42324
-5.4213
-5.42324
-5.42259
-5.42033
-5.41806
-5.41806
-5.41968
-5.41936
-5.41936
-5.41968
-5.41936
-5.42001
-5.42065
-5.42033
-5.42033
-5.42195
-5.4213
-5.42065
-5.42065
-5.4213
-5.42227
-5.42324
-5.42227
-5.42065
-5.41904
-5.4213
-5.42001
-5.41936
-5.41936
-5.42098
-5.4213
-5.42195
-5.42066
-5.42098
-5.42034
-5.41904
-5.41871
-5.41547
-5.41709
-5.41709
-5.41936
-5.41936
-5.42066
-5.42228
-5.42228
-5.41969
-5.42001
-5.4171
-5.41742
-5.41775
-5.41872
-5.42099
-5.42034
-5.42066
-5.42098
-5.42098
-5.42195
-5.42325
-5.42487
-5.42584
-5.42584
-5.4252
-5.42228
-5.42164
-5.42131
-5.42228
-5.42163
-5.41969
-5.41904
-5.41936
-5.41774
-5.4158
-5.41451
-5.4158
-5.4171
-5.41872
-5.41969
-5.41936
-5.41937
-5.42131
-5.42228
-5.42131
-5.42325
-5.42454
-5.42454
-5.42324
-5.42324
-5.42033
-5.4213
-5.42163
-5.42066
-5.42034
-5.41905
-5.42002
-5.41873
-5.41905
-5.42002
-5.4226
-5.42195
-5.42357
-5.42195
-5.42001
-5.41904
-5.42034
-5.41872
-5.4184
-5.4184
-5.41905
-5.41905
-5.41904
-5.41904
-5.41839
-5.4171
-5.41807
-5.41775
-5.41807
-5.41937
-5.42002
-5.42131
-5.42066
-5.42002
-5.42163
-5.42033
-5.42131
-5.42195
-5.42196
-5.42131
-5.42002
-5.42034
-5.41743
-5.41678
-5.41678
-5.41678
-5.4171
-5.41743
-5.41645
-5.41742
-5.41775
-5.41904
-5.41775
-5.41775
-5.41645
-5.41581
-5.41645
-5.41516
-5.41484
-5.41581
-5.41775
-5.4184
-5.42066
-5.4171
-5.41969
-5.41936
-5.42163
-5.42163
-5.42293
-5.42293
-5.42228
-5.42293
-5.42066
-5.41904
-5.41743
-5.41549
-5.41516
-5.41646
-5.4184
-5.4171
-5.41613
-5.41451
-5.41483
-5.41613
-5.41483
-5.41774
-5.41904
-5.42001
-5.41936
-5.41904
-5.41742
-5.41612
-5.41353
-5.41353
-5.41289
-5.41451
-5.41548
-5.41936
-5.41904
-5.42033
-5.42131
-5.41968
-5.41968
-5.42065
-5.42
-5.41806
-5.41741
-5.41774
-5.42033
-5.42065
-5.42001
-5.42033
-5.42065
-5.42033
-5.42
-5.4213
-5.42259
-5.42324
-5.42453
-5.42194
-5.42032
-5.41935
-5.41806
-5.41871
-5.41968
-5.42001
-5.41904
-5.41969
-5.41775
-5.41613
-5.41742
-5.41872
-5.41904
-5.42001
-5.41936
-5.42033
-5.42
-5.42259
-5.42356
-5.42259
-5.42389
-5.42453
-5.42291
-5.42162
-5.42032
-5.41935
-5.41839
-5.42033
-5.41839
-5.42001
-5.41936
-5.42001
-5.41936
-5.42195
-5.42227
-5.42259
-5.42389
-5.42421
-5.42097
-5.4213
-5.42259
-5.42292
-5.4213
-5.42195
-5.41742
-5.41872
-5.41839
-5.41774
-5.4171
-5.41774
-5.42066
-5.42163
-5.4213
-5.42163
-5.42227
-5.42292
-5.42324
-5.42324
-5.42098
-5.41936
-5.41904
-5.41645
-5.41775
-5.41969
-5.41936
-5.41774
-5.41871
-5.42001
-5.41936
-5.41871
-5.42001
-5.41936
-5.41709
-5.4158
-5.41612
-5.41515
-5.41515
-5.41547
-5.41644
-5.41482
-5.41644
-5.41644
-5.41644
-5.41903
-5.41839
-5.41936
-5.41807
-5.41774
-5.41806
-5.41903
-5.4213
-5.41936
-5.41839
-5.41839
-5.41806
-5.41904
-5.41871
-5.41903
-5.42162
-5.42033
-5.42033
-5.42259
-5.4213
-5.42195
-5.4226
-5.42033
-5.42066
-5.41936
-5.41839
-5.42001
-5.41968
-5.41904
-5.41741
-5.41579
-5.41547
-5.41515
-5.41579
-5.41612
-5.41644
-5.41903
-5.41774
-5.41903
-5.42065
-5.42227
-5.42032
-5.41935
-5.41838
-5.41547
-5.41579
-5.41515
-5.41644
-5.4145
-5.4145
-5.41418
-5.41418
-5.41612
-5.41644
-5.41483
-5.41289
-5.41515
-5.41483
-5.41645
-5.41612
-5.41709
-5.41774
-5.41903
-5.42097
-5.4213
-5.4213
-5.42163
-5.42195
-5.41904
-5.41969
-5.42001
-5.41969
-5.41678
-5.41936
-5.42001
-5.42
-5.42
-5.42259
-5.42453
-5.42356
-5.42129
-5.42291
-5.42194
-5.4213
-5.42
-5.42001
-5.41903
-5.41838
-5.41903
-5.41806
-5.41805
-5.41805
-5.42129
-5.42032
-5.41935
-5.42
-5.41967
-5.41935
-5.42259
-5.42291
-5.42097
-5.42194
-5.42097
-5.41935
-5.42064
-5.42258
-5.42258
-5.42194
-5.42032
-5.42032
-5.42
-5.42194
-5.42259
-5.42162
-5.42033
-5.41871
-5.41967
-5.41967
-5.42096
-5.42161
-5.42323
-5.42194
-5.42162
-5.42291
-5.42292
-5.42356
-5.42162
-5.42065
-5.41676
-5.41838
-5.41773
-5.41805
-5.41805
-5.4187
-5.4187
-5.42
-5.42259
-5.42162
-5.4213
-5.42
-5.42388
-5.42388
-5.42388
-5.42323
-5.42486
-5.42518
-5.4255
-5.42324
-5.42259
-5.42097
-5.4213
-5.41968
-5.41903
-5.41741
-5.41709
-5.41741
-5.41676
-5.41708
-5.41773
-5.41611
-5.41806
-5.41838
-5.42097
-5.42033
-5.41936
-5.41968
-5.4213
-5.42194
-5.42065
-5.42227
-5.42388
-5.42194
-5.42324
-5.4226
-5.42033
-5.41904
-5.4213
-5.42065
-5.42259
-5.42291
-5.42162
-5.42194
-5.42356
-5.42259
-5.42097
-5.41968
-5.41806
-5.41838
-5.41773
-5.41806
-5.41644
-5.41806
-5.41903
-5.42064
-5.42064
-5.42129
-5.42064
-5.42388
-5.42356
-5.42453
-5.42388
-5.42291
-5.42389
-5.42421
-5.42453
-5.4255
-5.42129
-5.41902
-5.42356
-5.4242
-5.42388
-5.42517
-5.42484
-5.42193
-5.42323
-5.42323
-5.42291
-5.42291
-5.42097
-5.41999
-5.4187
-5.4174
-5.41805
-5.41611
-5.41546
-5.41546
-5.41676
-5.41741
-5.41805
-5.41773
-5.41838
-5.41773
-5.41676
-5.41708
-5.41838
-5.42
-5.42097
-5.42065
-5.41903
-5.41806
-5.41611
-5.41741
-5.41838
-5.41741
-5.41612
-5.41547
-5.41515
-5.41741
-5.41903
-5.41838
-5.41837
-5.41902
-5.42031
-5.41934
-5.41967
-5.41966
-5.41869
-5.41999
-5.42032
-5.42097
-5.42032
-5.42453
-5.4242
-5.4242
-5.42226
-5.42161
-5.42064
-5.42129
-5.42291
-5.42226
-5.42323
-5.42194
-5.42032
-5.41838
-5.41968
-5.41806
-5.41741
-5.41546
-5.41708
-5.4174
-5.41708
-5.41773
-5.41935
-5.4187
-5.42065
-5.42097
-5.42033
-5.42065
-5.41871
-5.41936
-5.42
-5.41903
-5.41902
-5.41934
-5.41708
-5.41675
-5.41676
-5.41773
-5.41838
-5.41935
-5.42032
-5.41967
-5.42064
-5.42194
-5.42485
-5.42388
-5.42096
-5.42031
-5.41934
-5.41999
-5.42129
-5.42291
-5.42129
-5.41967
-5.41967
-5.41643
-5.41869
-5.41934
-5.41934
-5.41675
-5.41772
-5.41772
-5.41837
-5.42031
-5.42064
-5.4229
-5.42226
-5.4242
-5.42323
-5.42355
-5.4229
-5.42517
-5.42323
-5.42226
-5.42258
-5.42031
-5.41837
-5.41804
-5.41998
-5.41998
-5.42128
-5.42064
-5.42129
-5.42129
-5.42258
-5.42226
-5.42226
-5.42193
-5.42161
-5.4229
-5.42452
-5.42225
-5.42257
-5.42225
-5.42484
-5.42387
-5.42452
-5.4242
-5.42452
-5.4229
-5.42064
-5.41869
-5.42063
-5.41837
-5.41772
-5.41708
-5.41643
-5.41707
-5.41804
-5.41804
-5.41868
-5.4203
-5.41933
-5.41934
-5.41869
-5.41837
-5.41837
-5.41772
-5.41837
-5.41837
-5.41967
-5.41966
-5.41869
-5.42322
-5.42387
-5.42257
-5.42257
-5.42451
-5.42355
-5.42161
-5.42193
-5.42258
-5.42452
-5.42452
-5.42549
-5.4229
-5.4229
-5.42031
-5.4203
-5.42127
-5.42257
-5.42225
-5.42419
-5.42484
-5.42419
-5.42484
-5.42258
-5.42031
-5.42031
-5.42031
-5.42031
-5.4216
-5.42387
-5.42258
-5.42258
-5.42096
-5.42031
-5.41869
-5.41933
-5.4216
-5.42095
-5.41901
-5.41804
-5.41836
-5.41772
-5.41772
-5.41837
-5.42063
-5.42128
-5.42128
-5.41998
-5.41934
-5.41739
-5.41901
-5.41869
-5.42128
-5.42062
-5.42095
-5.41868
-5.41965
-5.42354
-5.42419
-5.42451
-5.42419
-5.42387
-5.42419
-5.42452
-5.42289
-5.42192
-5.4203
-5.42256
-5.42127
-5.42128
-5.42161
-5.42161
-5.41999
-5.42161
-5.42225
-5.42322
-5.42224
-5.42159
-5.42289
-5.42224
-5.42192
-5.42128
-5.41804
-5.41934
-5.42064
-5.42193
-5.42258
-5.41967
-5.41902
-5.42064
-5.42096
-5.41934
-5.41902
-5.41804
-5.41901
-5.41934
-5.41966
-5.42128
-5.41999
-5.41966
-5.42064
-5.42096
-5.42096
-5.41967
-5.41999
-5.42032
-5.41967
-5.41902
-5.41902
-5.41999
-5.41804
-5.41934
-5.42031
-5.41966
-5.41998
-5.41933
-5.41966
-5.41966
-5.42063
-5.41998
-5.41674
-5.41415
-5.41448
-5.41545
-5.41642
-5.41674
-5.41545
-5.41771
-5.41933
-5.41966
-5.41998
-5.41966
-5.42127
-5.42095
-5.41933
-5.41804
-5.41739
-5.41836
-5.41577
-5.41512
-5.41577
-5.41609
-5.41706
-5.4203
-5.4216
-5.4216
-5.41933
-5.41869
-5.4203
-5.4203
-5.41836
-5.41771
-5.41642
-5.41739
-5.41933
-5.41869
-5.42095
-5.42225
-5.42257
-5.42354
-5.42192
-5.4216
-5.42127
-5.41965
-5.41868
-5.4203
-5.4203
-5.41965
-5.4203
-5.42127
-5.42062
-5.41835
-5.41803
-5.41705
-5.42029
-5.41932
-5.41835
-5.41803
-5.41836
-5.41933
-5.42063
-5.41998
-5.42095
-5.41674
-5.41868
-5.41868
-5.41576
-5.41512
-5.41511
-5.41706
-5.41706
-5.41706
-5.41706
-5.41869
-5.41869
-5.41966
-5.41869
-5.41868
-5.41836
-5.41965
-5.41901
-5.41642
-5.41577
-5.41577
-5.41739
-5.41609
-5.41674
-5.41642
-5.41577
-5.4135
-5.41285
-5.41641
-5.41836
-5.42062
-5.42127
-5.42419
-5.42354
-5.42192
-5.42354
-5.42321
-5.42289
-5.42192
-5.42192
-5.41933
-5.42159
-5.4203
-5.41835
-5.41835
-5.42061
-5.42061
-5.42061
-5.41964
-5.42029
-5.42094
-5.41998
-5.41804
-5.41901
-5.41901
-5.42127
-5.42192
-5.42127
-5.42062
-5.4203
-5.41965
-5.42095
-5.42159
-5.41997
-5.41836
-5.41771
-5.41803
-5.41674
-5.41642
-5.41739
-5.41836
-5.41835
-5.42029
-5.42029
-5.41835
-5.4177
-5.41835
-5.419
-5.41932
-5.41932
-5.42127
-5.42192
-5.42224
-5.42224
-5.4203
-5.42062
-5.41867
-5.41803
-5.41835
-5.41802
-5.41835
-5.41802
-5.41705
-5.41673
-5.41803
-5.42062
-5.419
-5.41965
-5.41771
-5.41771
-5.41674
-5.41738
-5.41868
-5.41803
-5.41997
-5.41933
-5.41998
-5.4203
-5.42127
-5.41836
-5.419
-5.4203
-5.41835
-5.41706
-5.4177
-5.41835
-5.41997
-5.41901
-5.41804
-5.41836
-5.41804
-5.41901
-5.41772
-5.41739
-5.41836
-5.41998
-5.41933
-5.41803
-5.41868
-5.4177
-5.41835
-5.42094
-5.42094
-5.42127
-5.4216
-5.42192
-5.4216
-5.42127
-5.42127
-5.42062
-5.41835
-5.41868
-5.41771
-5.41706
-5.41965
-5.4203
-5.41868
-5.41803
-5.41706
-5.41544
-5.41512
-5.41641
-5.41771
-5.41868
-5.41997
-5.4203
-5.41933
-5.41965
-5.41836
-5.41771
-5.41803
-5.41836
-5.41804
-5.41771
-5.41933
-5.4216
-5.41901
-5.42128
-5.4216
-5.42225
-5.41933
-5.41772
-5.42031
-5.41998
-5.42063
-5.4203
-5.4203
-5.42095
-5.42095
-5.4216
-5.41998
-5.42063
-5.41869
-5.41966
-5.41966
-5.42096
-5.4229
-5.42258
-5.42225
-5.42225
-5.42257
-5.42193
-5.42095
-5.41966
-5.41934
-5.41772
-5.41837
-5.42063
-5.42031
-5.41966
-5.42064
-5.42063
-5.42031
-5.42257
-5.41966
-5.42063
-5.42031
-5.42095
-5.42031
-5.41901
-5.41999
-5.41902
-5.41966
-5.42064
-5.42225
-5.42257
-5.4229
-5.42387
-5.42516
-5.42289
-5.4216
-5.42193
-5.4229
-5.42225
-5.42096
-5.42258
-5.42225
-5.42387
-5.42193
-5.42063
-5.42031
-5.41902
-5.4174
-5.41837
-5.41999
-5.4216
-5.4216
-5.42225
-5.4216
-5.42257
-5.4203
-5.42192
-5.4216
-5.42257
-5.42095
-5.42095
-5.42128
-5.42128
-5.42063
-5.42128
-5.41998
-5.41869
-5.41804
-5.41707
-5.41804
-5.41998
-5.41868
-5.419
-5.41998
-5.41836
-5.41771
-5.41772
-5.41804
-5.41869
-5.41933
-5.41901
-5.41901
-5.41966
-5.42096
-5.42419
-5.42484
-5.42225
-5.42387
-5.42355
-5.42355
-5.42193
-5.42128
-5.42128
-5.42322
-5.42192
-5.42257
-5.42322
-5.41966
-5.41933
-5.41868
-5.41868
-5.41966
-5.41933
-5.41772
-5.41739
-5.41674
-5.41771
-5.41609
-5.41771
-5.41706
-5.41836
-5.41901
-5.41868
-5.41772
-5.41707
-5.4161
-5.4148
-5.4161
-5.4161
-5.41933
-5.42063
-5.42192
-5.42192
-5.42289
-5.42289
-5.42128
-5.4216
-5.42128
-5.41933
-5.41998
-5.42063
-5.4216
-5.4203
-5.4203
-5.42127
-5.42063
-5.41965
-5.41803
-5.41674
-5.41803
-5.419
-5.42063
-5.4203
-5.42095
-5.42225
-5.42193
-5.42485
-5.42452
-5.42647
-5.42841
-5.42582
-5.42484
-5.42355
-5.42096
-5.42289
-5.42419
-5.42289
-5.42159
-5.42224
-5.42063
-5.42128
-5.41934
-5.42064
-5.41999
-5.41902
-5.41707
-5.41804
-5.41966
-5.41836
-5.41901
-5.41868
-5.41998
-5.42192
-5.42354
-5.42646
-5.42711
-5.42582
-5.42517
-5.42744
-5.42873
-5.42614
-5.42549
-5.42323
-5.42225
-5.42419
-5.42419
-5.42354
-5.42322
-5.42355
-5.42226
-5.42064
-5.4187
-5.42064
-5.42065
-5.42226
-5.42323
-5.4229
-5.42225
-5.42225
-5.42388
-5.42193
-5.42226
-5.42096
-5.42096
-5.42193
-5.42193
-5.42161
-5.42323
-5.42323
-5.42226
-5.42161
-5.42323
-5.42388
-5.42291
-5.4229
-5.4229
-5.42225
-5.42225
-5.42289
-5.41998
-5.41966
-5.41771
-5.41836
-5.41771
-5.41674
-5.41804
-5.41707
-5.41902
-5.41675
-5.4161
-5.41642
-5.41577
-5.41545
-5.41707
-5.4135
-5.41383
-5.41544
-5.41771
-5.41836
-5.41901
-5.4203
-5.4203
-5.4216
-5.42224
-5.41997
-5.4203
-5.42062
-5.4203
-5.41933
-5.42063
-5.41998
-5.41998
-5.41901
-5.42031
-5.4203
-5.41998
-5.41965
-5.41998
-5.41642
-5.41674
-5.41512
-5.41706
-5.41836
-5.41674
-5.41674
-5.41642
-5.41706
-5.41674
-5.41804
-5.41738
-5.41835
-5.41835
-5.41932
-5.42192
-5.42386
-5.42419
-5.42386
-5.42257
-5.4216
-5.42257
-5.42322
-5.42192
-5.41933
-5.41933
-5.41933
-5.41771
-5.41932
-5.41965
-5.42191
-5.42289
-5.42418
-5.42322
-5.4216
-5.42257
-5.42062
-5.4203
-5.4203
-5.41868
-5.41868
-5.41998
-5.42128
-5.42192
-5.42095
-5.41933
-5.42256
-5.42192
-5.42289
-5.42289
-5.42192
-5.42095
-5.41933
-5.41998
-5.42062
-5.41997
-5.419
-5.42062
-5.42191
-5.41932
-5.41964
-5.41964
-5.42094
-5.42288
-5.42191
-5.42094
-5.41997
-5.42029
-5.42062
-5.42191
-5.41996
-5.42029
-5.42029
-5.41867
-5.42094
-5.42159
-5.42159
-5.42094
-5.42029
-5.41997
-5.41835
-5.41868
-5.4177
-5.41803
-5.41867
-5.41932
-5.42062
-5.41964
-5.42062
-5.42159
-5.42029
-5.42061
-5.41834
-5.41899
-5.41769
-5.41866
-5.41802
-5.41802
-5.41738
-5.41835
-5.4177
-5.41738
-5.4177
-5.41867
-5.42159
-5.42126
-5.42159
-5.42159
-5.42127
-5.42094
-5.41965
-5.42094
-5.41997
-5.42094
-5.41964
-5.419
-5.41932
-5.41964
-5.41996
-5.41802
-5.41964
-5.41834
-5.41867
-5.41899
-5.4177
-5.41802
-5.41964
-5.41899
-5.41899
-5.41964
-5.42061
-5.42126
-5.42093
-5.4232
-5.42126
-5.42126
-5.42321
-5.42159
-5.41997
-5.42127
-5.42191
-5.42321
-5.42386
-5.42483
-5.42418
-5.42288
-5.42223
-5.42223
-5.42158
-5.42029
-5.4177
-5.41965
-5.41965
-5.42029
-5.42191
-5.42223
-5.42256
-5.4245
-5.42385
-5.4245
-5.4219
-5.41931
-5.42126
-5.42288
-5.42191
-5.42256
-5.42126
-5.42321
-5.42353
-5.42483
-5.42547
-5.42482
-5.42353
-5.42321
-5.42321
-5.42322
-5.4203
-5.41998
-5.42062
-5.42062
-5.41964
-5.41996
-5.42158
-5.42191
-5.41964
-5.42062
-5.42418
-5.42224
-5.42256
-5.42127
-5.42191
-5.42029
-5.41964
-5.42029
-5.41835
-5.42094
-5.42159
-5.42127
-5.42127
-5.42095
-5.4203
-5.42126
-5.42417
-5.42385
-5.42223
-5.4206
-5.4232
-5.42287
-5.42287
-5.42255
-5.42255
-5.42158
-5.42093
-5.41931
-5.41802
-5.41996
-5.41866
-5.41801
-5.41801
-5.41898
-5.41963
-5.42254
-5.42255
-5.42449
-5.42222
-5.42028
-5.42061
-5.41996
-5.42061
-5.42093
-5.41931
-5.41898
-5.41995
-5.41995
-5.42093
-5.42222
-5.42125
-5.42223
-5.42223
-5.42061
-5.41899
-5.41769
-5.4151
-5.41445
-5.4138
-5.4138
-5.41413
-5.41445
-5.41574
-5.41477
-5.41445
-5.41672
-5.41899
-5.41931
-5.42093
-5.42093
-5.42125
-5.4206
-5.42028
-5.4206
-5.41995
-5.41866
-5.41671
-5.41542
-5.41606
-5.41704
-5.41801
-5.41704
-5.41834
-5.41898
-5.41769
-5.41866
-5.41866
-5.41963
-5.42027
-5.42351
-5.42772
-5.42513
-5.42319
-5.42125
-5.4206
-5.41769
-5.4164
-5.41802
-5.41639
-5.41574
-5.41606
-5.41703
-5.418
-5.4193
-5.41801
-5.41898
-5.41995
-5.41898
-5.41996
-5.42092
-5.41866
-5.4193
-5.41898
-5.41704
-5.41704
-5.41736
-5.41898
-5.41899
-5.41931
-5.41834
-5.41866
-5.41866
-5.41866
-5.41931
-5.41931
-5.41867
-5.41867
-5.42061
-5.42223
-5.4232
-5.42352
-5.4232
-5.42287
-5.42352
-5.42157
-5.4206
-5.41833
-5.41672
-5.41736
-5.41931
-5.41898
-5.41833
-5.41833
-5.41801
-5.41833
-5.41995
-5.42124
-5.42287
-5.42287
-5.42319
-5.42287
-5.42352
-5.4219
-5.42222
-5.42093
-5.41931
-5.41996
-5.4206
-5.42028
-5.41899
-5.41801
-5.41963
-5.42028
-5.42158
-5.42092
-5.41898
-5.41865
-5.41962
-5.41995
-5.42092
-5.42189
-5.42254
-5.42319
-5.4219
-5.42061
-5.42094
-5.42029
-5.42191
-5.42256
-5.4232
-5.42352
-5.42611
-5.42482
-5.42579
-5.4219
-5.42028
-5.41834
-5.41931
-5.41769
-5.41737
-5.41737
-5.41931
-5.41834
-5.41866
-5.41639
-5.41575
-5.41769
-5.41931
-5.42028
-5.42287
-5.42352
-5.42385
-5.4232
-5.42352
-5.42385
-5.42449
-5.42287
-5.42222
-5.42287
-5.42352
-5.42352
-5.42352
-5.42288
-5.4232
-5.42158
-5.42255
-5.42092
-5.42254
-5.42092
-5.41898
-5.41866
-5.41802
-5.41834
-5.41964
-5.42061
-5.41931
-5.42061
-5.42093
-5.42028
-5.41963
-5.41865
-5.41931
-5.41963
-5.41931
-5.42093
-5.42353
-5.42191
-5.42126
-5.42094
-5.42061
-5.42093
-5.42158
-5.41996
-5.41834
-5.42189
-5.42319
-5.42189
-5.42157
-5.4206
-5.42093
-5.42417
-5.42287
-5.42255
-5.42287
-5.42158
-5.42352
-5.42222
-5.42157
-5.4206
-5.42156
-5.42286
-5.42092
-5.42124
-5.4206
-5.42222
-5.42254
-5.42352
-5.42125
-5.41963
-5.41996
-5.4206
-5.42125
-5.42125
-5.42158
-5.42093
-5.41931
-5.4206
-5.42157
-5.42222
-5.41995
-5.41898
-5.42254
-5.42546
-5.42222
-5.42157
-5.42254
-5.42125
-5.42092
-5.42059
-5.42124
-5.41995
-5.41898
-5.41672
-5.4164
-5.41704
-5.41866
-5.41996
-5.41833
-5.41833
-5.41768
-5.41865
-5.41735
-5.41541
-5.41606
-5.41606
-5.41639
-5.41866
-5.41834
-5.41769
-5.42028
-5.42028
-5.42061
-5.42223
-5.42126
-5.4232
-5.42223
-5.4219
-5.42287
-5.4219
-5.42352
-5.42092
-5.42157
-5.42384
-5.42254
-5.42125
-5.41995
-5.41834
-5.41834
-5.41931
-5.41672
-5.41672
-5.41769
-5.41866
-5.41834
-5.41867
-5.41964
-5.41802
-5.41834
-5.41769
-5.41639
-5.41769
-5.41833
-5.41833
-5.41898
-5.41866
-5.41866
-5.41899
-5.41963
-5.42158
-5.42319
-5.42384
-5.42352
-5.42287
-5.42449
-5.42579
-5.4232
-5.42255
-5.42029
-5.41737
-5.41802
-5.41866
-5.41671
-5.41865
-5.41736
-5.41703
-5.41736
-5.418
-5.42027
-5.41995
-5.4206
-5.4206
-5.41834
-5.41996
-5.41996
-5.41963
-5.42061
-5.42287
-5.42352
-5.42287
-5.42254
-5.42319
-5.42481
-5.42287
-5.42254
-5.42352
-5.42125
-5.42028
-5.41898
-5.42028
-5.4206
-5.4206
-5.41898
-5.41898
-5.42125
-5.42093
-5.42449
-5.42416
-5.42417
-5.42481
-5.42579
-5.42546
-5.42482
-5.4232
-5.42287
-5.42061
-5.42061
-5.41899
-5.41898
-5.41704
-5.41866
-5.4193
-5.41833
-5.41963
-5.41801
-5.41898
-5.41898
-5.41866
-5.41866
-5.41963
-5.41802
-5.4164
-5.41316
-5.41316
-5.41542
-5.41769
-5.41996
-5.41834
-5.41867
-5.41996
-5.42093
-5.4219
-5.42385
-5.4219
-5.42223
-5.42191
-5.42255
-5.4232
-5.42223
-5.42157
-5.42028
-5.41865
-5.4193
-5.42222
-5.4206
-5.42158
-5.42061
-5.42061
-5.42028
-5.41996
-5.42158
-5.42158
-5.42222
-5.42125
-5.42093
-5.42222
-5.42189
-5.4219
-5.42222
-5.42125
-5.41995
-5.41963
-5.41995
-5.4206
-5.42092
-5.42125
-5.41963
-5.41834
-5.41737
-5.41834
-5.42028
-5.42158
-5.42352
-5.42125
-5.42125
-5.42254
-5.42189
-5.42125
-5.42254
-5.42124
-5.41962
-5.41865
-5.4193
-5.41994
-5.41832
-5.41768
-5.41768
-5.41704
-5.41931
-5.42157
-5.4206
-5.4193
-5.4193
-5.42092
-5.42059
-5.42221
-5.42156
-5.42221
-5.42221
-5.41994
-5.42124
-5.418
-5.41704
-5.41768
-5.41866
-5.41801
-5.41898
-5.41833
-5.41994
-5.41929
-5.41962
-5.41962
-5.42059
-5.41962
-5.4206
-5.4193
-5.41898
-5.41963
-5.4193
-5.41801
-5.41671
-5.4193
-5.42286
-5.42222
-5.42222
-5.42255
-5.42352
-5.42384
-5.42287
-5.42287
-5.41996
-5.41866
-5.42158
-5.42061
-5.41834
-5.41834
-5.41834
-5.41769
-5.41802
-5.4177
-5.41835
-5.41867
-5.41673
-5.41673
-5.4164
-5.41737
-5.41542
-5.41736
-5.41833
-5.42027
-5.41995
-5.42092
-5.41995
-5.42027
-5.41963
-5.42286
-5.41995
-5.4206
-5.42125
-5.42254
-5.42158
-5.4219
-5.42287
-5.42449
-5.42417
-5.42319
-5.42449
-5.42384
-5.42352
-5.42093
-5.42028
-5.41931
-5.41834
-5.41931
-5.41963
-5.42028
-5.41995
-5.4206
-5.42158
-5.42158
-5.4206
-5.42028
-5.42093
-5.42222
-5.4219
-5.42157
-5.41996
-5.42028
-5.42028
-5.42093
-5.42223
-5.42352
-5.42385
-5.42223
-5.42288
-5.42482
-5.42838
-5.42871
-5.42612
-5.42418
-5.42321
-5.42288
-5.42353
-5.42256
-5.42158
-5.42094
-5.42061
-5.41802
-5.41899
-5.41964
-5.41932
-5.42061
-5.42126
-5.42288
-5.42223
-5.42353
-5.42417
-5.42385
-5.4232
-5.42482
-5.42547
-5.42709
-5.42741
-5.42806
-5.42741
-5.42515
-5.42579
-5.42482
-5.4232
-5.42223
-5.4232
-5.42191
-5.42061
-5.41867
-5.41769
-5.41769
-5.41834
-5.41834
-5.42158
-5.42126
-5.42127
-5.42062
-5.42094
-5.42029
-5.42062
-5.42029
-5.42029
-5.41834
-5.41833
-5.41833
-5.4193
-5.41931
-5.41964
-5.42094
-5.42223
-5.42321
-5.42515
-5.42353
-5.42223
-5.42191
-5.42191
-5.42061
-5.42126
-5.41997
-5.41932
-5.41705
-5.4164
-5.41737
-5.41769
-5.41931
-5.41866
-5.41931
-5.41931
-5.42029
-5.41964
-5.41932
-5.419
-5.419
-5.41867
-5.41803
-5.419
-5.41932
-5.42061
-5.42061
-5.42029
-5.42029
-5.42061
-5.42029
-5.41867
-5.4177
-5.41834
-5.41867
-5.41867
-5.4177
-5.41899
-5.41802
-5.41997
-5.41997
-5.42062
-5.42224
-5.4245
-5.4245
-5.42256
-5.42321
-5.42159
-5.42353
-5.42483
-5.4245
-5.42321
-5.42224
-5.42094
-5.41997
-5.42159
-5.42192
-5.42127
-5.42094
-5.42126
-5.42061
-5.42029
-5.41932
-5.41964
-5.41965
-5.41835
-5.41835
-5.41868
-5.41868
-5.419
-5.42159
-5.42191
-5.42191
-5.42126
-5.42159
-5.41835
-5.41738
-5.41932
-5.42094
-5.42029
-5.42029
-5.42094
-5.41835
-5.42029
-5.42061
-5.41899
-5.42029
-5.42029
-5.41802
-5.41867
-5.41803
-5.41673
-5.41738
-5.41641
-5.4177
-5.41576
-5.41737
-5.41802
-5.41802
-5.41932
-5.42094
-5.42256
-5.42353
-5.42386
-5.42483
-5.42709
-5.42645
-5.42515
-5.42321
-5.42289
-5.42062
-5.41997
-5.42159
-5.42224
-5.42321
-5.42386
-5.42224
-5.41998
-5.41933
-5.41933
-5.41739
-5.41674
-5.41771
-5.41739
-5.41447
-5.41739
-5.41706
-5.41836
-5.41933
-5.41965
-5.4203
-5.41803
-5.41739
-5.41836
-5.41868
-5.41803
-5.41836
-5.41868
-5.41868
-5.419
-5.41867
-5.41933
-5.4203
-5.42127
-5.41998
-5.42063
-5.42031
-5.42193
-5.42031
-5.42063
-5.41966
-5.42096
-5.42096
-5.4216
-5.42322
-5.41998
-5.42095
-5.41998
-5.419
-5.4203
-5.41998
-5.41901
-5.41901
-5.41967
-5.41999
-5.42097
-5.41967
-5.41935
-5.41805
-5.41708
-5.4161
-5.41675
-5.41707
-5.41771
-5.41706
-5.41739
-5.41804
-5.41771
-5.41869
-5.41869
-5.41869
-5.41998
-5.42193
-5.42193
-5.42387
-5.42452
-5.42387
-5.42322
-5.4216
-5.42063
-5.41998
-5.42063
-5.42225
-5.42095
-5.42063
-5.4203
-5.41901
-5.41998
-5.42062
-5.41836
-5.41933
-5.42128
-5.42322
-5.42225
-5.41999
-5.41902
-5.41902
-5.41739
-5.41739
-5.41804
-5.41901
-5.41999
-5.42063
-5.41901
-5.41934
-5.41934
-5.41772
-5.41837
-5.41675
-5.41643
-5.4161
-5.41772
-5.41739
-5.41739
-5.41869
-5.41771
-5.41933
-5.41966
-5.41869
-5.42031
-5.41934
-5.42096
-5.42258
-5.42258
-5.42387
-5.42355
-5.42193
-5.42355
-5.42484
-5.42549
-5.42452
-5.42614
-5.42582
-5.42517
-5.42484
-5.42096
-5.42128
-5.41998
-5.42031
-5.41966
-5.41966
-5.42031
-5.41675
-5.41577
-5.41707
-5.4161
-5.41448
-5.41578
-5.41902
-5.41805
-5.41675
-5.41448
-5.4161
-5.41609
-5.41609
-5.41804
-5.41836
-5.41869
-5.41902
-5.4174
-5.41837
-5.4187
-5.42031
-5.41999
-5.41869
-5.42063
-5.41901
-5.41804
-5.41869
-5.42096
-5.42258
-5.42096
-5.42129
-5.42161
-5.42129
-5.42161
-5.41967
-5.42031
-5.42096
-5.41934
-5.41966
-5.4216
-5.42064
-5.42161
-5.42128
-5.42258
-5.42322
-5.42193
-5.42031
-5.41998
-5.41998
-5.41934
-5.41934
-5.41966
-5.41901
-5.42096
-5.41934
-5.42031
-5.41966
-5.42031
-5.42128
-5.42225
-5.42258
-5.42517
-5.4242
-5.42388
-5.42323
-5.42193
-5.42096
-5.42063
-5.42128
-5.41998
-5.42128
-5.41836
-5.41804
-5.42031
-5.41836
-5.41901
-5.41934
-5.41934
-5.42096
-5.42063
-5.41869
-5.41675
-5.41675
-5.41966
-5.4216
-5.42096
-5.42193
-5.42257
-5.42128
-5.41934
-5.41836
-5.41804
-5.41739
-5.41804
-5.41901
-5.41869
-5.41934
-5.42128
-5.42031
-5.41902
-5.41934
-5.42129
-5.42226
-5.42128
-5.42096
-5.42031
-5.4216
-5.42031
-5.42031
-5.42323
-5.42388
-5.42096
-5.42129
-5.42226
-5.42193
-5.42226
-5.4229
-5.4242
-5.42258
-5.42258
-5.42193
-5.42194
-5.42194
-5.42194
-5.42194
-5.42291
-5.42064
-5.42226
-5.42226
-5.42128
-5.42258
-5.42323
-5.42388
-5.42226
-5.42193
-5.42226
-5.42161
-5.42096
-5.41967
-5.42194
-5.42129
-5.42194
-5.42421
-5.42388
-5.42323
-5.42226
-5.42128
-5.42096
-5.42096
-5.42161
-5.42064
-5.42096
-5.41967
-5.41967
-5.41999
-5.41935
-5.42129
-5.42097
-5.42097
-5.42
-5.42064
-5.42129
-5.41837
-5.41578
-5.4174
-5.4174
-5.41837
-5.41999
-5.42
-5.42097
-5.41999
-5.41935
-5.41838
-5.41643
-5.4174
-5.4187
-5.41902
-5.42064
-5.42161
-5.42096
-5.41773
-5.41805
-5.41611
-5.4174
-5.41707
-5.41675
-5.4161
-5.41675
-5.41739
-5.41739
-5.41707
-5.4174
-5.41837
-5.42129
-5.42226
-5.4242
-5.42777
-5.42809
-5.42744
-5.42549
-5.42614
-5.42581
-5.42484
-5.42322
-5.42257
-5.42225
-5.42225
-5.42225
-5.42161
-5.42128
-5.42161
-5.42225
-5.42322
-5.4216
-5.4229
-5.42225
-5.42322
-5.42224
-5.42062
-5.419
-5.419
-5.41868
-5.41868
-5.41803
-5.41771
-5.41706
-5.41707
-5.41545
-5.41512
-5.41739
-5.41642
-5.41868
-5.41965
-5.42192
-5.42256
-5.42289
-5.42191
-5.42224
-5.42126
-5.41997
-5.41997
-5.42127
-5.42062
-5.42127
-5.41965
-5.41738
-5.41867
-5.42094
-5.42159
-5.42223
-5.42029
-5.41932
-5.41608
-5.41803
-5.41673
-5.41706
-5.41868
-5.41835
-5.419
-5.41997
-5.41997
-5.419
-5.419
-5.41964
-5.41964
-5.419
-5.41899
-5.41835
-5.41737
-5.41802
-5.41932
-5.419
-5.41802
-5.41673
-5.4164
-5.41705
-5.41738
-5.41673
-5.41803
-5.41835
-5.41835
-5.41835
-5.41738
-5.41705
-5.42061
-5.42191
-5.41964
-5.42158
-5.41964
-5.41964
-5.42062
-5.42094
-5.42191
-5.42256
-5.42191
-5.42256
-5.41867
-5.41932
-5.42061
-5.42029
-5.41737
-5.4164
-5.42029
-5.41835
-5.42126
-5.41932
-5.41997
-5.42126
-5.41996
-5.41802
-5.41899
-5.41802
-5.41996
-5.41932
-5.41899
-5.41996
-5.42159
-5.42159
-5.42126
-5.42159
-5.42418
-5.42385
-5.42417
-5.41964
-5.42126
-5.41997
-5.42126
-5.41997
-5.42126
-5.41932
-5.41964
-5.41835
-5.41834
-5.4177
-5.42028
-5.41899
-5.4177
-5.41737
-5.41737
-5.41899
-5.42028
-5.41964
-5.41899
-5.41996
-5.42158
-5.42093
-5.4232
-5.42222
-5.42255
-5.42158
-5.42223
-5.4219
-5.41899
-5.41931
-5.41899
-5.41899
-5.42061
-5.42061
-5.42223
-5.4219
-5.42157
-5.42222
-5.4219
-5.42319
-5.42287
-5.42319
-5.42157
-5.4206
-5.42028
-5.42125
-5.4219
-5.41963
-5.41996
-5.41899
-5.42093
-5.4177
-5.42061
-5.41964
-5.41932
-5.41835
-5.42029
-5.41931
-5.42061
-5.42028
-5.41963
-5.41964
-5.41931
-5.41899
-5.41964
-5.41899
-5.41964
-5.41867
-5.41867
-5.41835
-5.41867
-5.41738
-5.4177
-5.41673
-5.41608
-5.41705
-5.41608
-5.41608
-5.419
-5.42127
-5.41932
-5.41965
-5.41997
-5.41997
-5.41803
-5.41738
-5.41543
-5.41705
-5.41705
-5.41802
-5.419
-5.42094
-5.42126
-5.42159
-5.42094
-5.42094
-5.42353
-5.4245
-5.42515
-5.42548
-5.42387
-5.42419
-5.42354
-5.42257
-5.42127
-5.42127
-5.4203
-5.4203
-5.41738
-5.41836
-5.41803
-5.41706
-5.41544
-5.41577
-5.41544
-5.41512
-5.41868
-5.41933
-5.41771
-5.41771
-5.41933
-5.4203
-5.42127
-5.42191
-5.42159
-5.42224
-5.42159
-5.42224
-5.42192
-5.42128
-5.42322
-5.42354
-5.42289
-5.42192
-5.42094
-5.42094
-5.41932
-5.41705
-5.41803
-5.41835
-5.41739
-5.41771
-5.41836
-5.41868
-5.41803
-5.41836
-5.41706
-5.41577
-5.41512
-5.41674
-5.41771
-5.41771
-5.41738
-5.41738
-5.4177
-5.41803
-5.4177
-5.4177
-5.41868
-5.41997
-5.41965
-5.41771
-5.41835
-5.41867
-5.42094
-5.41932
-5.42029
-5.41738
-5.41609
-5.41512
-5.41414
-5.41512
-5.41706
-5.41803
-5.41933
-5.41868
-5.41933
-5.41932
-5.41608
-5.41511
-5.41705
-5.41932
-5.4177
-5.41835
-5.41803
-5.4177
-5.41835
-5.41965
-5.41933
-5.41998
-5.41998
-5.4203
-5.42095
-5.42191
-5.42062
-5.42126
-5.42061
-5.41997
-5.42159
-5.42451
-5.42225
-5.42192
-5.42095
-5.42095
-5.42062
-5.41835
-5.41803
-5.41641
-5.41641
-5.41641
-5.41674
-5.41803
-5.41609
-5.41868
-5.41933
-5.41869
-5.41804
-5.41642
-5.41577
-5.41609
-5.41544
-5.41544
-5.41544
-5.41738
-5.41803
-5.41738
-5.42029
-5.42224
-5.42094
-5.42095
-5.42095
-5.42095
-5.42095
-5.4203
-5.4203
-5.41868
-5.4203
-5.42192
-5.41997
-5.42062
-5.42127
-5.42159
-5.42192
-5.42256
-5.42062
-5.42127
-5.42127
-5.42062
-5.42095
-5.42192
-5.42256
-5.42159
-5.42159
-5.42094
-5.41997
-5.42094
-5.42062
-5.42127
-5.42159
-5.42126
-5.42159
-5.42321
-5.42224
-5.42127
-5.41965
-5.42192
-5.42192
-5.42289
-5.42322
-5.42289
-5.42386
-5.4216
-5.42224
-5.42159
-5.42062
-5.42062
-5.41965
-5.41673
-5.41479
-5.41479
-5.41673
-5.41673
-5.41674
-5.41933
-5.41965
-5.4203
-5.42095
-5.42127
-5.42094
-5.42094
-5.42094
-5.42126
-5.41867
-5.4177
-5.4177
-5.41706
-5.41835
-5.41997
-5.4203
-5.42224
-5.42127
-5.41997
-5.41964
-5.41867
-5.41867
-5.42029
-5.41932
-5.41965
-5.41932
-5.42061
-5.42093
-5.42061
-5.42255
-5.42483
-5.42386
-5.42289
-5.42322
-5.42225
-5.42224
-5.42224
-5.42095
-5.42127
-5.42127
-5.42192
-5.4203
-5.42127
-5.41933
-5.4203
-5.41738
-5.41608
-5.41608
-5.41673
-5.41802
-5.42191
-5.42062
-5.41932
-5.4177
-5.41738
-5.41997
-5.42224
-5.4203
-5.41998
-5.41836
-5.41869
-5.41771
-5.41609
-5.41576
-5.41641
-5.41511
-5.41608
-5.41479
-5.41511
-5.41608
-5.41641
-5.41511
-5.41414
-5.41349
-5.41382
-5.41252
-5.41284
-5.41349
-5.41608
-5.41835
-5.41867
-5.41997
-5.41997
-5.41933
-5.41965
-5.42224
-5.42289
-5.42321
-5.42256
-5.42062
-5.42062
-5.41965
-5.41933
-5.42159
-5.42224
-5.42191
-5.42126
-5.42028
-5.42093
-5.42028
-5.41834
-5.41996
-5.42158
-5.41997
-5.41964
-5.41835
-5.41932
-5.41965
-5.41965
-5.42062
-5.42127
-5.42191
-5.41965
-5.42191
-5.42126
-5.41932
-5.42061
-5.42159
-5.41997
-5.41803
-5.419
-5.41997
-5.4203
-5.41997
-5.42159
-5.42191
-5.42321
-5.4232
-5.42417
-5.42352
-5.42482
-5.42288
-5.4232
-5.42288
-5.42255
-5.42222
-5.4219
-5.4206
-5.42222
-5.42255
-5.42125
-5.4219
-5.41997
-5.41965
-5.4203
-5.41868
-5.41836
-5.41738
-5.41997
-5.41965
-5.41705
-5.41673
-5.41867
-5.41834
-5.41931
-5.41964
-5.41932
-5.42126
-5.41964
-5.41932
-5.42127
-5.42127
-5.41933
-5.41933
-5.42094
-5.42191
-5.42159
-5.42126
-5.42127
-5.42159
-5.42127
-5.42094
-5.4203
-5.42191
-5.42094
-5.42126
-5.42159
-5.42127
-5.42095
-5.4203
-5.41933
-5.41933
-5.42095
-5.41966
-5.41998
-5.41869
-5.41901
-5.41901
-5.41869
-5.41836
-5.41933
-5.41966
-5.42127
-5.42257
-5.42127
-5.42095
-5.41836
-5.41998
-5.41933
-5.41966
-5.41836
-5.41901
-5.41771
-5.41609
-5.41771
-5.41803
-5.41738
-5.41803
-5.419
-5.41901
-5.41998
-5.42127
-5.419
-5.41674
-5.41706
-5.41804
-5.41609
-5.41706
-5.41739
-5.41771
-5.41868
-5.41868
-5.41836
-5.41803
-5.41901
-5.41933
-5.41869
-5.41933
-5.41933
-5.41998
-5.41998
-5.41998
-5.41868
-5.42095
-5.41966
-5.41804
-5.41966
-5.41869
-5.41966
-5.42096
-5.42096
-5.42161
-5.42096
-5.42226
-5.42323
-5.41935
-5.42064
-5.41999
-5.41999
-5.42031
-5.42031
-5.42063
-5.42192
-5.42257
-5.42225
-5.42096
-5.41999
-5.42128
-5.42258
-5.42096
-5.41902
-5.41902
-5.42031
-5.41999
-5.41999
-5.42063
-5.42193
-5.4216
-5.42128
-5.42161
-5.42226
-5.42193
-5.42031
-5.42096
-5.41934
-5.41837
-5.41837
-5.41837
-5.41675
-5.41675
-5.41643
-5.41578
-5.41643
-5.41708
-5.41934
-5.4174
-5.41708
-5.41772
-5.41837
-5.41545
-5.41416
-5.41513
-5.41739
-5.42031
-5.41966
-5.41999
-5.41967
-5.42064
-5.42129
-5.42064
-5.41999
-5.41773
-5.42129
-5.42097
-5.42129
-5.42032
-5.42129
-5.42032
-5.42096
-5.41902
-5.41902
-5.41967
-5.42064
-5.4187
-5.41805
-5.4187
-5.41935
-5.42032
-5.41903
-5.41935
-5.42129
-5.42097
-5.42097
-5.42259
-5.42226
-5.42227
-5.42194
-5.4213
-5.42033
-5.42162
-5.42098
-5.42
-5.42162
-5.42032
-5.41967
-5.42194
-5.42323
-5.42129
-5.42259
-5.42259
-5.42259
-5.42259
-5.42194
-5.42032
-5.42162
-5.42195
-5.42162
-5.42292
-5.42324
-5.42324
-5.42194
-5.41967
-5.41934
-5.41869
-5.41934
-5.41902
-5.4187
-5.41773
-5.41838
-5.41741
-5.41968
-5.42097
-5.41903
-5.4187
-5.4187
-5.41967
-5.41935
-5.41967
-5.42226
-5.42032
-5.42161
-5.41967
-5.41935
-5.41935
-5.41903
-5.42064
-5.42
-5.41935
-5.41902
-5.42064
-5.4187
-5.41935
-5.41806
-5.41644
-5.41514
-5.41482
-5.41579
-5.41676
-5.41579
-5.41676
-5.41611
-5.41611
-5.41772
-5.41708
-5.41773
-5.4187
-5.41838
-5.41935
-5.42
-5.42
-5.41708
-5.41968
-5.42097
-5.42064
-5.4187
-5.41967
-5.4187
-5.41708
-5.41902
-5.41837
-5.41773
-5.42032
-5.42097
-5.42065
-5.42162
-5.42097
-5.42291
-5.42518
-5.42453
-5.42485
-5.4255
-5.42356
-5.42323
-5.42129
-5.42227
-5.42194
-5.4187
-5.41579
-5.41449
-5.41481
-5.41773
-5.4187
-5.41741
-5.41709
-5.41676
-5.41708
-5.41805
-5.41805
-5.41967
-5.41967
-5.42
-5.42064
-5.42129
-5.42097
-5.42129
-5.42388
-5.42355
-5.42291
-5.42323
-5.42161
-5.42032
-5.41934
-5.41611
-5.41837
-5.41935
-5.42194
-5.42162
-5.41967
-5.4187
-5.41935
-5.41902
-5.41805
-5.41838
-5.41935
-5.42097
-5.42162
-5.42065
-5.41936
-5.42098
-5.4213
-5.42324
-5.42291
-5.42291
-5.42129
-5.42226
-5.42129
-5.41935
-5.41708
-5.41708
-5.41644
-5.41547
-5.41547
-5.41806
-5.41806
-5.41838
-5.41773
-5.41967
-5.41968
-5.41968
-5.41903
-5.41871
-5.42194
-5.42129
-5.42194
-5.42032
-5.42291
-5.4242
-5.42388
-5.42388
-5.42355
-5.42355
-5.42453
-5.42517
-5.42582
-5.4255
-5.42517
-5.42614
-5.42712
-5.42355
-5.42453
-5.42226
-5.42161
-5.42194
-5.42129
-5.42161
-5.42032
-5.41934
-5.41934
-5.41902
-5.41999
-5.41902
-5.41837
-5.41837
-5.41675
-5.4161
-5.41416
-5.41514
-5.41546
-5.41611
-5.41675
-5.41773
-5.42064
-5.42258
-5.42226
-5.42161
-5.42291
-5.42194
-5.42
-5.41838
-5.41579
-5.41676
-5.41612
-5.41838
-5.42129
-5.42129
-5.42129
-5.42032
-5.4187
-5.41805
-5.41838
-5.42032
-5.41806
-5.41968
-5.41773
-5.41838
-5.41837
-5.41837
-5.41708
-5.41903
-5.4213
-5.42097
-5.42
-5.42129
-5.42291
-5.42096
-5.42161
-5.41999
-5.42
-5.4187
-5.41838
-5.42
-5.41837
-5.41675
-5.41643
-5.4174
-5.41644
-5.41644
-5.41935
-5.4213
-5.42324
-5.42162
-5.42065
-5.42098
-5.42033
-5.41936
-5.41903
-5.41936
-5.41968
-5.41936
-5.41741
-5.41903
-5.41871
-5.41936
-5.42
-5.41709
-5.41903
-5.41936
-5.42001
-5.41807
-5.41937
-5.42066
-5.41937
-5.41807
-5.41872
-5.42033
-5.41968
-5.41677
-5.41645
-5.41709
-5.41839
-5.41709
-5.41806
-5.41709
-5.41741
-5.41612
-5.41515
-5.41515
-5.41482
-5.41644
-5.41903
-5.41806
-5.41871
-5.42033
-5.42066
-5.41839
-5.41774
-5.41904
-5.41872
-5.41742
-5.41936
-5.41676
-5.4187
-5.42032
-5.42032
-5.42032
-5.41935
-5.41871
-5.41968
-5.42
-5.42065
-5.42
-5.4213
-5.42259
-5.42259
-5.42227
-5.42
-5.42033
-5.41741
-5.41676
-5.41806
-5.41515
-5.41709
-5.41774
-5.41936
-5.41871
-5.41839
-5.41936
-5.42033
-5.42065
-5.42033
-5.42259
-5.42162
-5.42162
-5.42195
-5.42324
-5.42162
-5.4213
-5.4226
-5.42065
-5.42098
-5.4213
-5.41774
-5.41709
-5.41741
-5.41838
-5.41838
-5.41773
-5.41741
-5.41676
-5.41676
-5.41741
-5.41612
-5.4158
-5.41515
-5.41418
-5.41483
-5.4158
-5.41644
-5.41806
-5.41968
-5.42033
-5.41968
-5.42
-5.42064
-5.41999
-5.4187
-5.4187
-5.41805
-5.42129
-5.42129
-5.42097
-5.41903
-5.42162
-5.41839
-5.42033
-5.41871
-5.41676
-5.41676
-5.41708
-5.41676
-5.41837
-5.42096
-5.42096
-5.4187
-5.4187
-5.41708
-5.41773
-5.41935
-5.41773
-5.41968
-5.41838
-5.41579
-5.41611
-5.41449
-5.41449
-5.4161
-5.41578
-5.41513
-5.41675
-5.41708
-5.41611
-5.41675
-5.41805
-5.41805
-5.41805
-5.41902
-5.42161
-5.42226
-5.42194
-5.42388
-5.42291
-5.42323
-5.42518
-5.42356
-5.42162
-5.42291
-5.4242
-5.4242
-5.42453
-5.42485
-5.42259
-5.42064
-5.42
-5.42161
-5.42032
-5.41902
-5.41999
-5.41643
-5.41837
-5.41967
-5.4187
-5.4187
-5.41806
-5.41968
-5.42
-5.41968
-5.41741
-5.41838
-5.41676
-5.41547
-5.41482
-5.41482
-5.41644
-5.41611
-5.41806
-5.41676
-5.41579
-5.41676
-5.41708
-5.4174
-5.41675
-5.41642
-5.41707
-5.41675
-5.4161
-5.41643
-5.41837
-5.42032
-5.42162
-5.4213
-5.42195
-5.42195
-5.42259
-5.42162
-5.42259
-5.42226
-5.42323
-5.42291
-5.42226
-5.42161
-5.42161
-5.42225
-5.42323
-5.42258
-5.42323
-5.4229
-5.42096
-5.42032
-5.4187
-5.42
-5.41968
-5.4187
-5.41967
-5.42032
-5.41967
-5.42064
-5.41999
-5.41999
-5.42096
-5.41967
-5.41675
-5.41708
-5.4187
-5.4187
-5.4187
-5.41935
-5.41934
-5.4174
-5.41481
-5.41481
-5.41643
-5.41579
-5.41384
-5.41449
-5.41579
-5.41676
-5.41612
-5.41417
-5.4132
-5.41417
-5.41481
-5.41416
-5.41546
-5.4174
-5.41772
-5.41902
-5.41967
-5.42129
-5.42226
-5.42032
-5.41838
-5.41935
-5.42129
-5.42129
-5.42
-5.42356
-5.42291
-5.42226
-5.42194
-5.42129
-5.41902
-5.41773
-5.42096
-5.42129
-5.42161
-5.42161
-5.42161
-5.42
-5.41773
-5.41806
-5.41676
-5.41676
-5.41676
-5.41773
-5.41773
-5.41871
-5.41838
-5.41936
-5.41903
-5.41514
-5.41741
-5.41805
-5.41935
-5.41838
-5.41741
-5.41676
-5.41708
-5.41805
-5.4187
-5.41903
-5.42
-5.42098
-5.42324
-5.42324
-5.4226
-5.42194
-5.42323
-5.42128
-5.41901
-5.41966
-5.41999
-5.42
-5.41838
-5.41773
-5.41514
-5.41546
-5.41578
-5.41481
-5.41222
-5.4132
-5.41514
-5.41611
-5.41514
-5.41643
-5.4174
-5.41675
-5.41869
-5.41869
-5.42095
-5.42192
-5.42095
-5.42063
-5.42258
-5.42096
-5.42291
-5.42258
-5.42259
-5.42227
-5.42291
-5.42226
-5.42258
-5.4229
-5.42063
-5.42063
-5.42096
-5.41999
-5.42258
-5.42031
-5.4187
-5.41902
-5.42128
-5.42128
-5.42128
-5.41934
-5.41966
-5.41998
-5.42095
-5.42095
-5.42063
-5.41902
-5.41999
-5.42259
-5.42129
-5.42291
-5.42194
-5.42129
-5.41999
-5.41966
-5.42095
-5.42063
-5.41999
-5.42129
-5.42226
-5.42226
-5.42162
-5.42356
-5.42258
-5.42518
-5.42485
-5.4242
-5.42226
-5.42064
-5.42194
-5.42064
-5.42161
-5.42193
-5.41999
-5.42096
-5.41999
-5.41837
-5.41934
-5.42096
-5.42161
-5.42161
-5.42258
-5.42258
-5.41999
-5.42032
-5.42032
-5.42064
-5.42064
-5.42064
-5.41805
-5.41707
-5.41675
-5.41708
-5.4187
-5.41837
-5.42
-5.42064
-5.42031
-5.42257
-5.41966
-5.41999
-5.41902
-5.41837
-5.41837
-5.41934
-5.42128
-5.41934
-5.41934
-5.41901
-5.41966
-5.41966
-5.41966
-5.41934
-5.42031
-5.42063
-5.41967
-5.4187
-5.42
-5.42129
-5.42064
-5.42291
-5.4229
-5.42484
-5.42516
-5.42354
-5.42354
-5.42581
-5.42711
-5.42484
-5.42679
-5.42646
-5.42452
-5.42453
-5.42517
-5.42452
-5.42485
-5.42388
-5.42355
-5.4229
-5.42128
-5.41837
-5.41804
-5.4161
-5.41675
-5.41804
-5.4174
-5.41643
-5.41772
-5.41902
-5.41902
-5.4187
-5.4187
-5.41805
-5.42032
-5.41966
-5.4174
-5.41707
-5.41739
-5.41739
-5.41804
-5.41675
-5.41707
-5.41902
-5.41967
-5.41967
-5.41999
-5.42161
-5.42259
-5.42064
-5.4187
-5.41805
-5.41643
-5.41513
-5.41351
-5.41351
-5.41545
-5.41707
-5.4161
-5.41577
-5.41707
-5.41739
-5.41933
-5.41868
-5.41966
-5.41966
-5.41902
-5.41837
-5.42129
-5.42226
-5.42259
-5.41967
-5.41999
-5.42063
-5.42031
-5.42289
-5.42354
-5.42386
-5.42289
-5.41901
-5.41934
-5.42161
-5.42355
-5.42388
-5.42647
-5.42485
-5.4255
-5.42226
-5.42064
-5.42
-5.41967
-5.41967
-5.41967
-5.42193
-5.42258
-5.42257
-5.4216
-5.42095
-5.42161
-5.42064
-5.42
-5.41903
-5.41935
-5.42324
-5.42259
-5.42129
-5.42129
-5.42064
-5.42064
-5.42193
-5.42387
-5.42193
-5.42064
-5.41902
-5.41675
-5.41805
-5.41869
-5.41934
-5.41934
-5.41805
-5.41837
-5.41772
-5.41967
-5.41902
-5.41902
-5.42064
-5.42323
-5.42258
-5.42323
-5.4229
-5.4242
-5.42582
-5.42453
-5.42323
-5.4242
-5.42291
-5.42323
-5.42225
-5.42419
-5.42484
-5.4229
-5.42257
-5.42031
-5.41999
-5.41837
-5.41805
-5.41934
-5.42031
-5.41999
-5.41967
-5.41999
-5.42096
-5.42096
-5.41934
-5.41837
-5.41772
-5.41642
-5.41804
-5.41934
-5.41934
-5.41902
-5.41999
-5.42064
-5.42258
-5.42355
-5.42355
-5.42258
-5.42161
-5.41999
-5.42064
-5.41967
-5.41902
-5.41967
-5.41934
-5.42129
-5.42129
-5.42258
-5.42064
-5.41838
-5.41968
-5.42032
-5.41838
-5.41838
-5.42032
-5.4187
-5.41741
-5.4174
-5.41611
-5.41611
-5.41935
-5.41967
-5.41676
-5.41805
-5.42
-5.41967
-5.42161
-5.42323
-5.42323
-5.42388
-5.4242
-5.42485
-5.42355
-5.42258
-5.42194
-5.41999
-5.41967
-5.41967
-5.41902
-5.4187
-5.41806
-5.41773
-5.41838
-5.41806
-5.41709
-5.41935
-5.41773
-5.41805
-5.41935
-5.41968
-5.42259
-5.42162
-5.41902
-5.41999
-5.41967
-5.41967
-5.42033
-5.42033
-5.42098
-5.41839
-5.41936
-5.4213
-5.42324
-5.42453
-5.42453
-5.42388
-5.42161
-5.42259
-5.42097
-5.42129
-5.42129
-5.42064
-5.41934
-5.41902
-5.41838
-5.42162
-5.42065
-5.42227
-5.42324
-5.42291
-5.42388
-5.42259
-5.42194
-5.42421
-5.42453
-5.42259
-5.42453
-5.42323
-5.42258
-5.42258
-5.42355
-5.4255
-5.42323
-5.42258
-5.42226
-5.42356
-5.42162
-5.4187
-5.41676
-5.41708
-5.41741
-5.41773
-5.41837
-5.42031
-5.42063
-5.41869
-5.41869
-5.41901
-5.42063
-5.42128
-5.42031
-5.42129
-5.41967
-5.41903
-5.41903
-5.41838
-5.41903
-5.41902
-5.41902
-5.41675
-5.41836
-5.41998
-5.41966
-5.42096
-5.42064
-5.41967
-5.4187
-5.42032
-5.42065
-5.42033
-5.42097
-5.42162
-5.42259
-5.42292
-5.42292
-5.42097
-5.41871
-5.41935
-5.41968
-5.42032
-5.42065
-5.42194
-5.42323
-5.4255
-5.42485
-5.42582
-5.42485
-5.42549
-5.42485
-5.42323
-5.42323
-5.42227
-5.42097
-5.41838
-5.41838
-5.41967
-5.41902
-5.41869
-5.41739
-5.4174
-5.41902
-5.41902
-5.42161
-5.42129
-5.42096
-5.4242
-5.42485
-5.42291
-5.42128
-5.42193
-5.42225
-5.42063
-5.42128
-5.42129
-5.42356
-5.42323
-5.42388
-5.42453
-5.42226
-5.42031
-5.41934
-5.41869
-5.41804
-5.41642
-5.41739
-5.41836
-5.41772
-5.41934
-5.42064
-5.42194
-5.41902
-5.41773
-5.41999
-5.41966
-5.41999
-5.42031
-5.42193
-5.42129
-5.41999
-5.42226
-5.42323
-5.4242
-5.42355
-5.42161
-5.42323
-5.42355
-5.4242
-5.42388
-5.42291
-5.42096
-5.41966
-5.41999
-5.42063
-5.41934
-5.41967
-5.41934
-5.41934
-5.41934
-5.41869
-5.41902
-5.41934
-5.41773
-5.41773
-5.41838
-5.41773
-5.41805
-5.41837
-5.41773
-5.42032
-5.41935
-5.4174
-5.41999
-5.41934
-5.42032
-5.42032
-5.42064
-5.4187
-5.42032
-5.41902
-5.41935
-5.41902
-5.41805
-5.41643
-5.41449
-5.41384
-5.41222
-5.41384
-5.41643
-5.41643
-5.41838
-5.41935
-5.41935
-5.41838
-5.41806
-5.41644
-5.41968
-5.4213
-5.42129
-5.41935
-5.41967
-5.42032
-5.41967
-5.42161
-5.41967
-5.41903
-5.41773
-5.4187
-5.41741
-5.41708
-5.41902
-5.4187
-5.41643
-5.41611
-5.41772
-5.41967
-5.42064
-5.42355
-5.42388
-5.42421
-5.4268
-5.4255
-5.42486
-5.42421
-5.42324
-5.42259
-5.42356
-5.42324
-5.42518
-5.4242
-5.42453
-5.4242
-5.42291
-5.42064
-5.42162
-5.42162
-5.41903
-5.41774
-5.41936
-5.41741
-5.42065
-5.42
-5.42065
-5.42227
-5.42194
-5.42032
-5.42129
-5.42226
-5.42258
-5.42161
-5.41967
-5.4187
-5.42032
-5.41903
-5.41935
-5.42097
-5.42097
-5.42064
-5.42032
-5.42097
-5.42259
-5.42291
-5.42324
-5.42388
-5.42324
-5.42129
-5.42291
-5.42291
-5.42227
-5.42162
-5.41935
-5.4187
-5.41805
-5.41805
-5.42097
-5.42194
-5.4213
-5.4213
-5.42097
-5.42032
-5.42032
-5.42096
-5.41837
-5.4187
-5.41741
-5.41935
-5.41935
-5.4187
-5.41902
-5.41805
-5.41611
-5.41676
-5.41838
-5.4187
-5.41935
-5.42064
-5.4187
-5.4187
-5.41999
-5.41967
-5.42064
-5.41838
-5.41676
-5.41676
-5.41741
-5.41935
-5.41935
-5.41935
-5.4187
-5.4187
-5.41968
-5.41936
-5.41871
-5.41871
-5.42097
-5.42065
-5.42162
-5.42162
-5.42162
-5.42097
-5.42162
-5.42
-5.41935
-5.42097
-5.42194
-5.42032
-5.41902
-5.4187
-5.41806
-5.41838
-5.41871
-5.41871
-5.41709
-5.41806
-5.41644
-5.41644
-5.41676
-5.41838
-5.41708
-5.41546
-5.41579
-5.41805
-5.41935
-5.42129
-5.42162
-5.42388
-5.42453
-5.42291
-5.42226
-5.42194
-5.42032
-5.42064
-5.41935
-5.41902
-5.42
-5.42032
-5.42032
-5.42032
-5.42
-5.42064
-5.42129
-5.42065
-5.41967
-5.41644
-5.41741
-5.41708
-5.41676
-5.41579
-5.41547
-5.41547
-5.41547
-5.41612
-5.41579
-5.41547
-5.41644
-5.41547
-5.41644
-5.41871
-5.41773
-5.41935
-5.41935
-5.42032
-5.41903
-5.41935
-5.41903
-5.41838
-5.4187
-5.41935
-5.41838
-5.41968
-5.42194
-5.42032
-5.42162
-5.42064
-5.41935
-5.42129
-5.41999
-5.41967
-5.41805
-5.41967
-5.41967
-5.42032
-5.42032
-5.4187
-5.42032
-5.41999
-5.41837
-5.41967
-5.41805
-5.41934
-5.41967
-5.41999
-5.42096
-5.42323
-5.42226
-5.42258
-5.42129
-5.42129
-5.42194
-5.42291
-5.42226
-5.42259
-5.42356
-5.42097
-5.41967
-5.42031
-5.41967
-5.41869
-5.41837
-5.41999
-5.42225
-5.42096
-5.41999
-5.42096
-5.42193
-5.4229
-5.42031
-5.41966
-5.41836
-5.41836
-5.41965
-5.41998
-5.4203
-5.42095
-5.419
-5.41901
-5.41901
-5.41966
-5.41901
-5.42128
-5.42031
-5.42193
-5.42063
-5.42063
-5.42257
-5.42257
-5.42321
-5.42256
-5.42062
-5.41932
-5.4203
-5.42095
-5.4216
-5.42095
-5.41998
-5.42095
-5.42095
-5.41901
-5.41868
-5.42322
-5.42451
-5.42581
-5.42613
-5.42645
-5.42613
-5.42581
-5.42516
-5.42484
-5.42322
-5.42516
-5.42321
-5.42224
-5.42224
-5.42192
-5.4203
-5.41933
-5.41869
-5.42063
-5.41933
-5.41933
-5.4203
-5.41965
-5.419
-5.42094
-5.41868
-5.41933
-5.42062
-5.42159
-5.41965
-5.4203
-5.41998
-5.41998
-5.419
-5.41998
-5.42062
-5.41771
-5.41933
-5.41933
-5.41868
-5.41803
-5.41771
-5.41771
-5.41835
-5.41997
-5.41803
-5.42127
-5.41933
-5.41997
-5.41933
-5.41933
-5.41901
-5.41933
-5.42095
-5.42224
-5.4203
-5.4203
-5.41997
-5.4203
-5.42062
-5.42127
-5.42062
-5.42062
-5.42192
-5.42224
-5.4216
-5.41998
-5.41966
-5.41836
-5.41771
-5.41739
-5.41771
-5.41836
-5.419
-5.42127
-5.4216
-5.42095
-5.41966
-5.42063
-5.41998
-5.41998
-5.42225
-5.42289
-5.42192
-5.42354
-5.42387
-5.42322
-5.42387
-5.42387
-5.42128
-5.42193
-5.42225
-5.41966
-5.42128
-5.41804
-5.41739
-5.41836
-5.42063
-5.41869
-5.41837
-5.41998
-5.41837
-5.41934
-5.41804
-5.41901
-5.41869
-5.41869
-5.41674
-5.41642
-5.41415
-5.41642
-5.41771
-5.41771
-5.41868
-5.41868
-5.41997
-5.4203
-5.41965
-5.42062
-5.42095
-5.4203
-5.42063
-5.41868
-5.41771
-5.41868
-5.419
-5.42159
-5.4177
-5.41802
-5.41867
-5.41608
-5.41705
-5.41932
-5.41932
-5.419
-5.41835
-5.41868
-5.41997
-5.41835
-5.41965
-5.42062
-5.42224
-5.42159
-5.42191
-5.42159
-5.42029
-5.42029
-5.42061
-5.41867
-5.41834
-5.41802
-5.41834
-5.42061
-5.42062
-5.41835
-5.41868
-5.41803
-5.41771
-5.42094
-5.42029
-5.42127
-5.42224
-5.42353
-5.42256
-5.42418
-5.42515
-5.42256
-5.42257
-5.42224
-5.42224
-5.42127
-5.41965
-5.42062
-5.42029
-5.4177
-5.41835
-5.42095
-5.42095
-5.41933
-5.42031
-5.41966
-5.42128
-5.42031
-5.42031
-5.42096
-5.41771
-5.41869
-5.41836
-5.41868
-5.41868
-5.41868
-5.41771
-5.41739
-5.41966
-5.42031
-5.4216
-5.4216
-5.42192
-5.42354
-5.42192
-5.42257
-5.42225
-5.4216
-5.4216
-5.42193
-5.42031
-5.42064
-5.42031
-5.41902
-5.41805
-5.41966
-5.41966
-5.41901
-5.4161
-5.4161
-5.41642
-5.41772
-5.41902
-5.4174
-5.4161
-5.41578
-5.41707
-5.41869
-5.41415
-5.41512
-5.41577
-5.41642
-5.41577
-5.4161
-5.41837
-5.41837
-5.41934
-5.42096
-5.42161
-5.42128
-5.42063
-5.42095
-5.41803
-5.41868
-5.41901
-5.41868
-5.4203
-5.42062
-5.42062
-5.42062
-5.42353
-5.42192
-5.42127
-5.42095
-5.4216
-5.41998
-5.41966
-5.4203
-5.42062
-5.42095
-5.42191
-5.41964
-5.41964
-5.42029
-5.42255
-5.42256
-5.42288
-5.41964
-5.41965
-5.419
-5.4203
-5.42062
-5.42159
-5.42192
-5.42062
-5.41901
-5.41868
-5.41739
-5.41577
-5.4148
-5.41577
-5.41447
-5.41447
-5.41253
-5.41479
-5.41415
-5.41512
-5.41674
-5.41641
-5.41932
-5.419
-5.42061
-5.41997
-5.42029
-5.41997
-5.42483
-5.42516
-5.42322
-5.4216
-5.4229
-5.42225
-5.42127
-5.42062
-5.42256
-5.42288
-5.42256
-5.42223
-5.42191
-5.42385
-5.42191
-5.41997
-5.42062
-5.41836
-5.41836
-5.41868
-5.41771
-5.419
-5.41932
-5.41932
-5.42191
-5.42159
-5.42029
-5.41802
-5.4177
-5.41803
-5.41997
-5.41997
-5.42127
-5.42127
-5.42159
-5.42159
-5.42126
-5.42029
-5.41997
-5.42062
-5.42223
-5.42255
-5.42385
-5.4232
-5.4232
-5.42126
-5.41997
-5.42223
-5.42223
-5.42353
-5.42417
-5.4232
-5.4232
-5.42159
-5.42224
-5.42256
-5.42224
-5.42159
-5.42094
-5.41964
-5.42029
-5.42029
-5.41899
-5.41867
-5.41738
-5.4177
-5.41738
-5.41609
-5.41835
-5.41868
-5.41932
-5.41835
-5.41964
-5.41932
-5.41803
-5.41964
-5.42126
-5.42159
-5.42191
-5.42126
-5.41997
-5.41965
-5.41998
-5.41965
-5.42062
-5.4203
-5.419
-5.4177
-5.41965
-5.42094
-5.42029
-5.42126
-5.42094
-5.41802
-5.41867
-5.419
-5.42095
-5.42095
-5.41998
-5.41836
-5.41577
-5.41545
-5.41545
-5.41868
-5.41868
-5.41836
-5.41771
-5.41835
-5.419
-5.41835
-5.41835
-5.41771
-5.41771
-5.41674
-5.41641
-5.41544
-5.41512
-5.41544
-5.41577
-5.41285
-5.4135
-5.41188
-5.41382
-5.4135
-5.41414
-5.41349
-5.41478
-5.41511
-5.41446
-5.41511
-5.41608
-5.41479
-5.41479
-5.41706
-5.41706
-5.41965
-5.419
-5.42159
-5.42256
-5.42224
-5.42353
-5.42094
-5.42062
-5.41867
-5.41835
-5.41932
-5.41899
-5.42061
-5.41737
-5.41672
-5.41737
-5.41834
-5.42126
-5.41997
-5.41933
-5.41965
-5.42062
-5.42094
-5.42029
-5.42029
-5.41899
-5.4177
-5.41932
-5.42159
-5.41933
-5.4203
-5.41933
-5.41933
-5.42062
-5.42127
-5.42094
-5.41965
-5.41868
-5.41965
-5.42062
-5.42062
-5.42191
-5.42191
-5.42223
-5.42159
-5.42289
-5.42192
-5.4216
-5.42289
-5.42289
-5.42095
-5.42419
-5.42451
-5.42353
-5.42094
-5.42191
-5.42256
-5.42224
-5.42353
-5.42418
-5.42256
-5.42095
-5.41965
-5.42062
-5.419
-5.41771
-5.41673
-5.41803
-5.41738
-5.41835
-5.41835
-5.41641
-5.41705
-5.41803
-5.41803
-5.42029
-5.41965
-5.42127
-5.42191
-5.42256
-5.42353
-5.42483
-5.42483
-5.42451
-5.42483
-5.42612
-5.42709
-5.42612
-5.42612
-5.42612
-5.42482
-5.4258
-5.4258
-5.42386
-5.42257
-5.4203
-5.41998
-5.42062
-5.41933
-5.4203
-5.42127
-5.42062
-5.41836
-5.41998
-5.42192
-5.4203
-5.4203
-5.42095
-5.42062
-5.419
-5.419
-5.41965
-5.41932
-5.41835
-5.41674
-5.41738
-5.41577
-5.4148
-5.41415
-5.41447
-5.41642
-5.41577
-5.41577
-5.41609
-5.41577
-5.41739
-5.41739
-5.41706
-5.41932
-5.41803
-5.41706
-5.41868
-5.41933
-5.42095
-5.42127
-5.4216
-5.41868
-5.42063
-5.42193
-5.42225
-5.42128
-5.41999
-5.41869
-5.41643
-5.41675
-5.41578
-5.41546
-5.41319
-5.41513
-5.41675
-5.4148
-5.41383
-5.4148
-5.41481
-5.4161
-5.4174
-5.41513
-5.41513
-5.41513
-5.41578
-5.41546
-5.41513
-5.41319
-5.41416
-5.41578
-5.41416
-5.41384
-5.41384
-5.41513
-5.41578
-5.41675
-5.41642
-5.41707
-5.41771
-5.41966
-5.41869
-5.41966
-5.41933
-5.42128
-5.41998
-5.42031
-5.41966
-5.42063
-5.42387
-5.42484
-5.42484
-5.42387
-5.42387
-5.42193
-5.42387
-5.42257
-5.4216
-5.42257
-5.42128
-5.42289
-5.42127
-5.42257
-5.42192
-5.42063
-5.42128
-5.4203
-5.42128
-5.42128
-5.4216
-5.42354
-5.42257
-5.42322
-5.42289
-5.42451
-5.42516
-5.42419
-5.42225
-5.41999
-5.41869
-5.41934
-5.42128
-5.4216
-5.41998
-5.41901
-5.41803
-5.41804
-5.41706
-5.41771
-5.4161
-5.4161
-5.41578
-5.41804
-5.41837
-5.41805
-5.41869
-5.42031
-5.42031
-5.41901
-5.41966
-5.42031
-5.4229
-5.42258
-5.42323
-5.42323
-5.42064
-5.42097
-5.42323
-5.42323
-5.42258
-5.42323
-5.42226
-5.42129
-5.42226
-5.42129
-5.42258
-5.42193
-5.41966
-5.42096
-5.41966
-5.41934
-5.41805
-5.41837
-5.41643
-5.41514
-5.41514
-5.41514
-5.41385
-5.41482
-5.41708
-5.41838
-5.4187
-5.42064
-5.4187
-5.41967
-5.42031
-5.41934
-5.42161
-5.41967
-5.41838
-5.41935
-5.42064
-5.41935
-5.41773
-5.4187
-5.41871
-5.4187
-5.41903
-5.42
-5.42032
-5.41902
-5.41902
-5.42097
-5.41967
-5.4187
-5.41903
-5.41643
-5.41644
-5.41805
-5.41676
-5.41741
-5.41611
-5.41676
-5.41806
-5.41903
-5.41839
-5.42001
-5.42162
-5.42195
-5.42389
-5.42227
-5.42
-5.42065
-5.42032
-5.41967
-5.42065
-5.42001
-5.41839
-5.41871
-5.41871
-5.42033
-5.42033
-5.41936
-5.41839
-5.41742
-5.41904
-5.41968
-5.41871
-5.41936
-5.41838
-5.41741
-5.41676
-5.41547
-5.4145
-5.41709
-5.41709
-5.41903
-5.41806
-5.41903
-5.42032
-5.42162
-5.42388
-5.42421
-5.42486
-5.42389
-5.42421
-5.42486
-5.4226
-5.42357
-5.42649
-5.42455
-5.42228
-5.42163
-5.42259
-5.42389
-5.42324
-5.42226
-5.42194
-5.42453
-5.42421
-5.42453
-5.4226
-5.4226
-5.41937
-5.41872
-5.41775
-5.41775
-5.41743
-5.41743
-5.41646
-5.41581
-5.41581
-5.41775
-5.41904
-5.41742
-5.41806
-5.41774
-5.41676
-5.41806
-5.41677
-5.4158
-5.41678
-5.4171
-5.41516
-5.41613
-5.41484
-5.41743
-5.41613
-5.4171
-5.41613
-5.41742
-5.41645
-5.4158
-5.41872
-5.41775
-5.4184
-5.41904
-5.41905
-5.41872
-5.41742
-5.41807
-5.41969
-5.41969
-5.42099
-5.42132
-5.42132
-5.42326
-5.42391
-5.42391
-5.42326
-5.42391
-5.42456
-5.42294
-5.42326
-5.42326
-5.42067
-5.4197
-5.41937
-5.4197
-5.41873
-5.41905
-5.42035
-5.41776
-5.41808
-5.41938
-5.42002
-5.42099
-5.42132
-5.42002
-5.42261
-5.42163
-5.42131
-5.42326
-5.42293
-5.42197
-5.42359
-5.42067
-5.42003
-5.42132
-5.42035
-5.42035
-5.42035
-5.42002
-5.41937
-5.41969
-5.41937
-5.41969
-5.42034
-5.42196
-5.4197
-5.41938
-5.41808
-5.41841
-5.41905
-5.42002
-5.42034
-5.41742
-5.41807
-5.41871
-5.42066
-5.42033
-5.42066
-5.41839
-5.41936
-5.41937
-5.41807
-5.41742
-5.42033
-5.41839
-5.41936
-5.42
-5.41936
-5.4213
-5.42098
-5.42001
-5.42001
-5.41936
-5.42066
-5.42001
-5.41904
-5.41904
-5.41872
-5.41905
-5.4184
-5.42001
-5.41936
-5.42033
-5.42324
-5.42259
-5.42194
-5.42032
-5.42065
-5.42195
-5.42098
-5.41937
-5.41839
-5.41937
-5.42001
-5.42001
-5.42065
-5.41839
-5.41871
-5.41838
-5.42097
-5.42
-5.41903
-5.41871
-5.42033
-5.42065
-5.4213
-5.42001
-5.42098
-5.42098
-5.42259
-5.42065
-5.41935
-5.41838
-5.41838
-5.41967
-5.41968
-5.41773
-5.41709
-5.41773
-5.41677
-5.41677
-5.41482
-5.41515
-5.41353
-5.41709
-5.41644
-5.41578
-5.41611
-5.41513
-5.41643
-5.41675
-5.41967
-5.41837
-5.41805
-5.41838
-5.41773
-5.41838
-5.41935
-5.4187
-5.41967
-5.42259
-5.42129
-5.42259
-5.42226
-5.42097
-5.41967
-5.42096
-5.41934
-5.41999
-5.41966
-5.42096
-5.42161
-5.42096
-5.4187
-5.42097
-5.41903
-5.41741
-5.41806
-5.41968
-5.41871
-5.42065
-5.42163
-5.4213
-5.42227
-5.42195
-5.42259
-5.42194
-5.42129
-5.42129
-5.42194
-5.42195
-5.42163
-5.42098
-5.42163
-5.42033
-5.41839
-5.41677
-5.42097
-5.42291
-5.42226
-5.42064
-5.41967
-5.42032
-5.41773
-5.41871
-5.41774
-5.41839
-5.41968
-5.42227
-5.42291
-5.42129
-5.42291
-5.42323
-5.42388
-5.42291
-5.42259
-5.42162
-5.42226
-5.42129
-5.42194
-5.42064
-5.41935
-5.42129
-5.41935
-5.41902
-5.4187
-5.41837
-5.42032
-5.42032
-5.42129
-5.42064
-5.41838
-5.41838
-5.41676
-5.41481
-5.41546
-5.41708
-5.4174
-5.4174
-5.41675
-5.41708
-5.41773
-5.41805
-5.42096
-5.41999
-5.42323
-5.42161
-5.42226
-5.42291
-5.42323
-5.42162
-5.42226
-5.42356
-5.42291
-5.42258
-5.42387
-5.42258
-5.42161
-5.42258
-5.42323
-5.42226
-5.42323
-5.42226
-5.41967
-5.42193
-5.42129
-5.42097
-5.42226
-5.42162
-5.42097
-5.42032
-5.42064
-5.41999
-5.41934
-5.42129
-5.41967
-5.41805
-5.41902
-5.41837
-5.41999
-5.41935
-5.41935
-5.41999
-5.41967
-5.41967
-5.42064
-5.42128
-5.42225
-5.42517
-5.42452
-5.42517
-5.42582
-5.42453
-5.42453
-5.42194
-5.42194
-5.42097
-5.42
-5.42129
-5.42
-5.4187
-5.41999
-5.41869
-5.41934
-5.41805
-5.41772
-5.41643
-5.41935
-5.41903
-5.41903
-5.41903
-5.41774
-5.42097
-5.42323
-5.42129
-5.42096
-5.42193
-5.42063
-5.41967
-5.41837
-5.41935
-5.41967
-5.42064
-5.42031
-5.42258
-5.42161
-5.41837
-5.41967
-5.41838
-5.4187
-5.42128
-5.42161
-5.42355
-5.42419
-5.42225
-5.4229
-5.42355
-5.42322
-5.4229
-5.42064
-5.42323
-5.4242
-5.42291
-5.42226
-5.42129
-5.42161
-5.42225
-5.4229
-5.42452
-5.42419
-5.42258
-5.42355
-5.42355
-5.42387
-5.4229
-5.42128
-5.41869
-5.41675
-5.41772
-5.41934
-5.42161
-5.42226
-5.42258
-5.42387
-5.42549
-5.42517
-5.42484
-5.42322
-5.42225
-5.42095
-5.42257
-5.42322
-5.42161
-5.41999
-5.42161
-5.41869
-5.41837
-5.42032
-5.42032
-5.42032
-5.41934
-5.41967
-5.41999
-5.41772
-5.41804
-5.41966
-5.42128
-5.42064
-5.42225
-5.42193
-5.42323
-5.42485
-5.42614
-5.42614
-5.42711
-5.42549
-5.4242
-5.42452
-5.42581
-5.42517
-5.42355
-5.42517
-5.42647
-5.4242
-5.42355
-5.42355
-5.4229
-5.42258
-5.42355
-5.42258
-5.42485
-5.42517
-5.42452
-5.42388
-5.42517
-5.42291
-5.42226
-5.42193
-5.42161
-5.42064
-5.42031
-5.42355
-5.42549
-5.42549
-5.42711
-5.42549
-5.42485
-5.4242
-5.42323
-5.42355
-5.42323
-5.42226
-5.42324
-5.42227
-5.42356
-5.42583
-5.42323
-5.42323
-5.42291
-5.42129
-5.41934
-5.41805
-5.41772
-5.41836
-5.42031
-5.4216
-5.41966
-5.41999
-5.4187
-5.42032
-5.42032
-5.42096
-5.41967
-5.41967
-5.42128
-5.42193
-5.42225
-5.42096
-5.42128
-5.42258
-5.42355
-5.4242
-5.42388
-5.42096
-5.41967
-5.41935
-5.42129
-5.42064
-5.42258
-5.42387
-5.4229
-5.4229
-5.42096
-5.4229
-5.42225
-5.42193
-5.42193
-5.42226
-5.42097
-5.42032
-5.42129
-5.42032
-5.42032
-5.42032
-5.41934
-5.41967
-5.42226
-5.42161
-5.42226
-5.41967
-5.41903
-5.42032
-5.42129
-5.42324
-5.42032
-5.42064
-5.42096
-5.42064
-5.42161
-5.42194
-5.4187
-5.42064
-5.42032
-5.41902
-5.41967
-5.41967
-5.41999
-5.41999
-5.41902
-5.41676
-5.41643
-5.41611
-5.41999
-5.41773
-5.41837
-5.41934
-5.41902
-5.41902
-5.4174
-5.4187
-5.41837
-5.41838
-5.42097
-5.42032
-5.41935
-5.4187
-5.41967
-5.4174
-5.41481
-5.41676
-5.41903
-5.41935
-5.4187
-5.41676
-5.41773
-5.41741
-5.41773
-5.41935
-5.41773
-5.41838
-5.41773
-5.41837
-5.41772
-5.41837
-5.42129
-5.42097
-5.42194
-5.42032
-5.42097
-5.42129
-5.42032
-5.42064
-5.42032
-5.41902
-5.4187
-5.4187
-5.41708
-5.41967
-5.41902
-5.4174
-5.41837
-5.41934
-5.41675
-5.41611
-5.41773
-5.41837
-5.41708
-5.41546
-5.41675
-5.41675
-5.41741
-5.41644
-5.41838
-5.42033
-5.42324
-5.42324
-5.42453
-5.42453
-5.42647
-5.42421
-5.42226
-5.42129
-5.42129
-5.42032
-5.41838
-5.41773
-5.41838
-5.41903
-5.41903
-5.42194
-5.41935
-5.42065
-5.42
-5.41968
-5.42
-5.41967
-5.42064
-5.42162
-5.42388
-5.42291
-5.42129
-5.42
-5.41936
-5.41839
-5.42001
-5.42163
-5.42486
-5.42519
-5.42551
-5.42324
-5.42259
-5.42356
-5.42194
-5.42096
-5.42032
-5.42032
-5.42096
-5.42032
-5.41967
-5.42032
-5.4187
-5.41968
-5.42097
-5.42324
-5.42162
-5.42259
-5.4213
-5.41968
-5.41968
-5.42098
-5.42097
-5.41968
-5.41773
-5.41579
-5.41676
-5.41967
-5.41935
-5.4187
-5.42
-5.41871
-5.41871
-5.41871
-5.41935
-5.42097
-5.41903
-5.41968
-5.41838
-5.42129
-5.42065
-5.42162
-5.42291
-5.42388
-5.42421
-5.42615
-5.42486
-5.42453
-5.42518
-5.42518
-5.42194
-5.42194
-5.42259
-5.41935
-5.4187
-5.41837
-5.41999
-5.41773
-5.41676
-5.41708
-5.41708
-5.41676
-5.41611
-5.41481
-5.4187
-5.41902
-5.41902
-5.42032
-5.42032
-5.41805
-5.41902
-5.41999
-5.42064
-5.42064
-5.42323
-5.42291
-5.42194
-5.42032
-5.42097
-5.42096
-5.42032
-5.42096
-5.42129
-5.41967
-5.42129
-5.42259
-5.42129
-5.42129
-5.42097
-5.4242
-5.42258
-5.42031
-5.41772
-5.4161
-5.41546
-5.41837
-5.41902
-5.42096
-5.42291
-5.42194
-5.42323
-5.42356
-5.42291
-5.42356
-5.42162
-5.42
-5.42064
-5.42097
-5.42032
-5.42226
-5.42226
-5.42485
-5.42323
-5.42194
-5.42453
-5.42356
-5.42486
-5.42421
-5.42291
-5.42388
-5.42388
-5.42324
-5.42291
-5.41968
-5.4187
-5.41935
-5.42194
-5.42032
-5.42032
-5.41837
-5.41708
-5.4174
-5.41804
-5.41805
-5.41708
-5.41773
-5.4174
-5.41708
-5.41805
-5.41773
-5.4187
-5.41838
-5.41676
-5.41806
-5.42032
-5.42
-5.42064
-5.41967
-5.41967
-5.41999
-5.41999
-5.4187
-5.41967
-5.41902
-5.41934
-5.42128
-5.42031
-5.41999
-5.41999
-5.42064
-5.42226
-5.42194
-5.42356
-5.42453
-5.42292
-5.42032
-5.42065
-5.42162
-5.42259
-5.42032
-5.41935
-5.41934
-5.41902
-5.42032
-5.42064
-5.42032
-5.41967
-5.42032
-5.42323
-5.4242
-5.42323
-5.42485
-5.42452
-5.42388
-5.4229
-5.42129
-5.42161
-5.42355
-5.42355
-5.42096
-5.42032
-5.42259
-5.42323
-5.42356
-5.42194
-5.42129
-5.42323
-5.42355
-5.42355
-5.42549
-5.42582
-5.42323
-5.42323
-5.42226
-5.42194
-5.42129
-5.42032
-5.42291
-5.42323
-5.42291
-5.42453
-5.42388
-5.42356
-5.42194
-5.42194
-5.42129
-5.42032
-5.41967
-5.41837
-5.4174
-5.42129
-5.42064
-5.42031
-5.42032
-5.42129
-5.42032
-5.42064
-5.41967
-5.42032
-5.42064
-5.41902
-5.41707
-5.41448
-5.41481
-5.41611
-5.41579
-5.41321
-5.41321
-5.41224
-5.41191
-5.41126
-5.41288
-5.41676
-5.4161
-5.41481
-5.41578
-5.41416
-5.41546
-5.41903
-5.42
-5.41839
-5.41839
-5.41839
-5.41904
-5.41838
-5.41773
-5.4174
-5.41902
-5.41902
-5.41837
-5.41935
-5.42
-5.4187
-5.41967
-5.41968
-5.41871
-5.41774
-5.41968
-5.41968
-5.42357
-5.42324
-5.42389
-5.42388
-5.42356
-5.42323
-5.42097
-5.42
-5.41676
-5.41838
-5.42033
-5.42162
-5.4213
-5.41904
-5.42227
-5.42162
-5.42065
-5.41903
-5.41741
-5.41806
-5.41935
-5.42033
-5.41936
-5.41903
-5.41968
-5.41806
-5.41676
-5.41644
-5.41773
-5.41515
-5.41774
-5.41741
-5.41936
-5.41935
-5.42
-5.42
-5.4213
-5.41903
-5.41644
-5.41546
-5.41579
-5.41352
-5.41287
-5.41384
-5.41482
-5.41547
-5.41644
-5.41644
-5.42
-5.41936
-5.41903
-5.41871
-5.42097
-5.42356
-5.42356
-5.42259
-5.42194
-5.42033
-5.42162
-5.42162
-5.41968
-5.42032
-5.42
-5.41903
-5.41806
-5.41676
-5.41741
-5.41742
-5.41741
-5.41774
-5.41838
-5.42
-5.42097
-5.42
-5.42162
-5.42227
-5.42292
-5.41936
-5.42033
-5.42098
-5.42065
-5.4213
-5.42194
-5.41968
-5.42
-5.42129
-5.41967
-5.4187
-5.41935
-5.41871
-5.41773
-5.41903
-5.42032
-5.42032
-5.42162
-5.42064
-5.42227
-5.41935
-5.41773
-5.41935
-5.41903
-5.41935
-5.41838
-5.42032
-5.4187
-5.41708
-5.41643
-5.41482
-5.41838
-5.41773
-5.41708
-5.41773
-5.41838
-5.42258
-5.42161
-5.42
-5.42162
-5.42194
-5.42162
-5.42032
-5.42
-5.42129
-5.42097
-5.42226
-5.42161
-5.42031
-5.42161
-5.41869
-5.41967
-5.41773
-5.42
-5.42
-5.4187
-5.41903
-5.41838
-5.42
-5.42
-5.41838
-5.41871
-5.41903
-5.41903
-5.41903
-5.42194
-5.42194
-5.42388
-5.4242
-5.42453
-5.4242
-5.42324
-5.42227
-5.42033
-5.42065
-5.42097
-5.42194
-5.42096
-5.42161
-5.42258
-5.42193
-5.42258
-5.42193
-5.42258
-5.42096
-5.41966
-5.41869
-5.4174
-5.41837
-5.41902
-5.42064
-5.42064
-5.42129
-5.41967
-5.4187
-5.42129
-5.41999
-5.42064
-5.42194
-5.42129
-5.42096
-5.42323
-5.42194
-5.42388
-5.42453
-5.42518
-5.42162
-5.42291
-5.41935
-5.41967
-5.42032
-5.42
-5.41773
-5.41935
-5.42032
-5.42194
-5.42161
-5.42
-5.42032
-5.42032
-5.42
-5.41967
-5.41999
-5.42064
-5.41903
-5.41935
-5.4187
-5.4187
-5.41903
-5.42032
-5.42161
-5.42162
-5.42097
-5.42227
-5.42389
-5.42421
-5.42292
-5.42194
-5.42033
-5.42
-5.42097
-5.42033
-5.42
-5.4213
-5.42129
-5.41967
-5.42032
-5.41999
-5.42032
-5.42
-5.42
-5.41935
-5.41935
-5.42097
-5.4213
-5.42162
-5.42227
-5.42
-5.41709
-5.41709
-5.41709
-5.41806
-5.41676
-5.41773
-5.41806
-5.42065
-5.41936
-5.41968
-5.42065
-5.4213
-5.42227
-5.42033
-5.4213
-5.42033
-5.4213
-5.41903
-5.41774
-5.41903
-5.41935
-5.41935
-5.41903
-5.41967
-5.42033
-5.42097
-5.42195
-5.4213
-5.42227
-5.42065
-5.42194
-5.42
-5.42129
-5.42097
-5.42065
-5.41741
-5.41871
-5.41871
-5.41935
-5.41935
-5.42
-5.42227
-5.42388
-5.42324
-5.42162
-5.41838
-5.41871
-5.41709
-5.41741
-5.41773
-5.41871
-5.41773
-5.41935
-5.42065
-5.42097
-5.41838
-5.41709
-5.41644
-5.41611
-5.41514
-5.41611
-5.41773
-5.41871
-5.41903
-5.41871
-5.41774
-5.41774
-5.41936
-5.42033
-5.41839
-5.42033
-5.42162
-5.42097
-5.42064
-5.41999
-5.42194
-5.42097
-5.42194
-5.42227
-5.42227
-5.42097
-5.42065
-5.41936
-5.42065
-5.42195
-5.4226
-5.42098
-5.4213
-5.42227
-5.42519
-5.42421
-5.42519
-5.42777
-5.42454
-5.42518
-5.42486
-5.42551
-5.42421
-5.42551
-5.42648
-5.4239
-5.42163
-5.41969
-5.41872
-5.41742
-5.41677
-5.41709
-5.41806
-5.41676
-5.41838
-5.41806
-5.41936
-5.41904
-5.41645
-5.41515
-5.41548
-5.41612
-5.41741
-5.41612
-5.41611
-5.41579
-5.41676
-5.41806
-5.41871
-5.41741
-5.41871
-5.41742
-5.41839
-5.41839
-5.41871
-5.41968
-5.42066
-5.42033
-5.41936
-5.41806
-5.41968
-5.41903
-5.41774
-5.41903
-5.41871
-5.41806
-5.41968
-5.4187
-5.4187
-5.41935
-5.41806
-5.42032
-5.41967
-5.41967
-5.41903
-5.41838
-5.42032
-5.41871
-5.41871
-5.42065
-5.41968
-5.41968
-5.42098
-5.42162
-5.42389
-5.42259
-5.42097
-5.42097
-5.42032
-5.41935
-5.42032
-5.42194
-5.42194
-5.42194
-5.42032
-5.42
-5.42
-5.42033
-5.42195
-5.4226
-5.42195
-5.42292
-5.42098
-5.42
-5.42032
-5.42097
-5.42064
-5.42
-5.42
-5.42032
-5.41935
-5.42194
-5.42227
-5.42226
-5.42356
-5.42162
-5.4213
-5.42129
-5.42065
-5.41838
-5.42032
-5.42
-5.42259
-5.42259
-5.42227
-5.42129
-5.42129
-5.42032
-5.42258
-5.42258
-5.42193
-5.42193
-5.42064
-5.42226
-5.41967
-5.41902
-5.41773
-5.4174
-5.41579
-5.41546
-5.41644
-5.41482
-5.41708
-5.41773
-5.41741
-5.41676
-5.41546
-5.41708
-5.41643
-5.41643
-5.4174
-5.41707
-5.41675
-5.41772
-5.41837
-5.4187
-5.41999
-5.41837
-5.41967
-5.42226
-5.42161
-5.42129
-5.42193
-5.4229
-5.42388
-5.4242
-5.42387
-5.4242
-5.42258
-5.42031
-5.42226
-5.42032
-5.41902
-5.4187
-5.4174
-5.41999
-5.41902
-5.41967
-5.42096
-5.41967
-5.4174
-5.41772
-5.41772
-5.41675
-5.41934
-5.4174
-5.4187
-5.41934
-5.41675
-5.4174
-5.41805
-5.41869
-5.4187
-5.41967
-5.4187
-5.41967
-5.42064
-5.42096
-5.41967
-5.42129
-5.42355
-5.4242
-5.42258
-5.42064
-5.41999
-5.42096
-5.42063
-5.41934
-5.41869
-5.41739
-5.4174
-5.41837
-5.41837
-5.41999
-5.42096
-5.41902
-5.41902
-5.41934
-5.41901
-5.41772
-5.41933
-5.41901
-5.41901
-5.41966
-5.41934
-5.41999
-5.42031
-5.42161
-5.42258
-5.42128
-5.42063
-5.42031
-5.42095
-5.42063
-5.4216
-5.42095
-5.42095
-5.42128
-5.42257
-5.4216
-5.41999
-5.41902
-5.41902
-5.42128
-5.42193
-5.42096
-5.42322
-5.42225
-5.42193
-5.42031
-5.41998
-5.41934
-5.41869
-5.41869
-5.42161
-5.4229
-5.42161
-5.41902
-5.42
-5.42032
-5.41869
-5.41998
-5.42063
-5.42063
-5.41771
-5.41804
-5.41901
-5.41901
-5.41901
-5.41675
-5.41675
-5.41966
-5.41902
-5.42096
-5.41999
-5.4216
-5.4216
-5.42128
-5.4216
-5.42095
-5.42127
-5.4216
-5.4203
-5.41933
-5.41772
-5.41966
-5.41933
-5.41771
-5.41771
-5.41771
-5.41868
-5.41739
-5.41707
-5.41836
-5.41869
-5.41933
-5.41772
-5.41837
-5.42031
-5.42128
-5.42258
-5.42517
-5.42258
-5.42161
-5.41869
-5.41643
-5.41611
-5.4174
-5.41675
-5.41578
-5.41804
-5.41837
-5.41804
-5.41804
-5.41643
-5.41481
-5.41805
-5.42064
-5.42063
-5.42225
-5.42225
