-4.54904
-4.54919
-4.54919
-4.54844
-4.54814
-4.54738
-4.54632
-4.54557
-4.54496
-4.54512
-4.54466
-4.54436
-4.54436
-4.5439
-4.5436
-4.54315
-4.54314
-4.54269
-4.54435
-4.54451
-4.54375
-4.5433
-4.54421
-4.54466
-4.54451
-4.54511
-4.54466
-4.54436
-4.54466
-4.54481
-4.5436
-4.54406
-4.54436
-4.54391
-4.5436
-4.54391
-4.54406
-4.54512
-4.54572
-4.54587
-4.54647
-4.54693
-4.54693
-4.54798
-4.54829
-4.54904
-4.5501
-4.54965
-4.5498
-4.55055
-4.55131
-4.55055
-4.5501
-4.5501
-4.54995
-4.5507
-4.55101
-4.55161
-4.55236
-4.55327
-4.55342
-4.55433
-4.55387
-4.55206
-4.55251
-4.55221
-4.55252
-4.55221
-4.55252
-4.55297
-4.55267
-4.55252
-4.55282
-4.55357
-4.55372
-4.55251
-4.55236
-4.55206
-4.55115
-4.55055
-4.5504
-4.5507
-4.551
-4.55161
-4.55145
-4.55176
-4.55191
-4.55191
-4.55146
-4.55191
-4.55115
-4.551
-4.5516
-4.55191
-4.55176
-4.55115
-4.55085
-4.55085
-4.55176
-4.55146
-4.55131
-4.55085
-4.54949
-4.54874
-4.54979
-4.54994
-4.55025
-4.55115
-4.5513
-4.55221
-4.55176
-4.55176
-4.55176
-4.55206
-4.5513
-4.551
-4.55131
-4.55176
-4.551
-4.55131
-4.5507
-4.551
-4.5507
-4.5501
-4.55055
-4.5501
-4.5504
-4.54934
-4.5501
-4.55025
-4.55055
-4.55131
-4.55085
-4.55115
-4.5507
-4.54964
-4.54949
-4.54919
-4.54994
-4.54994
-4.5501
-4.5501
-4.5501
-4.5513
-4.55161
-4.55115
-4.55161
-4.55115
-4.5504
-4.54949
-3.9154
-3.9151
-3.91571
-3.91571
-3.9154
-3.91586
-3.91631
-3.91586
-3.91525
-3.91555
-3.91555
-3.9154
-3.9154
-3.91525
-3.91449
-3.91449
-3.91464
-3.91464
-3.91479
-3.9154
-3.91479
-3.91585
-3.91601
-3.9154
-3.91586
-3.91555
-3.91571
-3.91601
-3.91737
-3.91752
-3.91827
-3.91812
-3.91782
-3.91752
-3.91782
-3.91842
-3.91797
-3.91888
-3.91797
-3.91691
-3.91767
-3.91767
-3.91797
-3.91797
-3.91842
-3.91782
-3.91782
-3.91752
-3.91767
-3.91873
-3.91752
-3.91737
-3.91676
-3.91676
-3.91631
-3.91691
-3.91722
-3.91752
-3.91797
-3.91812
-3.91858
-3.91782
-3.91843
-3.91813
-3.91888
-3.91782
-3.91752
-3.91797
-3.91812
-3.91752
-3.91767
-3.91782
-3.91752
-3.91677
-3.91737
-3.91722
-3.91692
-3.91767
-3.91812
-3.91782
-3.91797
-3.91797
-3.91843
-3.91722
-3.91707
-3.91737
-3.91691
-3.91586
-3.91495
-3.91556
-3.91525
-3.91525
-3.91601
-3.91571
-3.91495
-3.91389
-3.9142
-3.91389
-3.9142
-3.91404
-3.91465
-3.91465
-3.91556
-3.91601
-3.91571
-3.91616
-3.91677
-3.91722
-3.91707
-3.91676
-3.91722
-3.91692
-3.91752
-3.91707
-3.91797
-3.91858
-3.91828
-3.91873
-3.91858
-3.91859
-3.91889
-3.91798
-3.91798
-3.91722
-3.91797
-3.91812
-3.91827
-3.91843
-3.91662
-3.91601
-3.91586
-3.91556
-3.91556
-3.91616
-3.91586
-3.91541
-3.9145
-3.91541
-3.91616
-3.91707
-3.91541
-3.91556
-3.91556
-3.91541
-3.91541
-3.91601
-3.91571
-3.9151
-3.91375
-3.91345
-3.58079
-3.58049
-3.58003
-3.57973
-3.58003
-3.57927
-3.57897
-3.5773
-3.57745
-3.5776
-3.5776
-3.57851
-3.57866
-3.57836
-3.57806
-3.57746
-3.57625
-3.5761
-3.5761
-3.57625
-3.5764
-3.57685
-3.5767
-3.57746
-3.57776
-3.57791
-3.57715
-3.5764
-3.57715
-3.57745
-3.57746
-3.57821
-3.57912
-3.57792
-3.57792
-3.57731
-3.57731
-3.577
-3.5773
-3.57715
-3.577
-3.57776
-3.5773
-3.57761
-3.57715
-3.57715
-3.57625
-3.5767
-3.57639
-3.5773
-3.57655
-3.57715
-3.5767
-3.57609
-3.57625
-3.57625
-3.57655
-3.57776
-3.57897
-3.57912
-3.57927
-3.57851
-3.57866
-3.5773
-3.5767
-3.57821
-3.57897
-3.57942
-3.57972
-3.57987
-3.57851
-3.57866
-3.57851
-3.57821
-3.57791
-3.57851
-3.57927
-3.57927
-3.57927
-3.57927
-3.57972
-3.57911
-3.58032
-3.57987
-3.58017
-3.58092
-3.58213
-3.58229
-3.58259
-3.58199
-3.58153
-3.58153
-3.58123
-3.58198
-3.58047
-3.58063
-3.58078
-3.58154
-3.58033
-3.58123
-3.58123
-3.58138
-3.58168
-3.58319
-3.58319
-3.58289
-3.58259
-3.58229
-3.58274
-3.58229
-3.58169
-3.58244
-3.5832
-3.5832
-3.5838
-3.5835
-3.58275
-3.58123
-3.58078
-3.58018
-3.58109
-3.58109
-3.58048
-3.57943
-3.58063
-3.58033
-3.58078
-3.58169
-3.58093
-3.58184
-3.58168
-3.58138
-3.58108
-3.58169
-3.58184
-3.58093
-3.58048
-3.57988
-3.58003
-3.57943
-3.57912
-3.57837
-3.57852
-3.57988
-3.57912
-3.57912
-3.57867
-3.57927
-3.57882
-3.57852
-3.50907
-3.50892
-3.51027
-3.51072
-3.51072
-3.51178
-3.51178
-3.51118
-3.51088
-3.51118
-3.51148
-3.51028
-3.51088
-3.51073
-3.51133
-3.51299
-3.51209
-3.51209
-3.51148
-3.51103
-3.51103
-3.50982
-3.50936
-3.50861
-3.50936
-3.51087
-3.51133
-3.51163
-3.51163
-3.51088
-3.51058
-3.50997
-3.51042
-3.50936
-3.50891
-3.50861
-3.50861
-3.50922
-3.50831
-3.50877
-3.50831
-3.50725
-3.50801
-3.508
-3.5077
-3.50725
-3.50755
-3.50786
-3.50816
-3.50831
-3.50892
-3.50892
-3.50786
-3.50786
-3.5074
-3.50725
-3.5068
-3.50725
-3.5074
-3.50816
-3.50861
-3.50876
-3.50815
-3.5077
-3.50815
-3.5083
-3.50665
-3.50559
-3.5068
-3.50771
-3.50801
-3.50786
-3.50801
-3.50831
-3.50816
-3.50786
-3.50755
-3.5074
-3.50755
-3.50816
-3.50831
-3.50937
-3.50952
-3.50891
-3.50861
-3.508
-3.50876
-3.5083
-3.50815
-3.50861
-3.50891
-3.50846
-3.50785
-3.50831
-3.50861
-3.50891
-3.50891
-3.50952
-3.50831
-3.50785
-3.50785
-3.50815
-3.50815
-3.50785
-3.50921
-3.51012
-3.50997
-3.51072
-3.50997
-3.51072
-3.51178
-3.51117
-3.51148
-3.51027
-3.50982
-3.50982
-3.50936
-3.50921
-3.50966
-3.50936
-3.50875
-3.5086
-3.50921
-3.50936
-3.50906
-3.50875
-3.5089
-3.50996
-3.5095
-3.50981
-3.50905
-3.5089
-3.50966
-3.50921
-3.50951
-3.50966
-3.50981
-3.50996
-3.51041
-3.51041
-3.51041
-3.51041
-3.51071
-3.51041
-3.51071
-3.51086
-3.51117
-3.51223
-3.51193
-3.51177
-3.47038
-3.47068
-3.46977
-3.47068
-3.47053
-3.47023
-3.47038
-3.47098
-3.47113
-3.47173
-3.47189
-3.47053
-3.47083
-3.47114
-3.47084
-3.47099
-3.47129
-3.47083
-3.47038
-3.47037
-3.47053
-3.47113
-3.47038
-3.47175
-3.47069
-3.47144
-3.47114
-3.46993
-3.46963
-3.47069
-3.47114
-3.47174
-3.47235
-3.47234
-3.47204
-3.47219
-3.47159
-3.47235
-3.4722
-3.4722
-3.47189
-3.47325
-3.47461
-3.47461
-3.47552
-3.47537
-3.47461
-3.47416
-3.47355
-3.47295
-3.47295
-3.47174
-3.47295
-3.47386
-3.47386
-3.47416
-3.47416
-3.47537
-3.47431
-3.4725
-3.4731
-3.47355
-3.4731
-3.4731
-3.47325
-3.47295
-3.4731
-3.47249
-3.4728
-3.47295
-3.4731
-3.47295
-3.47401
-3.4731
-3.47234
-3.47234
-3.47189
-3.47144
-3.47099
-3.47235
-3.47281
-3.47265
-3.47144
-3.47144
-3.47114
-3.47038
-3.47053
-3.47083
-3.47264
-3.47234
-3.47264
-3.47325
-3.4731
-3.47371
-3.47507
-3.47447
-3.47462
-3.47477
-3.47431
-3.47401
-3.47295
-3.47265
-3.47234
-3.4728
-3.47219
-3.47204
-3.47144
-3.47083
-3.47023
-3.47008
-3.47084
-3.47023
-3.46993
-3.46963
-3.46933
-3.47024
-3.46933
-3.46842
-3.46827
-3.46887
-3.46827
-3.46857
-3.46842
-3.46947
-3.46932
-3.46872
-3.46842
-3.46812
-3.46706
-3.46766
-3.46751
-3.46812
-3.46842
-3.46721
-3.46555
-3.46616
-3.46691
-3.46676
-3.46782
-3.46827
-3.46781
-3.46827
-3.46872
-3.46902
-3.46963
-3.46933
-3.46978
-3.47069
-3.47054
-3.47085
