1.09922
1.09549
1.0887
1.07876
1.06547
1.04862
1.02804
1.00362
0.975384
0.943558
0.908662
0.871534
0.833331
0.795454
0.759383
0.726542
0.6981
0.674777
0.656772
0.643782
0.635101
0.629836
0.627053
0.625922
0.625824
0.62642
0.62768
0.629775
0.632885
0.636979
0.641711
0.646511
0.65078
0.654112
0.656363
0.657593
0.657955
0.657556
0.656442
0.65467
0.6524
0.649978
0.647942
0.646907
0.647406
0.649699
0.653692
0.658932
0.664739
0.670329
0.674966
0.678042
0.679098
0.677842
0.67421
0.668412
0.660994
0.652861
0.645157
0.639068
0.635493
0.634917
0.637346
0.642373
0.649286
0.657216
0.665252
0.672528
0.678281
0.681953
0.683237
0.682116
0.678909
0.674243
0.66894
0.663842
0.659598
0.656508
0.654502
0.653256
0.65239
0.651677
0.651099
0.650783
0.650849
0.651273
0.651843
0.652259
0.652317
0.652089
0.651998
0.652706
0.654838
0.658684
0.663995
0.670032
0.675792
0.680336
0.682993
0.683461
0.681751
0.678107
0.672911
0.666564
0.659429
0.651812
0.643984
0.636219
0.628798
0.622026
0.616213
0.611604
0.608345
0.60643
0.60567
0.605709
0.606162
0.606758
0.607508
0.608755
0.611104
0.615174
0.621392
0.629822
0.640124
0.651587
0.66322
0.673968
0.682887
0.689382
0.693256
0.694674
0.694012
0.691739
0.688306
0.684159
0.679654
0.675089
0.670692
0.666624
0.663037
0.660083
0.657971
0.656951
0.657216
0.658881
0.6619
0.66604
0.670927
0.676053
1.10394
1.10369
1.09858
1.08847
1.07354
1.05427
1.03152
1.00648
0.980463
0.954794
0.930567
0.908513
0.888968
0.871968
0.857377
0.8451
0.835264
0.828348
0.825144
0.826555
0.833221
0.844993
0.860702
0.878423
0.896153
0.912505
0.92703
0.940002
0.951871
0.962695
0.971887
0.978511
0.981716
0.981151
0.977067
0.970211
0.961571
0.952136
0.942573
0.933195
0.924038
0.915054
0.906353
0.898246
0.891181
0.885556
0.881561
0.879149
0.878091
0.878116
0.878944
0.88033
0.882109
0.884169
0.88646
0.888899
0.891306
0.893446
0.895212
0.896786
0.898505
0.900448
0.902152
0.902727
0.901371
0.897878
0.892895
0.887784
0.884129
0.88306
0.884757
0.888299
0.892066
0.89454
0.895035
0.893956
0.892435
0.891594
0.891847
0.892776
0.893562
0.893641
0.893023
0.892152
0.891512
0.891285
0.891192
0.890604
0.888777
0.885166
0.879684
0.87281
0.865476
0.858709
0.85325
0.849351
0.846827
0.845321
0.844571
0.844466
0.844956
0.845878
0.846916
0.847603
0.84745
0.846113
0.843553
0.840116
0.836474
0.833462
0.831712
0.831437
0.832513
0.83482
0.838442
0.84352
0.849694
0.855643
0.859283
0.858513
0.852205
0.840824
0.826516
0.81253
0.802114
0.797344
0.798479
0.804298
0.812992
0.822986
0.833294
0.843415
0.853113
0.862262
0.870755
0.878503
0.885469
0.891584
0.896712
0.900522
0.902505
0.9022
0.899492
0.89483
0.889193
0.883878
0.880047
0.87824
0.878113
0.878556
1.09735
1.08897
1.07383
1.05179
1.02379
0.992006
0.95966
0.930457
0.907714
0.893623
0.888848
0.892592
0.902965
0.917548
0.933943
0.950276
0.965439
0.979039
0.991099
1.00171
1.01081
1.01805
1.02293
1.02502
1.02425
1.02108
1.01662
1.01243
1.01015
1.01064
1.01339
1.01652
1.0175
1.01403
1.00482
0.990005
0.971365
0.95198
0.935248
0.923588
0.917627
0.916324
0.917723
0.91974
0.920729
0.919996
0.918282
0.917614
0.919982
0.925665
0.933284
0.941441
0.949889
0.959102
0.969245
0.979703
0.989307
0.996984
1.00222
1.00512
1.00623
1.00625
1.00598
1.00625
1.00769
1.01038
1.01373
1.01679
1.01875
1.01912
1.01785
1.01498
1.0105
1.0042
0.995914
0.985654
0.973816
0.961142
0.948457
0.93645
0.92571
0.916881
0.910752
0.908115
0.909456
0.914737
0.923326
0.934053
0.945503
0.956344
0.965903
0.974614
0.983942
0.995409
1.00922
1.02382
1.03681
1.04637
1.05185
1.05375
1.05329
1.05198
1.05115
1.05153
1.05312
1.05518
1.05667
1.05675
1.05519
1.05243
1.04938
1.04695
1.0456
1.04526
1.0455
1.04587
1.04601
1.04564
1.04427
1.04126
1.03571
1.02673
1.01355
0.995956
0.974617
0.951179
0.927852
0.906774
0.889624
0.877811
0.872635
0.875142
0.885424
0.902234
0.923321
0.946166
0.968465
0.988304
1.00431
1.01584
1.02316
1.02747
1.03051
1.03396
1.03877
1.04479
1.0509
1.05554
1.05717
1.05463
1.0917
1.07844
1.06236
1.04631
1.03335
1.02564
1.02367
1.02641
1.03182
1.03769
1.04215
1.04412
1.04343
1.04081
1.03745
1.03453
1.03263
1.03145
1.03002
1.0273
1.02287
1.0173
1.01185
1.008
1.0066
1.00754
1.0099
1.01239
1.01391
1.01388
1.01245
1.01036
1.0087
1.00848
1.01007
1.01291
1.01568
1.01693
1.01558
1.01127
1.00443
0.996225
0.988315
0.982412
0.979688
0.980483
0.984549
0.991384
1.00021
1.0098
1.01859
1.02502
1.02796
1.02705
1.02289
1.01682
1.01029
1.0043
0.99918
0.994757
0.990902
0.988053
0.987387
0.990552
0.998983
1.01306
1.03172
1.05276
1.07352
1.09154
1.10507
1.11322
1.116
1.11417
1.10894
1.10153
1.0929
1.08354
1.07342
1.0622
1.04941
1.03481
1.01868
1.00191
0.986004
0.972752
0.963666
0.959581
0.960444
0.965457
0.973473
0.98332
0.993888
1.00393
1.01196
1.01655
1.01687
1.01319
1.00669
0.999085
0.992108
0.987265
0.985765
0.988391
0.995283
1.00573
1.01837
1.03167
1.04436
1.05599
1.0669
1.0779
1.08954
1.10163
1.11299
1.12186
1.12658
1.12632
1.12142
1.11328
1.10372
1.09416
1.08496
1.07557
1.06531
1.05436
1.04437
1.0377
1.03575
1.03794
1.04243
1.04753
1.05227
1.05618
1.05902
1.06079
1.06169
1.0621
1.06232
1.06243
1.06242
1.06231
1.06242
1.06327
1.06533
1.06854
1.0721
1.07464
1.07493
1.07282
1.09598
1.09237
1.09049
1.08995
1.08956
1.08845
1.0866
1.08477
1.08431
1.08674
1.09306
1.10308
1.11526
1.12726
1.13645
1.14066
1.13893
1.13251
1.1255
1.12332
1.12904
1.14103
1.15461
1.16528
1.17034
1.16893
1.16169
1.15008
1.1358
1.12023
1.10411
1.08751
1.0707
1.05501
1.04273
1.03564
1.03345
1.03385
1.03429
1.03391
1.03455
1.03944
1.04988
1.06352
1.07634
1.08578
1.09157
1.09489
1.09723
1.09964
1.1025
1.10548
1.10791
1.10905
1.10832
1.10537
1.10022
1.09337
1.08581
1.07871
1.073
1.069
1.06633
1.06422
1.06191
1.05915
1.05642
1.05481
1.05519
1.05747
1.06041
1.06206
1.06075
1.05646
1.05212
1.05295
1.06232
1.07776
1.09264
1.1012
1.10115
1.09316
1.07954
1.06314
1.04672
1.03236
1.02127
1.01401
1.01112
1.01331
1.02126
1.03496
1.05332
1.07426
1.09517
1.11349
1.1272
1.1351
1.13695
1.13352
1.12631
1.11733
1.10859
1.10181
1.09811
1.09789
1.10092
1.10652
1.11372
1.12152
1.12883
1.13444
1.13713
1.13581
1.12979
1.11896
1.1039
1.08565
1.06561
1.04528
1.02606
1.00915
0.99538
0.985277
0.978978
0.976175
0.976091
0.977865
0.980898
0.985095
0.990626
0.99772
1.00634
1.01589
1.02517
1.03258
1.03662
1.0365
1.03255
1.0263
1.02019
1.0169
1.0184
1.0254
1.03742
1.05332
1.07177
1.09121
1.1096
1.12435
