1.64883
1.64323
1.63306
1.61814
1.5982
1.57293
1.54206
1.50543
1.46308
1.41534
1.36299
1.3073
1.25
1.19318
1.13907
1.08981
1.04715
1.01217
0.985158
0.965673
0.952652
0.944754
0.940579
0.938883
0.938735
0.939629
0.94152
0.944662
0.949328
0.955468
0.962567
0.969766
0.97617
0.981168
0.984544
0.986389
0.986933
0.986334
0.984663
0.982005
0.9786
0.974967
0.971913
0.97036
0.971108
0.974549
0.980538
0.988398
0.997108
1.00549
1.01245
1.01706
1.01865
1.01676
1.01131
1.00262
0.991492
0.979291
0.967735
0.958601
0.953239
0.952376
0.956019
0.963559
0.973929
0.985824
0.997878
1.00879
1.01742
1.02293
1.02486
1.02317
1.01836
1.01136
1.00341
0.995763
0.989398
0.984762
0.981754
0.979884
0.978585
0.977515
0.976649
0.976174
0.976274
0.97691
0.977765
0.978389
0.978475
0.978133
0.977997
0.979059
0.982257
0.988026
0.995993
1.00505
1.01369
1.0205
1.02449
1.02519
1.02263
1.01716
1.00937
0.999846
0.989144
0.977719
0.965976
0.954329
0.943197
0.93304
0.92432
0.917406
0.912517
0.909644
0.908505
0.908564
0.909243
0.910137
0.911262
0.913132
0.916657
0.922762
0.932089
0.944733
0.960186
0.977381
0.994831
1.01095
1.02433
1.03407
1.03988
1.04201
1.04102
1.03761
1.03246
1.02624
1.01948
1.01263
1.00604
0.999936
0.994556
0.990124
0.986956
0.985426
0.985823
0.988322
0.99285
0.999059
1.00639
1.01408
1.65591
1.65553
1.64786
1.63271
1.6103
1.5814
1.54728
1.50972
1.47069
1.43219
1.39585
1.36277
1.33345
1.30795
1.28607
1.26765
1.2529
1.24252
1.23772
1.23983
1.24983
1.26749
1.29105
1.31763
1.34423
1.36876
1.39055
1.41
1.42781
1.44404
1.45783
1.46777
1.47257
1.47173
1.4656
1.45532
1.44236
1.4282
1.41386
1.39979
1.38606
1.37258
1.35953
1.34737
1.33677
1.32833
1.32234
1.31872
1.31714
1.31717
1.31842
1.3205
1.32316
1.32625
1.32969
1.33335
1.33696
1.34017
1.34282
1.34518
1.34776
1.35067
1.35323
1.35409
1.35206
1.34682
1.33934
1.33168
1.32619
1.32459
1.32714
1.33245
1.3381
1.34181
1.34255
1.34093
1.33865
1.33739
1.33777
1.33916
1.34034
1.34046
1.33953
1.33823
1.33727
1.33693
1.33679
1.33591
1.33317
1.32775
1.31953
1.30921
1.29821
1.28806
1.27987
1.27403
1.27024
1.26798
1.26686
1.2667
1.26743
1.26882
1.27037
1.2714
1.27118
1.26917
1.26533
1.26017
1.25471
1.25019
1.24757
1.24716
1.24877
1.25223
1.25766
1.26528
1.27454
1.28346
1.28892
1.28777
1.27831
1.26124
1.23977
1.21879
1.20317
1.19602
1.19772
1.20645
1.21949
1.23448
1.24994
1.26512
1.27967
1.29339
1.30613
1.31775
1.3282
1.33738
1.34507
1.35078
1.35376
1.3533
1.34924
1.34224
1.33379
1.32582
1.32007
1.31736
1.31717
1.31783
1.64603
1.63345
1.61074
1.57768
1.53569
1.48801
1.43949
1.39569
1.36157
1.34043
1.33327
1.33889
1.35445
1.37632
1.40091
1.42541
1.44816
1.46856
1.48665
1.50257
1.51622
1.52708
1.5344
1.53753
1.53638
1.53163
1.52493
1.51865
1.51522
1.51596
1.52008
1.52478
1.52625
1.52105
1.50723
1.48501
1.45705
1.42797
1.40287
1.38538
1.37644
1.37449
1.37658
1.37961
1.38109
1.37999
1.37742
1.37642
1.37997
1.3885
1.39993
1.41216
1.42483
1.43865
1.45387
1.46955
1.48396
1.49548
1.50332
1.50768
1.50935
1.50938
1.50896
1.50937
1.51154
1.51557
1.5206
1.52519
1.52812
1.52868
1.52677
1.52248
1.51575
1.5063
1.49387
1.47848
1.46072
1.44171
1.42268
1.40468
1.38856
1.37532
1.36613
1.36217
1.36418
1.37211
1.38499
1.40108
1.41825
1.43452
1.44885
1.46192
1.47591
1.49311
1.51383
1.53573
1.55522
1.56956
1.57778
1.58063
1.57993
1.57798
1.57673
1.5773
1.57967
1.58277
1.585
1.58513
1.58279
1.57864
1.57407
1.57042
1.5684
1.56788
1.56825
1.5688
1.56902
1.56845
1.56641
1.56189
1.55357
1.54009
1.52033
1.49393
1.46193
1.42677
1.39178
1.36016
1.33444
1.31672
1.30895
1.31271
1.32814
1.35335
1.38498
1.41925
1.4527
1.48246
1.50647
1.52376
1.53474
1.5412
1.54576
1.55094
1.55816
1.56718
1.57635
1.58332
1.58576
1.58194
1.63755
1.61765
1.59354
1.56947
1.55002
1.53845
1.53551
1.53961
1.54773
1.55653
1.56322
1.56617
1.56515
1.56121
1.55617
1.5518
1.54895
1.54717
1.54503
1.54095
1.53431
1.52594
1.51778
1.512
1.5099
1.51131
1.51485
1.51859
1.52086
1.52083
1.51868
1.51554
1.51306
1.51272
1.51511
1.51936
1.52352
1.5254
1.52338
1.5169
1.50665
1.49434
1.48247
1.47362
1.46953
1.47072
1.47682
1.48708
1.50032
1.5147
1.52789
1.53754
1.54194
1.54057
1.53434
1.52523
1.51543
1.50645
1.49877
1.49214
1.48635
1.48208
1.48108
1.48583
1.49848
1.51958
1.54758
1.57914
1.61028
1.63732
1.6576
1.66983
1.674
1.67126
1.66342
1.6523
1.63936
1.62531
1.61014
1.5933
1.57411
1.55222
1.52802
1.50286
1.47901
1.45913
1.4455
1.43937
1.44067
1.44819
1.46021
1.47498
1.49083
1.5059
1.51795
1.52482
1.52531
1.51978
1.51003
1.49863
1.48816
1.4809
1.47865
1.48259
1.49292
1.5086
1.52756
1.54751
1.56655
1.58398
1.60035
1.61685
1.63431
1.65244
1.66949
1.68279
1.68988
1.68948
1.68213
1.66991
1.65559
1.64124
1.62743
1.61336
1.59797
1.58155
1.56655
1.55655
1.55363
1.55691
1.56365
1.5713
1.5784
1.58426
1.58853
1.59119
1.59254
1.59315
1.59348
1.59365
1.59363
1.59347
1.59364
1.59491
1.598
1.6028
1.60815
1.61196
1.6124
1.60922
1.64397
1.63856
1.63573
1.63492
1.63434
1.63268
1.6299
1.62715
1.62646
1.63011
1.63959
1.65461
1.67289
1.6909
1.70467
1.71099
1.7084
1.69877
1.68824
1.68498
1.69356
1.71154
1.73191
1.74792
1.7555
1.75339
1.74253
1.72513
1.7037
1.68035
1.65616
1.63126
1.60605
1.58251
1.5641
1.55347
1.55018
1.55078
1.55143
1.55086
1.55182
1.55916
1.57482
1.59527
1.61452
1.62868
1.63736
1.64233
1.64584
1.64947
1.65375
1.65822
1.66186
1.66358
1.66247
1.65805
1.65033
1.64006
1.62871
1.61806
1.6095
1.6035
1.5995
1.59633
1.59287
1.58872
1.58463
1.58221
1.58279
1.58621
1.59062
1.5931
1.59113
1.58469
1.57818
1.57942
1.59348
1.61664
1.63896
1.6518
1.65173
1.63975
1.6193
1.59471
1.57008
1.54855
1.5319
1.52102
1.51667
1.51997
1.5319
1.55244
1.57998
1.61139
1.64275
1.67024
1.6908
1.70264
1.70543
1.70027
1.68947
1.67599
1.66288
1.65271
1.64717
1.64684
1.65139
1.65978
1.67059
1.68229
1.69324
1.70165
1.70569
1.70372
1.69468
1.67844
1.65584
1.62847
1.59842
1.56791
1.53909
1.51372
1.49307
1.47792
1.46847
1.46426
1.46414
1.4668
1.47135
1.47764
1.48594
1.49658
1.5095
1.52384
1.53776
1.54887
1.55493
1.55475
1.54882
1.53944
1.53028
1.52535
1.5276
1.5381
1.55613
1.57999
1.60766
1.63682
1.66439
1.68652
