-6.19788
-6.19242
-6.18225
-6.16657
-6.14634
-6.12031
-6.08839
-6.051
-6.00804
-5.96045
-5.90765
-5.85166
-5.79435
-5.73708
-5.68267
-5.63296
-5.5903
-5.55486
-5.52951
-5.51018
-5.4964
-5.48805
-5.48479
-5.48354
-5.48324
-5.48474
-5.48618
-5.48902
-5.49399
-5.50028
-5.50617
-5.51382
-5.52053
-5.52507
-5.52815
-5.5303
-5.53099
-5.53145
-5.53038
-5.52788
-5.52507
-5.52189
-5.51884
-5.51834
-5.51939
-5.52359
-5.53064
-5.53804
-5.54691
-5.55605
-5.56376
-5.56762
-5.56875
-5.56686
-5.56126
-5.55332
-5.5425
-5.5309
-5.5201
-5.51187
-5.50666
-5.5067
-5.50989
-5.51562
-5.52644
-5.53804
-5.55039
-5.56101
-5.56994
-5.5759
-5.57752
-5.57569
-5.57118
-5.56494
-5.55713
-5.54828
-5.54176
-5.53682
-5.53291
-5.53043
-5.52898
-5.52822
-5.52765
-5.52778
-5.52773
-5.52867
-5.52967
-5.5303
-5.52993
-5.53004
-5.52915
-5.53006
-5.53386
-5.53993
-5.54775
-5.5562
-5.56454
-5.57136
-5.57625
-5.57665
-5.57393
-5.56801
-5.55886
-5.54858
-5.53894
-5.52766
-5.51622
-5.50548
-5.4945
-5.48525
-5.47608
-5.46916
-5.46427
-5.4617
-5.45981
-5.45957
-5.46055
-5.4619
-5.46227
-5.46444
-5.46736
-5.47376
-5.48279
-5.49483
-5.51074
-5.52748
-5.54523
-5.5603
-5.57443
-5.58432
-5.59044
-5.59332
-5.59187
-5.58876
-5.58316
-5.57588
-5.56897
-5.56182
-5.55598
-5.54988
-5.54465
-5.54022
-5.53705
-5.53673
-5.53743
-5.53948
-5.54446
-5.55021
-5.55679
-5.56357
-5.57131
-5.57064
-5.56357
-5.54842
-5.52571
-5.49726
-5.46359
-5.42557
-5.38594
-5.34774
-5.3114
-5.27817
-5.24885
-5.2232
-5.20056
-5.18214
-5.16754
-5.15717
-5.15251
-5.15523
-5.16463
-5.18334
-5.20706
-5.23304
-5.26009
-5.28431
-5.30625
-5.32601
-5.34517
-5.36156
-5.37611
-5.38589
-5.3904
-5.38925
-5.38342
-5.37374
-5.36033
-5.34708
-5.33183
-5.3167
-5.30372
-5.29025
-5.2775
-5.26534
-5.25519
-5.24615
-5.24016
-5.23624
-5.2348
-5.2359
-5.23593
-5.23786
-5.23993
-5.24301
-5.246
-5.25026
-5.25417
-5.25769
-5.26079
-5.2633
-5.26634
-5.26849
-5.27166
-5.27222
-5.27094
-5.26464
-5.25686
-5.24965
-5.24432
-5.24211
-5.24481
-5.25027
-5.25562
-5.25858
-5.25992
-5.25815
-5.25557
-5.25506
-5.25589
-5.25699
-5.25832
-5.25844
-5.25796
-5.25545
-5.25433
-5.2543
-5.2537
-5.25176
-5.24812
-5.2433
-5.23478
-5.22447
-5.21422
-5.20377
-5.19482
-5.18792
-5.18444
-5.18187
-5.18105
-5.18074
-5.18208
-5.18347
-5.18593
-5.18741
-5.18688
-5.18533
-5.1821
-5.17739
-5.17178
-5.16696
-5.16479
-5.16407
-5.16629
-5.1693
-5.17564
-5.18386
-5.19282
-5.2022
-5.20751
-5.20636
-5.1972
-5.17922
-5.15775
-5.13601
-5.12114
-5.11414
-5.11599
-5.12487
-5.1361
-5.15049
-5.1658
-5.18068
-5.19523
-5.20956
-5.22199
-5.23316
-5.2427
-5.25278
-5.26123
-5.26785
-5.26917
-5.26886
-5.2648
-5.25765
-5.2492
-5.24183
-5.23578
-5.23246
-5.23092
-5.23128
-5.22682
-5.21393
-5.19078
-5.15741
-5.11572
-5.06728
-5.01846
-4.97299
-4.93902
-4.91804
-4.91087
-4.9174
-4.93311
-4.95468
-4.97898
-5.00287
-5.02441
-5.04466
-5.06275
-5.07882
-5.09262
-5.10394
-5.1111
-5.11499
-5.11414
-5.10954
-5.10208
-5.09505
-5.09237
-5.09341
-5.09754
-5.103
-5.10537
-5.09896
-5.08515
-5.06232
-5.03435
-5.00497
-4.98017
-4.96253
-4.95344
-4.95224
-4.95389
-4.95722
-4.95825
-4.95715
-4.95367
-4.95312
-4.95637
-4.9658
-4.97647
-4.98932
-5.00153
-5.01475
-5.03011
-5.0458
-5.06051
-5.07324
-5.08229
-5.0868
-5.08862
-5.08789
-5.08763
-5.08667
-5.08823
-5.09378
-5.09956
-5.10461
-5.10784
-5.10856
-5.10528
-5.10114
-5.09426
-5.08452
-5.07178
-5.05699
-5.03999
-5.02098
-5.00195
-4.98394
-4.96828
-4.95443
-4.94645
-4.94204
-4.94435
-4.95303
-4.96712
-4.98337
-5.00084
-5.0165
-5.03039
-5.04345
-5.05714
-5.0751
-5.09431
-5.11636
-5.136
-5.15109
-5.1581
-5.16186
-5.16116
-5.15936
-5.15841
-5.16049
-5.16287
-5.16566
-5.1676
-5.16742
-5.16553
-5.16093
-5.15576
-5.15287
-5.1516
-5.15108
-5.15205
-5.1523
-5.15177
-5.14969
-5.14719
-5.14207
-5.13466
-5.12118
-5.10081
-5.07336
-5.04256
-5.0071
-4.97256
-4.94185
-4.91537
-4.89855
-4.89064
-4.89409
-4.90922
-4.93504
-4.96682
-5.00018
-5.03318
-5.06234
-5.0865
-5.10318
-5.11387
-5.11957
-5.12428
-5.13082
-5.13728
-5.1463
-5.15502
-5.16259
-5.16458
-5.16046
-5.14662
-5.12657
-5.10381
-5.08019
-5.06074
-5.05023
-5.04729
-5.05079
-5.0586
-5.06771
-5.07471
-5.07645
-5.07603
-5.07194
-5.0675
-5.06479
-5.06104
-5.05926
-5.05651
-5.05197
-5.04534
-5.03576
-5.02715
-5.02061
-5.01926
-5.02219
-5.02618
-5.03022
-5.03249
-5.0317
-5.02925
-5.02551
-5.02348
-5.02208
-5.02402
-5.02798
-5.03214
-5.03462
-5.03169
-5.02567
-5.01496
-5.00159
-4.99048
-4.98162
-4.97723
-4.97797
-4.98438
-4.99493
-5.00847
-5.02301
-5.03681
-5.04645
-5.0498
-5.04843
-5.04174
-5.03248
-5.02223
-5.0137
-5.00617
-5.00029
-4.99496
-4.99084
-4.98923
-4.99353
-5.00663
-5.02789
-5.05422
-5.08473
-5.11708
-5.14503
-5.16561
-5.17769
-5.18201
-5.17957
-5.17158
-5.16016
-5.14691
-5.13271
-5.11769
-5.10146
-5.08242
-5.06159
-5.03754
-5.01177
-4.98762
-4.96713
-4.95426
-4.94768
-4.94882
-4.95679
-4.96912
-4.98344
-4.99868
-5.01421
-5.02656
-5.03374
-5.03422
-5.0293
-5.01834
-5.00648
-4.99601
-4.98905
-4.9868
-4.99044
-5.00213
-5.01871
-5.03753
-5.05823
-5.07652
-5.09471
-5.11213
-5.12802
-5.14579
-5.16271
-5.1793
-5.19261
-5.19924
-5.19869
-5.19179
-5.17927
-5.16434
-5.14984
-5.13664
-5.12272
-5.10702
-5.0903
-5.07545
-5.06651
-5.06314
-5.06672
-5.0727
-5.0802
-5.08806
-5.09347
-5.09804
-5.10085
-5.10234
-5.1031
-5.10389
-5.10406
-5.10404
-5.10388
-5.10435
-5.10532
-5.10871
-5.11367
-5.11932
-5.12419
-5.12433
-5.121
-5.11434
-5.10924
-5.10551
-5.1056
-5.10487
-5.1029
-5.10027
-5.09813
-5.09759
-5.10184
-5.11147
-5.12514
-5.14373
-5.16203
-5.17551
-5.18198
-5.17969
-5.16961
-5.15862
-5.15535
-5.16409
-5.18268
-5.20229
-5.21967
-5.22619
-5.22483
-5.21367
-5.19506
-5.17332
-5.15103
-5.1273
-5.103
-5.07839
-5.05485
-5.03614
-5.02566
-5.02177
-5.02313
-5.02363
-5.02306
-5.02371
-5.03241
-5.04943
-5.06989
-5.09004
-5.10405
-5.11198
-5.11649
-5.11939
-5.12241
-5.12669
-5.12996
-5.13481
-5.13744
-5.13633
-5.13221
-5.12449
-5.11543
-5.10302
-5.09056
-5.0826
-5.07705
-5.0726
-5.06943
-5.06612
-5.06167
-5.05773
-5.05471
-5.05558
-5.05916
-5.06372
-5.06605
-5.06514
-5.05779
-5.05053
-5.05176
-5.06536
-5.08808
-5.10996
-5.12416
-5.12454
-5.1124
-5.09074
-5.06615
-5.04122
-5.01892
-5.00243
-4.99185
-4.98932
-4.99231
-5.00454
-5.02569
-5.05308
-5.08509
-5.11782
-5.14471
-5.16542
-5.17741
-5.17974
-5.17428
-5.16242
-5.14864
-5.13523
-5.12551
-5.11936
-5.11888
-5.12282
-5.13061
-5.14082
-5.15237
-5.16408
-5.17189
-5.17563
-5.17335
-5.16401
-5.14868
-5.12517
-5.09689
-5.06668
-5.03678
-5.00736
-4.98229
-4.96149
-4.94739
-4.93779
-4.93298
-4.93256
-4.93492
-4.93841
-4.94531
-4.95345
-4.9647
-4.97792
-4.99105
-5.00331
-5.01503
-5.02185
-5.02151
-5.01664
-5.00771
-4.9981
-4.99361
-4.99632
-5.00712
-5.02576
-5.04931
-5.07744
-5.10751
-5.13493
-5.15737
