1.65998
1.65878
1.64513
1.6219
1.59537
1.57332
1.56177
1.56263
1.57407
1.5923
1.61322
1.63339
1.65052
1.66343
1.67187
1.67645
1.67857
1.67983
1.68111
1.68187
1.6803
1.67433
1.66266
1.64514
1.6227
1.59719
1.57121
1.54801
1.53077
1.52121
1.51855
1.52013
1.52311
1.52588
1.52825
1.53095
1.53488
1.54037
1.54674
1.55232
1.55528
1.55448
1.55001
1.54314
1.53579
1.52969
1.5256
1.52295
1.52015
1.51547
1.50799
1.49828
1.48846
1.48162
1.48045
1.48583
1.49643
1.50958
1.52272
1.53441
1.54457
1.554
1.56381
1.57477
1.58696
1.59961
1.61126
1.62003
1.6238
1.62056
1.60879
1.58809
1.55985
1.52748
1.49562
1.46833
1.44747
1.43268
1.42282
1.41735
1.41665
1.42122
1.43076
1.44391
1.45884
1.47396
1.48846
1.50223
1.51568
1.52947
1.54417
1.55982
1.57551
1.58947
1.59961
1.60428
1.60271
1.59532
1.58359
1.5697
1.55624
1.54558
1.53929
1.53784
1.54032
1.54456
1.54777
1.54737
1.54208
1.5326
1.5215
1.51228
1.50785
1.50944
1.51643
1.52685
1.53826
1.5482
1.55466
1.55633
1.55287
1.54485
1.5334
1.52011
1.50709
1.49735
1.49434
1.49999
1.51298
1.52973
1.54678
1.56228
1.57562
1.58655
1.59445
1.59837
1.59767
1.5924
1.58364
1.5734
1.56403
1.55736
1.55415
1.55409
1.55634
1.55952
1.56169
1.56062
1.55454
1.54323
1.52869
1.51492
1.50655
1.50721
1.51846
1.53938
1.56665
1.59541
1.62062
1.63852
1.6472
1.64642
1.63715
1.62086
1.59913
1.5733
1.54463
1.51478
1.48627
1.46224
1.44544
1.43743
1.43862
1.44839
1.4652
1.48685
1.51156
1.53822
1.56534
1.58997
1.60856
1.61854
1.6189
1.60962
1.59119
1.56469
1.53229
1.49753
1.46519
1.44038
1.42736
1.42851
1.44358
1.46977
1.50267
1.53774
1.57133
1.60076
1.62386
1.63873
1.64384
1.63841
1.62255
1.59753
1.56567
1.53019
1.49486
1.46374
1.44066
1.4287
1.42993
1.44519
1.47413
1.51501
1.56447
1.61782
1.66978
1.71575
1.75259
1.77906
1.79554
1.80343
1.80461
1.80078
1.7932
1.78238
1.76804
1.74928
1.72513
1.69526
1.66066
1.6237
1.58792
1.55737
1.53559
1.52399
1.52104
1.52347
1.52838
1.53443
1.54182
1.55162
1.56498
1.58236
1.6032
1.62594
1.64856
1.66939
1.68759
1.70303
1.71577
1.72555
1.73179
1.73412
1.73273
1.72823
1.72132
1.71235
1.70119
1.68749
1.67089
1.65134
1.62934
1.60608
1.58349
1.5642
1.55115
1.54656
1.55097
1.56281
1.57893
1.59585
1.61086
1.62265
1.63134
1.63809
1.64431
1.65084
1.6575
1.66337
1.66732
1.6686
1.6671
1.66317
1.65724
1.64953
1.64005
1.62886
1.61628
1.60281
1.58884
1.57436
1.55895
1.54219
1.52417
1.50587
1.48927
1.47686
1.47088
1.4726
1.48206
1.49823
1.51951
1.5441
1.57043
1.59737
1.62409
1.64983
1.67353
1.6937
1.70861
1.71671
1.71729
1.71096
1.69988
1.68735
1.67651
1.66902
1.66396
1.65807
1.64714
1.62816
1.60123
1.56985
1.53962
1.51607
1.50312
1.50248
1.51396
1.53608
1.56634
1.60127
1.63719
1.67105
1.70088
1.72552
1.74415
1.75599
1.76044
1.75746
1.74783
1.7332
1.71529
1.69489
1.67164
1.64492
1.6152
1.58466
1.55659
1.53419
1.51927
1.51187
1.51091
1.51545
1.52515
1.53971
1.55796
1.57791
1.59713
1.61337
1.6251
1.63176
1.63367
1.63138
1.62509
1.61441
1.59885
1.57836
1.55384
1.52734
1.50179
1.48038
1.46581
1.45947
1.46123
1.46945
1.48159
1.49491
1.50712
1.51687
1.52396
1.52927
1.53435
1.54094
1.55073
1.56505
1.58435
1.60767
1.63268
1.6565
1.67654
1.6909
1.69839
1.69845
1.69116
1.67728
1.65834
1.63677
1.6155
1.5974
1.58447
1.57728
1.57509
1.57631
1.57915
1.58183
1.58268
1.58025
1.57349
1.56247
1.54849
1.5336
1.51984
1.50868
1.50048
1.49405
1.48704
1.47763
1.46602
1.45451
1.44618
1.44351
1.44765
1.4581
1.47291
1.4893
1.50499
1.51946
1.53427
1.55203
1.57467
1.60237
1.63358
1.66567
1.69555
1.72012
1.73713
1.74564
1.74615
1.73986
1.72774
1.71022
1.68773
1.66139
1.63308
1.60479
1.57781
1.55264
1.52938
1.50827
1.48996
1.47541
1.46562
1.46159
1.46423
1.47438
1.49244
1.51794
1.54922
1.58333
1.61645
1.64476
1.66528
1.67627
1.67729
1.66891
1.65244
1.62995
1.60407
1.57754
1.55243
1.52955
1.5085
1.48827
1.46822
1.44873
1.43175
1.42099
1.42094
1.43424
1.45903
1.48947
1.51903
1.54305
1.55946
1.56856
1.57253
1.57452
1.57695
1.58043
1.5837
1.58458
1.58067
1.56987
1.55119
1.52527
1.49458
1.46323
1.43624
1.41834
1.41252
1.41915
1.43619
1.46007
1.48675
1.51217
1.53258
1.54507
1.54839
1.54337
1.53271
1.52018
1.50964
1.50415
1.5055
1.51387
1.52785
1.54476
1.5615
1.57551
1.58534
1.59061
1.59171
1.58934
1.58411
1.57643
1.56644
1.55422
1.54002
1.52445
1.50832
1.49238
1.47703
1.46243
1.44864
1.43616
1.42597
1.41916
1.41606
1.41583
1.41742
1.42092
1.42826
1.44196
1.46304
1.48988
1.51898
1.54674
1.57075
1.59002
1.60466
1.61524
1.62233
1.62615
1.62667
1.62379
1.61789
1.61002
1.60172
1.59448
1.58886
1.58416
1.57858
1.5701
1.55757
1.54144
1.52395
1.50866
1.49936
1.49903
1.50893
1.5281
1.55386
1.58275
1.61161
1.6381
1.6606
1.67782
1.68875
1.69275
1.68992
1.68124
1.66859
1.65447
1.64152
1.632
1.62752
1.62899
1.63666
1.64984
1.66663
1.68407
1.69903
1.70923
1.71379
1.71312
1.70862
1.70196
1.69459
1.68724
1.6799
1.67207
1.66313
1.65271
1.64081
1.62804
1.61575
1.60558
1.59848
1.59448
1.5933
1.5952
1.60102
1.61153
1.62652
1.64437
1.66256
1.67889
1.69211
1.70196
1.70883
1.71341
1.71653
1.71909
1.72182
1.72518
1.72919
1.73348
1.73726
1.73951
1.73916
1.73512
1.72646
1.71264
1.6936
1.67002
1.6433
1.61563
1.58982
1.56887
1.5554
1.55092
1.5552
1.56638
1.58192
1.60002
1.62009
1.64204
1.66509
1.68735
1.7066
1.72143
1.73201
1.73968
1.74608
1.75208
1.75722
1.75996
1.7583
1.75073
1.73674
1.71714
1.69389
1.66939
1.64526
1.62173
1.59823
1.57476
1.55278
1.53461
1.52221
1.51631
1.51623
1.52047
1.52726
1.53502
1.54239
1.54814
1.55147
1.55241
1.552
1.55202
1.55451
1.561
1.57226
1.58843
1.6089
1.63215
1.65581
1.67719
1.69394
1.70443
1.70792
1.70437
1.69425
1.67817
1.65667
1.63059
1.60167
1.57301
1.54877
1.53315
1.5291
1.53758
1.55736
1.58524
1.61648
1.64576
1.66841
1.6814
1.68405
1.67803
1.66655
1.65313
1.64044
1.63002
1.62267
1.61827
1.61506
1.60975
1.5992
1.58246
1.56153
1.54064
1.52405
1.514
1.50997
1.5099
1.51164
1.5136
1.51478
1.51494
1.5149
1.51631
1.52093
1.52976
1.54281
1.55939
1.57854
1.59908
1.61936
1.63708
1.64959
1.65451
1.65042
1.63714
1.61593
1.58965
1.56244
1.53891
1.52261
1.51435
1.5117
1.51056
1.50769
1.50218
1.49526
1.4892
1.48598
1.48645
1.49013
1.49574
1.5019
1.50777
1.51319
1.51849
1.52426
1.5312
1.54001
1.55121
1.56493
1.58062
1.5974
1.61437
1.63086
1.64641
1.66058
1.67266
1.68154
1.68588
1.68444
1.67672
1.66335
1.64612
1.6273
1.60864
1.59082
1.57403
1.55883
1.54642
1.538
1.53388
1.53325
1.53467
1.53669
1.53816
1.53825
1.53605
1.53057
1.52089
1.50666
1.48877
1.46998
1.45488
1.44859
1.4544
1.47221
1.49908
1.53115
1.56474
1.59647
1.62314
1.64216
1.65212
1.65312
1.64677
1.63561
1.62259
1.61034
1.60067
1.59436
1.59127
1.59068
1.59164
1.59309
1.59408
1.59382
1.59207
1.58913
1.58579
1.58307
1.58207
1.58368
1.58836
1.59598
1.60591
1.61731
1.62932
1.64118
1.65212
1.66117
1.66712
1.66881
1.66558
1.65771
1.64658
1.63427
1.62274
1.61325
1.60645
1.60265
1.60205
1.60443
1.60888
1.61373
1.61679
1.61597
1.61003
1.59908
1.58481
1.56992
1.55761
1.55094
1.55171
1.5592
1.57025
1.58098
1.58889
1.59363
1.59636
1.59816
1.59892
1.59747
1.59289
1.5857
1.57795
1.57216
1.56985
1.57063
1.57254
1.5731
1.57027
1.56273
1.54981
1.5316
1.50905
1.48425
1.4605
1.44164
1.43088
1.42963
1.4372
1.45149
1.47028
1.49193
1.51526
1.53911
1.56198
1.58203
1.59734
1.60637
1.6083
1.60348
1.59364
1.58173
1.57091
1.56314
1.55835
1.55492
1.55108
1.5459
1.53963
1.53317
1.52733
1.5221
1.51667
1.51024
1.50265
1.49469
1.48816
1.48595
1.49105
1.50469
1.52455
1.54544
1.56191
1.57076
1.57199
1.56845
1.56436
1.56324
1.56626
1.57206
1.57801
1.58171
1.58195
1.57894
1.57394
1.56868
1.56467
1.56253
1.56166
1.56037
1.55665
1.54905
1.53732
1.52284
1.50886
1.4998
1.49958
1.50951
1.52776
1.55085
1.57572
1.60038
1.62328
1.64262
1.65629
1.66246
1.66014
1.64969
1.63293
1.61284
1.59288
1.57624
1.56508
1.56021
1.56123
1.567
1.57625
1.58785
1.60078
1.61387
1.62575
1.63517
1.64133
1.6444
1.64528
1.64507
1.64453
1.64392
1.64352
1.64396
1.64598
1.65001
1.65643
1.66665
1.68294
1.70612
1.73362
1.76074
1.78335
1.79916
1.80703
1.80585
1.79409
1.77041
1.73487
1.6901
1.64145
1.59596
1.56007
1.53769
1.52952
1.53403
1.54864
1.57047
1.59649
1.62353
1.64857
1.66916
1.68377
1.69177
1.6931
1.68803
1.6769
1.6603
1.6392
1.6152
1.59033
1.56685
1.54686
1.53213
1.52386
1.52236
1.52694
1.53598
1.54745
1.55937
1.5702
1.57892
1.58495
1.58817
1.58883
1.58752
1.58493
1.58161
1.57798
1.57433
1.57099
1.56837
1.56684
1.56667
1.56774
1.56939
1.57035
1.56903
1.56402
1.55462
1.54112
1.52468
1.50725
1.49139
1.47989
1.47507
1.47823
1.48954
1.5081
1.53185
1.55756
1.5811
1.59821
1.60544
1.60118
1.58652
1.56562
1.54471
1.52936
1.52171
1.52006
1.52094
1.5213
1.51968
1.51611
1.5118
1.50834
1.50717
1.50919
1.51459
1.52291
1.53306
1.54355
1.55267
1.55891
1.56128
1.55946
1.55375
1.54492
1.534
1.52232
1.51151
1.50355
1.50048
1.504
1.51486
1.53249
1.55495
1.57951
1.60341
1.62448
1.64102
1.65152
1.65446
1.64862
1.63358
1.61029
1.58126
1.5505
1.52298
1.50366
1.49614
1.50147
1.51742
1.53893
1.55952
1.57334
1.5768
1.56949
1.55399
1.53462
1.51572
1.50029
1.4896
1.48344
1.48089
1.48075
1.48191
1.48364
1.48559
1.48778
1.49053
1.49478
1.50228
1.51484
1.53314
1.55599
1.58044
1.60248
1.61776
1.62239
1.61374
1.59134
1.55734
1.5163
1.47407
1.43605
1.40567
1.38404
1.37087
1.36552
1.36754
1.37635
1.39075
1.40872
1.42788
1.44612
1.46219
1.47576
1.4872
1.49724
1.50699
1.51819
1.53318
1.55419
1.58201
1.61525
1.6509
1.6856
1.71638
1.74066
1.75627
1.76184
1.75753
1.74543
1.72937
1.71372
1.70204
1.69598
1.69508
1.6974
1.70034
1.70124
1.69778
1.6885
1.67325
1.6537
1.63329
1.61642
1.60661
1.60476
1.60894
1.61566
1.62161
1.6244
1.62241
1.6146
1.6006
1.58081
1.55652
1.52962
1.50233
1.47695
1.45556
1.43994
1.43148
1.43091
1.43826
1.45278
1.47308
1.49727
1.52317
1.54856
1.57133
1.58979
1.60281
1.60997
1.61151
1.6082
1.60107
1.59136
1.58023
1.56842
1.55604
1.54268
1.52778
1.51131
1.49394
1.47726
1.46347
1.45504
1.4542
1.46234
1.47965
1.50494
1.53573
1.56848
1.59928
1.62453
1.64174
1.64979
1.64886
1.64025
1.62599
1.60856
1.59065
1.57482
1.56316
1.55687
1.5559
1.55883
1.56321
1.56622
1.56538
1.55919
1.54759
1.53214
1.51584
1.50212
1.4936
1.49097
1.49288
1.49688
1.50059
1.50211
1.50032
1.49505
1.48705
1.47793
1.4698
1.46485
1.46469
1.46975
1.47903
1.49046
1.5018
1.51175
1.52053
1.52947
1.53999
1.55251
1.56629
1.58001
1.59254
1.60314
1.61118
1.61601
1.61707
1.61446
1.609
1.60185
1.59385
1.58537
1.57674
1.56879
1.56305
1.56124
1.56448
1.57277
1.58476
1.59794
1.60932
1.6163
1.61762
1.61396
1.60793
1.60304
1.60208
1.60555
1.61133
1.61551
1.61427
1.60524
1.58787
1.56324
1.53359
1.50224
1.47354
1.45216
1.44143
1.44202
1.45242
1.47031
1.49359
1.52028
1.54834
1.57564
1.60008
1.6199
1.63396
1.64212
1.64535
1.64557
1.64514
1.64583
1.64792
1.6501
1.65037
1.64746
1.64152
1.63396
1.62692
1.62301
1.62492
1.6345
1.65146
1.67293
1.69463
1.71292
1.72619
1.73487
1.74035
1.74386
1.74586
1.74634
1.74555
1.74455
1.74491
1.74774
1.75277
1.75816
1.76138
1.7602
1.7533
1.74055
1.72282
1.70175
1.67894
1.65533
1.63071
1.604
1.57398
1.5405
1.50546
1.4728
1.44725
1.43247
1.42965
1.4376
1.45383
1.47544
1.49959
1.5236
1.54512
1.56252
1.57519
1.58362
1.58925
1.59417
1.60077
1.61085
1.62466
1.6403
1.65433
1.66322
1.6644
1.6567
1.6404
1.61715
1.58984
1.56192
1.53657
1.51588
1.50053
1.48974
1.482
1.47585
1.47077
1.46732
1.46657
1.46945
1.47614
1.48599
1.49762
1.50927
1.51908
1.52535
1.52658
1.52197
1.51169
1.49733
1.48162
1.46782
1.45901
1.45732
1.46353
1.47696
1.49597
1.51845
1.54231
1.5656
1.58656
1.60385
1.61699
1.62647
1.63323
1.63768
1.63909
1.63599
1.62738
1.61378
1.59786
1.58421
1.57785
1.58159
1.59445
1.6124
1.63078
1.64642
1.65827
1.66685
1.67303
1.67723
1.67915
1.67821
1.67438
1.66873
1.66352
1.66154
1.66503
1.67461
1.68889
1.70496
1.71951
1.72979
1.73421
1.73235
1.72485
1.71332
1.70006
1.68768
1.67829
1.6727
1.67039
1.66999
1.67017
1.67037
1.67065
1.67092
1.67025
1.66685
1.65867
1.64418
1.62293
1.59608
1.56666
1.53915
1.51825
1.50721
1.50654
1.51413
1.52644
1.53986
1.55168
1.56029
1.5652
1.56703
1.56735
1.56809
1.57062
1.57485
1.57899
1.58019
1.5758
1.56444
1.54669
1.52499
1.50286
1.48392
1.47112
1.46608
1.46913
1.47958
1.49602
1.5167
1.53986
1.56391
1.58758
1.60999
1.63032
1.64736
1.65945
1.66481
1.66232
1.65213
1.63589
1.61635
1.59676
1.58024
1.5694
1.56582
1.56956
1.57883
1.5903
1.60019
1.60543
1.60458
1.59798
1.58723
1.57439
1.5614
1.54991
1.54138
1.53704
1.53754
1.54281
1.55232
1.56549
1.5817
1.59993
1.61863
1.6361
1.65109
1.66298
1.67146
1.67638
1.67779
1.67624
1.67267
1.66802
1.66256
1.65578
1.64689
1.63539
1.62156
1.60628
1.59077
1.57639
1.56462
1.55687
1.55394
1.5556
1.56058
1.56697
1.57275
1.57624
1.57618
1.57202
1.56413
1.55394
1.54372
1.53573
1.53118
1.52992
1.53125
1.53483
1.54079
1.54905
1.55869
1.568
1.57513
1.57889
1.57932
1.57783
1.57659
1.57754
1.58148
1.58779
1.59496
1.60143
1.60621
1.60904
1.61032
1.61078
1.61109
1.61156
1.61215
1.61259
1.61254
1.61181
1.61049
1.60902
1.60798
1.60762
1.6074
1.606
1.60165
1.59291
1.5794
1.56213
1.54345
1.52652
1.51455
1.5099
1.51339
1.5238
1.53818
1.55302
1.56548
1.57395
1.57798
1.57831
1.57713
1.57784
1.58408
1.59796
1.61871
1.64284
1.66571
1.68338
1.69381
1.69705
1.69476
1.68931
1.68285
1.67644
1.66988
1.66193
1.65086
1.63489
1.61298
1.58533
1.55392
1.52259
1.49618
1.47917
1.47403
1.48042
1.49547
1.51509
1.53534
1.55344
1.5678
1.57768
1.58264
1.58252
1.57773
1.56954
1.55971
1.54995
1.54134
1.53425
1.52851
1.5236
1.51877
1.51315
1.50601
1.49698
1.48601
1.47345
1.45984
1.44598
1.43288
1.42191
1.415
1.41426
1.42117
1.43552
1.45526
1.47724
1.49841
1.51655
1.53054
1.54026
1.54623
1.54911
1.54916
1.54608
1.53923
1.52813
1.51313
1.49583
1.47908
1.46644
1.46101
1.46392
1.47381
1.48765
1.50237
1.51597
1.52772
1.53762
1.54551
1.5507
1.55217
1.54939
1.54317
1.53598
1.53141
1.53242
1.53924
1.5495
1.56005
1.5687
1.57477
1.57866
1.58132
1.58396
1.58757
1.59258
1.5983
1.60312
1.60508
1.60295
1.59707
1.58953
1.58339
1.58142
1.585
1.5939
1.60681
1.62225
1.63893
1.65565
1.67112
1.68397
1.69297
1.69728
1.69635
1.69011
1.67917
1.66527
1.65093
1.63839
1.6285
1.62046
1.6127
1.60399
1.59411
1.584
1.57555
1.57106
1.57239
1.57971
1.59076
1.60142
1.60755
1.60663
1.59843
1.58482
1.56944
1.55707
1.55244
1.55844
1.57507
1.59981
1.6288
1.65798
1.68371
1.70303
1.71387
1.71532
1.7078
1.69314
1.6743
1.65439
1.63559
1.61849
1.60242
1.58671
1.57159
1.55838
1.54894
1.54495
1.54723
1.5556
1.56871
1.58416
1.59881
1.60916
1.61207
1.60559
1.5898
1.5673
1.54291
1.52201
1.50824
1.50189
1.50038
1.50003
1.49805
1.4933
1.48636
1.47888
1.47276
1.46935
1.46895
1.47082
1.47364
1.47625
1.47843
1.48121
1.48651
1.4963
1.51172
1.53248
1.5569
1.58241
1.60629
1.62632
1.64109
1.65011
1.65365
1.65255
1.64808
1.64155
1.63412
1.62657
1.61925
1.61201
1.60421
1.59483
1.58248
1.56561
1.54279
1.51328
1.47754
1.43771
1.39777
1.36291
1.33811
1.32644
1.32796
1.34027
1.36039
1.38633
1.41734
1.45251
1.48914
1.52276
1.54879
1.56432
1.56909
1.565
1.55498
1.54199
1.52862
1.51668
1.50696
1.49946
1.49394
1.49062
1.49035
1.49392
1.50126
1.51084
1.51972
1.52427
1.52134
1.50978
1.4922
1.47591
1.4701
1.47935
1.50008
1.52435
1.54583
1.56186
1.57248
1.57905
1.58322
1.58615
1.5881
1.58833
1.58556
1.57911
1.57021
1.56238
1.55939
1.56225
1.5686
1.57504
1.57952
1.58192
1.58344
1.58559
1.58923
1.59405
1.59896
1.60327
1.60821
1.6165
1.62937
1.64438
1.65696
1.66403
1.66547
1.66341
1.6606
1.65942
1.66125
1.6662
1.6732
1.68042
1.68594
1.68811
1.68551
1.67682
1.66059
1.63568
1.60178
1.56024
1.51439
1.46916
1.42983
1.40081
1.38505
1.38378
1.39633
1.42004
1.45054
1.48289
1.51262
1.5364
1.55233
1.55984
1.55948
1.55278
1.54197
1.52949
1.51752
1.50754
1.50002
1.49452
1.49011
1.48606
1.48248
1.48092
1.48401
1.49375
1.50962
1.52858
1.54677
1.56128
1.57074
1.57509
1.57526
1.57284
1.56961
1.56707
1.56578
1.56518
1.564
1.56081
1.55467
1.54557
1.53446
1.52313
1.51384
1.50882
1.50957
1.5161
1.52681
1.53908
1.55027
1.55857
1.56321
1.56414
1.5619
1.55783
1.55399
1.55269
1.55564
1.56348
1.57578
1.59089
1.60563
1.61592
1.61824
1.61106
1.59531
1.57389
1.5508
1.53049
1.51722
1.5144
1.5236
1.54383
1.57181
1.60322
1.63403
1.66131
1.68338
1.69953
1.70939
1.71251
1.70794
1.6941
1.66929
1.63331
1.58999
1.54873
1.52095
1.51184
1.5172
1.52941
1.54333
1.55696
1.56947
1.57983
1.58667
1.58896
1.58678
1.58159
1.57605
1.57304
1.57461
1.58116
1.59136
1.6027
1.61277
1.62017
1.62507
1.62881
1.63322
1.63964
1.64823
1.65815
1.66796
1.67643
1.68299
1.68764
1.69063
1.69218
1.69264
1.69297
1.69497
1.70042
1.70986
1.72184
1.7334
1.74136
1.74327
1.7377
1.72414
1.70295
1.67541
1.64394
1.61231
1.58507
1.56609
1.55683
1.55587
1.56025
1.56708
1.57437
1.58109
1.58689
1.59167
1.5954
1.59813
1.59997
1.6012
1.60219
1.60331
1.60458
1.60556
1.60545
1.60338
1.59903
1.59296
1.58675
1.58272
1.5831
1.58897
1.59951
1.61214
1.62333
1.62962
1.62855
1.61937
1.60323
1.5829
1.56194
1.54373
1.53059
1.52378
1.52431
1.53318
1.55095
1.57664
1.60729
1.63851
1.66556
1.68436
1.69213
1.68777
1.67194
1.64685
1.61551
1.58066
1.54429
1.50784
1.47312
1.4428
1.42013
1.40822
1.40953
1.42564
1.45662
1.49983
1.54927
1.59716
1.6367
1.66376
1.67678
1.67611
1.66326
1.64066
1.61197
1.58222
1.55741
1.54319
1.5429
1.55621
1.57917
1.60598
1.63098
1.65011
1.66099
1.66248
1.65404
1.63519
1.60583
1.56723
1.52359
1.48254
1.45305
1.44117
1.44661
1.46353
1.4846
1.50434
1.51986
1.53014
1.5354
1.5373
1.53882
1.54297
1.55049
1.55877
1.56375
1.56367
1.56172
1.56487
1.57823
1.60025
1.62464
1.64594
1.66222
1.67409
1.68237
1.68719
1.68821
1.68516
1.67821
1.6682
1.65658
1.64507
1.6349
1.62634
1.61882
1.6115
1.60375
1.59526
1.58594
1.5757
1.56445
1.55219
1.53955
1.52841
1.52212
1.52397
1.53445
1.55009
1.56561
1.57676
1.58157
1.58021
1.57439
1.56677
1.56044
1.55814
1.56165
1.57119
1.58526
1.60095
1.61457
1.62258
1.62254
1.61398
1.59882
1.58116
1.56634
1.55923
1.56257
1.57606
1.59687
1.6209
1.64382
1.66187
1.67209
1.6726
1.66258
1.6422
1.61259
1.57605
1.53633
1.49856
1.46866
1.45165
1.44967
1.46109
1.48131
1.50464
1.52611
1.54234
1.55171
1.554
1.54975
1.5398
1.52509
1.50686
1.48689
1.46741
1.45065
1.43836
1.43142
1.42975
1.43276
1.4396
1.44961
1.46227
1.47696
1.49272
1.50813
1.52158
1.5317
1.53796
1.54104
1.54262
1.5446
1.54817
1.55334
1.55907
1.56398
1.56709
1.56833
1.56869
1.56974
1.57275
1.57819
1.58559
1.59407
1.60266
1.61056
1.61709
1.62147
1.62267
1.61963
1.61149
1.59816
1.58082
1.56196
1.54476
1.53194
1.52489
1.52362
1.52732
1.53491
1.54521
1.55697
1.5688
1.5795
1.58824
1.59468
1.59878
1.60056
1.60006
1.59741
1.59288
1.58707
1.58074
1.57451
1.56846
1.56187
1.55344
1.5419
1.52678
1.5088
1.48978
1.47195
1.45701
1.4455
1.4369
1.43064
1.42696
1.42713
1.43262
1.44399
1.46036
1.48004
1.50151
1.52427
1.54864
1.57506
1.60317
1.63144
1.65744
1.67855
1.6928
1.69927
1.69819
1.69042
1.67703
1.65897
1.63722
1.61305
1.58805
1.56375
1.54112
1.52054
1.50237
1.4877
1.47846
1.47661
1.48297
1.49651
1.51478
1.53494
1.5547
1.5728
1.58889
1.60319
1.61591
1.62685
1.63526
1.63987
1.63938
1.63292
1.62048
1.60308
1.58274
1.56223
1.54442
1.53149
1.52421
1.52189
1.52286
1.5252
1.52727
1.52792
1.52674
1.52413
1.5214
1.52037
1.52276
1.52938
1.53976
1.55234
1.56492
1.57513
1.58107
1.58193
1.57836
1.57235
1.5667
1.5641
1.5662
1.57292
1.58252
1.59205
1.59838
1.59918
1.59348
1.58207
1.56707
1.55111
1.53633
1.52384
1.51388
1.50647
1.50178
1.50017
1.50166
1.5059
1.51221
1.51984
1.52816
1.53663
1.54486
1.55258
1.55972
1.56621
1.57174
1.57558
1.57659
1.57386
1.5674
1.55882
1.55117
1.54773
1.5504
1.55858
1.5696
1.58028
1.58853
1.59402
1.59784
1.60172
1.60713
1.61487
1.62494
1.63677
1.64945
1.66187
1.67273
1.68058
1.68397
1.68187
1.67444
1.66344
1.65184
1.64186
1.63325
1.62383
1.61163
1.5969
1.58239
1.57229
1.57013
1.57669
1.58919
1.60278
1.61285
1.61668
1.61394
1.6063
1.59671
1.58841
1.5839
1.5841
1.58788
1.59247
1.59461
1.59209
1.58506
1.57621
1.5691
1.56569
1.56498
1.56426
1.56137
1.55596
1.54919
1.54264
1.53735
1.53365
1.53155
1.53108
1.53237
1.53545
1.54015
1.54614
1.55298
1.56029
1.56793
1.57605
1.58506
1.5955
1.60778
1.62186
1.63706
1.65203
1.66509
1.67468
1.6799
1.68078
1.67834
1.67422
1.67011
1.66739
1.66672
1.6679
1.66994
1.67137
1.67092
1.6682
1.66419
1.66074
1.65908
1.65857
1.65695
1.6518
1.64188
1.62729
1.60889
1.58774
1.56485
1.54111
1.51736
1.49474
1.47488
1.4598
1.45126
1.45027
1.45683
1.46999
1.48784
1.50767
1.52636
1.54116
1.55052
1.55459
1.55489
1.55333
1.55126
1.54926
1.54746
1.54591
1.54438
1.54223
1.53875
1.53392
1.52889
1.52551
1.52543
1.52927
1.5364
1.54539
1.55478
1.56362
1.57175
1.57952
1.58758
1.59664
1.60717
1.61886
1.63018
1.6388
1.64273
1.64118
1.6346
1.62387
1.60957
1.5916
1.56934
1.54284
1.51438
1.48919
1.47303
1.46753
1.46898
1.47231
1.47582
1.48187
1.49435
1.51519
1.54255
1.57177
1.59776
1.61665
1.62629
1.62574
1.61522
1.59618
1.57141
1.54472
1.52017
1.50092
1.48848
1.48255
1.48161
1.48393
1.48843
1.49491
1.50374
1.51526
1.52928
1.54504
1.56142
1.57722
1.5915
1.60372
1.61386
1.62224
1.62924
1.63472
1.63773
1.63685
1.63075
1.61904
1.60282
1.58477
1.5687
1.55861
1.55763
1.56681
1.58461
1.60742
1.63093
1.65158
1.66732
1.67753
1.68241
1.68251
1.67839
1.67086
1.66097
1.64995
1.63872
1.62778
1.6175
1.6085
1.60168
1.59785
1.5973
1.59957
1.60339
1.60699
1.60854
1.60659
1.60056
1.59103
1.5797
1.56899
1.56151
1.55948
1.56413
1.57547
1.59232
1.61271
1.63444
1.65551
1.67437
1.69006
1.70212
1.71054
1.71574
1.71841
1.71931
1.71898
1.71775
1.71596
1.7143
1.71382
1.71556
1.71983
1.7258
1.73156
1.73473
1.73329
1.7263
1.71425
1.69913
1.68418
1.67313
1.66907
1.67325
1.68441
1.6991
1.71308
1.72282
1.7264
1.7238
1.7165
1.70681
1.69735
1.69062
1.68836
1.69092
1.69676
1.70271
1.70509
1.70103
1.68943
1.67106
1.64815
1.6235
1.60005
1.58034
1.5661
1.5578
1.55444
1.55384
1.55352
1.55166
1.54758
1.54158
1.53427
1.52613
1.51769
1.5102
1.50589
1.50737
1.51618
1.53171
1.55156
1.57254
1.59144
1.6055
1.61263
1.61219
1.60538
1.59464
1.58287
1.5726
1.5656
1.56256
1.56301
1.56551
1.56804
1.56856
1.56569
1.55877
1.54748
1.5315
1.51054
1.48495
1.45624
1.42731
1.40236
1.38607
1.38258
1.39409
1.41967
1.45529
1.49508
1.53337
1.56634
1.59238
1.61127
1.62304
1.62735
1.62362
1.61179
1.59306
1.57012
1.54683
1.52737
1.51524
1.51237
1.51872
1.5325
1.55066
1.56968
1.58621
1.59764
1.60255
1.60082
1.59355
1.58261
1.57008
1.55777
1.54703
1.53877
1.53381
1.533
1.53702
1.54561
1.55676
1.56686
1.57249
1.57225
1.56746
1.56134
1.55756
1.55917
1.56793
1.5842
1.60689
1.63359
1.66085
1.6848
1.70187
1.70956
1.70692
1.6949
1.67621
1.65501
1.63603
1.6235
1.61978
1.62448
1.63461
1.64576
1.65364
1.6551
1.64845
1.63336
1.61063
1.58199
1.54982
1.51686
1.48596
1.45964
1.43978
1.42745
1.42301
1.42644
1.43735
1.4547
1.47665
1.5006
1.52386
1.54473
1.56308
1.58019
1.59745
1.61509
1.63177
1.64543
1.65441
1.65798
1.65626
1.64967
1.63854
1.62313
1.6042
1.58344
1.56318
1.54524
1.52999
1.51684
1.50568
1.49759
1.49422
1.49657
1.50415
1.515
1.52644
1.53606
1.54241
1.54529
1.54545
1.54386
1.54104
1.53688
1.53103
1.52332
1.51399
1.50363
1.49317
1.48395
1.47747
1.47488
1.47665
1.48268
1.49284
1.50727
1.52616
1.54942
1.57655
1.60683
1.63926
1.67228
1.7037
1.73084
1.75118
1.76297
1.76548
1.75911
1.74511
1.72523
1.70146
1.67592
1.65072
1.62806
1.61017
1.59881
1.59481
1.5976
1.60516
1.61441
1.62205
1.62536
1.62294
1.61507
1.60372
1.59192
1.58259
1.57716
1.57509
1.57422
1.57209
1.56711
1.5592
1.5496
1.54006
1.53207
1.52638
1.52289
1.52105
1.5202
1.51996
1.52042
1.52198
1.52518
1.53034
1.53736
1.54574
1.55491
1.56476
1.57586
1.5888
1.60337
1.61803
1.63058
1.63916
1.64312
1.6428
1.63885
1.63153
1.62047
1.60515
1.58576
1.56383
1.54199
1.52334
1.51094
1.5073
1.51299
1.52598
1.54317
1.56265
1.58402
1.60698
1.63034
1.65223
1.67077
1.68407
1.69025
1.68763
1.67549
1.65493
1.62894
1.60179
1.57765
1.55946
1.54854
1.54473
1.54706
1.55445
1.56603
1.58077
1.59732
1.61393
1.62877
1.63997
1.64581
1.645
1.63699
1.62212
1.60163
1.57724
1.55074
1.52414
1.50031
1.48339
1.47748
1.48386
1.49894
1.51556
1.52635
1.52635
1.51387
1.49032
1.45976
1.42848
1.40367
1.39141
1.39481
1.41354
1.4447
1.48387
1.52585
1.56501
1.59601
1.61528
1.62259
1.62114
1.61622
1.61286
1.61357
1.61765
1.62268
1.62648
1.62835
1.62883
1.62892
1.62952
1.63107
1.63351
1.63636
1.63866
1.63895
1.63542
1.62632
1.6106
1.58872
1.56315
1.53871
1.52177
1.51789
1.52849
1.54978
1.57515
1.59859
1.6162
1.62594
1.62709
1.62012
1.60656
1.58898
1.57043
1.55367
1.54031
1.53042
1.52287
1.51612
1.50892
1.5009
1.49253
1.48495
1.47913
1.47532
1.47258
1.46923
1.46368
1.45538
1.44529
1.43599
1.43102
1.43314
1.44246
1.45627
1.47102
1.48416
1.4944
1.50097
1.50334
1.50157
1.49669
1.49082
1.48652
1.48572
1.48897
1.49524
1.50251
1.50864
1.51201
1.51191
1.50893
1.50545
1.50552
1.51371
1.53262
1.56093
1.59392
1.62594
1.6525
1.67089
1.67987
1.67926
1.66982
1.6532
1.63186
1.60875
1.58699
1.56939
1.55789
1.5533
1.55509
1.56132
1.56883
1.57398
1.57373
1.56659
1.55293
1.53442
1.51342
1.49249
1.47444
1.4625
1.45996
1.469
1.4894
1.51804
1.55016
1.58139
1.6089
1.63133
1.64792
1.65804
1.66151
1.65909
1.65219
1.64246
1.63121
1.61905
1.60602
1.59216
1.57814
1.56545
1.55569
1.54948
1.54609
1.54419
1.54319
1.54372
1.54714
1.5546
1.56618
1.58058
1.59515
1.60651
1.61132
1.60727
1.59358
1.57109
1.54218
1.51034
1.4798
1.45494
1.43942
1.43552
1.4437
1.46247
1.48869
1.518
1.54532
1.56578
1.57588
1.57463
1.56435
1.55035
1.53948
1.53771
1.54773
1.56784
1.5929
1.61669
1.63405
1.6422
1.64081
1.63137
1.61648
1.59903
1.58155
1.56587
1.55318
1.54435
1.5403
1.54203
1.55029
1.56515
1.5857
1.61008
1.63589
1.66067
1.6822
1.69874
1.70902
1.71231
1.70839
1.69765
1.68123
1.661
1.63944
1.61903
1.60129
1.58601
1.57157
1.55621
1.53976
1.52432
1.51338
1.50972
1.51367
1.52307
1.53448
1.54496
1.553
1.55871
1.56312
1.56747
1.57258
1.57861
1.58517
1.5917
1.598
1.60462
1.61254
1.62279
1.6356
1.65002
1.66401
1.67509
1.68111
1.6807
1.67313
1.65811
1.63578
1.60702
1.57404
1.5406
1.51152
1.49117
1.48166
1.48223
1.49
1.50173
1.51503
1.52887
1.54326
1.55841
1.57412
1.58943
1.60275
1.61258
1.61813
1.61961
1.61808
1.6146
1.60973
1.60339
1.5954
1.58592
1.57557
1.56501
1.55456
1.54414
1.53358
1.52302
1.51333
1.5064
1.50519
1.51299
1.53181
1.56092
1.59684
1.63515
1.67197
1.70461
1.7316
1.75252
1.76795
1.77902
1.78674
1.79164
1.79349
1.79139
1.784
1.77013
1.74926
1.7219
1.6896
1.65469
1.61983
1.58759
1.55994
1.53803
1.52224
1.51235
1.508
1.50877
1.51404
1.52272
1.53324
1.54392
1.55319
1.55983
1.56312
1.56309
1.56055
1.55674
1.55281
1.54955
1.54732
1.54622
1.54619
1.54691
1.5477
1.54762
1.5457
1.54136
1.53464
1.5264
1.51817
1.51165
1.50808
1.50772
1.50959
1.51193
1.51286
1.51105
1.50588
1.4973
1.48557
1.47108
1.45462
1.4382
1.42573
1.42242
1.43229
1.45583
1.48977
1.52905
1.56866
1.60433
1.63238
1.64987
1.65493
1.64725
1.62807
1.5999
1.56593
1.52939
1.4931
1.45918
1.42912
1.4041
1.38558
1.3755
1.37588
1.38749
1.40868
1.43554
1.46388
1.49119
1.51662
1.53926
1.55717
1.56829
1.57193
1.56923
1.56253
1.55454
1.54766
1.54358
1.54286
1.54482
1.54777
1.54962
1.54883
1.54484
1.53826
1.53066
1.52408
1.52045
1.52107
1.52611
1.53455
1.54449
1.55391
1.56145
1.56681
1.57053
1.57337
1.57569
1.57714
1.57663
1.57251
1.56299
1.5466
1.52269
1.49172
1.45553
1.41764
1.38344
1.35982
1.35334
1.36751
1.40084
1.4472
1.49828
1.54646
1.58643
1.61549
1.6329
1.63925
1.63592
1.62468
1.60754
1.58665
1.56424
1.54268
1.5244
1.51151
1.50534
1.5061
1.5129
1.52408
1.53759
1.55116
1.56258
1.57003
1.5726
1.57073
1.56611
1.56124
1.55825
1.55819
1.561
1.56604
1.57281
1.58113
1.59087
1.60172
1.6131
1.6245
1.6356
1.64604
1.65503
1.66121
1.66314
1.65991
1.65127
1.63744
1.61882
1.59613
1.57088
1.54542
1.52246
1.50449
1.49318
1.4892
1.49238
1.50206
1.51734
1.53713
1.55999
1.58422
1.60821
1.63067
1.65089
1.66872
1.68431
1.69787
1.70948
1.71895
1.72585
1.72952
1.72916
1.72403
1.71376
1.69869
1.68013
1.66033
1.64203
1.6275
1.61755
1.61159
1.60841
1.60707
1.60715
1.60869
1.6119
1.6168
1.62291
1.62896
1.63299
1.63265
1.62562
1.61002
1.58493
1.55096
1.5112
1.47181
1.44091
1.425
1.42502
1.43584
1.44961
1.45997
1.46413
1.46307
1.46092
1.46324
1.47442
1.49549
1.52393
1.5552
1.58471
1.60928
1.62754
1.63935
1.64522
1.64578
1.64171
1.63363
1.62229
1.60859
1.59362
1.5785
1.56446
1.55291
1.5456
1.54447
1.55118
1.56628
1.58833
1.61375
1.63799
1.65697
1.66835
1.67153
1.66707
1.65607
1.63992
1.62029
1.59912
1.57835
1.55931
1.54236
1.52706
1.51267
1.49887
1.48616
1.47583
1.4696
1.46905
1.47504
1.4874
1.505
1.52608
1.54839
1.56943
1.58683
1.59892
1.60537
1.60735
1.6071
1.60678
1.60741
1.60851
1.60863
1.60638
1.60145
1.595
1.58942
1.58736
1.59051
1.59867
1.60975
1.62077
1.62903
1.63294
1.63229
1.62814
1.62243
1.61752
1.61546
1.61709
1.62148
1.62632
1.62895
1.62752
1.62162
1.61232
1.60189
1.59311
1.58848
1.58932
1.59538
1.60517
1.61674
1.62849
1.63943
1.64891
1.6563
1.6606
1.66045
1.65464
1.64331
1.62902
1.61645
1.61054
1.61389
1.62556
1.64222
1.6602
1.67667
1.68985
1.69858
1.70202
1.69946
1.69031
1.67441
1.65232
1.62552
1.59624
1.56681
1.53878
1.5127
1.48926
1.4714
1.4642
1.47035
1.48585
1.50247
1.51399
1.51904
1.51985
1.51971
1.52138
1.52665
1.53646
1.55086
1.56877
1.58778
1.60457
1.61571
1.61867
1.61292
1.60048
1.58546
1.57227
1.56346
1.55867
1.55562
1.55189
1.54605
1.53757
1.52645
1.51323
1.49929
1.48688
1.47864
1.47656
1.48109
1.4908
1.50275
1.51356
1.52047
1.52221
1.51933
1.51426
1.51082
1.51305
1.52364
1.54261
1.56748
1.59461
1.62091
1.64448
1.66433
1.67973
1.68969
1.69298
1.6883
1.67464
1.65199
1.62221
1.58965
1.56035
1.53977
1.53052
1.53208
1.54217
1.55812
1.57703
1.59543
1.60957
1.61639
1.61458
1.60512
1.59081
1.57543
1.56301
1.55723
1.56052
1.57315
1.59355
1.6192
1.64724
1.67443
1.69697
1.71119
1.7145
1.70636
1.68836
1.66365
1.63618
1.61009
1.58953
1.57808
1.57782
1.58814
1.60562
1.62551
1.64366
1.65764
1.66651
1.67012
1.6685
1.66142
1.6484
1.62897
1.60322
1.5723
1.5387
1.50647
1.48117
1.46904
1.4752
1.50033
1.53924
1.58346
1.62522
1.65948
1.68355
1.69617
1.69706
1.68696
1.66778
1.64277
1.61611
1.5922
1.57448
1.56451
1.56175
1.56423
1.56976
1.57672
1.58423
1.59171
1.59836
1.60328
1.60597
1.60679
1.60663
1.60588
1.60381
1.59903
1.59067
1.57907
1.56571
1.55261
1.54157
1.53364
1.52894
1.52673
1.52576
1.52485
1.52326
1.52087
1.5182
1.51606
1.51525
1.51624
1.51902
1.52303
1.5274
1.53148
1.53519
1.53914
1.54431
1.55132
1.5598
1.56844
1.57605
1.58276
1.58997
1.59913
1.6104
1.6224
1.63313
1.64085
1.64476
1.64494
1.64199
1.63657
1.62891
1.61869
1.60514
1.58754
1.56573
1.54045
1.51348
1.48727
1.46446
1.44734
1.43746
1.43524
1.43978
1.44883
1.45939
1.46874
1.47557
1.48066
1.4866
1.49639
1.51174
1.53212
1.55505
1.57721
1.5955
1.60823
1.61542
1.61842
1.61857
1.61597
1.60966
1.5989
1.58422
1.56743
1.55079
1.5361
1.52437
1.51597
1.51064
1.50756
1.50557
1.50372
1.50205
1.50166
1.50405
1.51
1.51873
1.52792
1.5345
1.53613
1.53243
1.52492
1.5158
1.50662
1.49848
1.49252
1.48986
1.49135
1.49745
1.5082
1.52293
1.54012
1.55749
1.57284
1.58463
1.59249
1.59695
1.59891
1.59897
1.59722
1.59346
1.58756
1.57953
1.56942
1.55731
1.54347
1.52862
1.51458
1.50411
1.50025
1.50476
1.51679
1.53296
1.54907
1.56193
1.57023
1.57462
1.57701
1.58008
1.58618
1.59648
1.61039
1.62599
1.64096
1.65331
1.66174
1.66559
1.66482
1.65984
1.65146
1.64062
1.62824
1.61513
1.60202
1.58973
1.57931
1.57198
1.56892
1.57081
1.57727
1.58674
1.59681
1.60512
1.61033
1.6125
1.61302
1.61372
1.61599
1.62031
1.62643
1.63377
1.64181
1.65005
1.65787
1.66434
1.66847
1.66949
1.66698
1.66081
1.65112
1.6385
1.62437
1.61087
1.60032
1.59438
1.59351
1.59713
1.60409
1.61316
1.62323
1.63318
1.64189
1.64828
1.65143
1.65093
1.64686
1.63967
1.62982
1.61776
1.60399
1.58915
1.57424
1.56037
1.54847
1.53917
1.53307
1.5313
1.53565
1.54813
1.56988
1.60011
1.63585
1.67275
1.70615
1.73217
1.74835
1.75406
1.75044
1.74006
1.72617
1.71198
1.70009
1.69198
1.68771
1.68581
1.68368
1.67831
1.66717
1.64871
1.6229
1.59153
1.55826
1.52832
1.50726
1.49919
1.50514
1.52268
1.54688
1.57223
1.59427
1.61017
1.6186
1.61939
1.61336
1.60226
1.58868
1.57554
1.56517
1.55854
1.55494
1.5524
1.54879
1.54306
1.53603
1.5304
1.52982
1.53722
1.55346
1.57685
1.60383
1.63037
1.6533
1.67093
1.68304
1.69044
1.69423
1.69534
1.69414
1.69036
1.68341
1.67266
1.65776
1.63887
1.61703
1.59428
1.57342
1.55713
1.54688
1.54215
1.54072
1.53948
1.53569
1.52815
1.51797
1.50844
1.503
1.50243
1.50411
1.50426
1.50063
1.49326
1.48389
1.47523
1.47019
1.4713
1.47991
1.49577
1.51704
1.54069
1.56326
1.5817
1.59384
1.59871
1.59645
1.58808
1.57534
1.56033
1.54516
1.5316
1.52078
1.51316
1.5088
1.50784
1.51084
1.51866
1.53197
1.55032
1.57194
1.59414
1.614
1.62906
1.6377
1.63912
1.63339
1.62124
1.60422
1.5847
1.56554
1.54906
1.53605
1.52564
1.51684
1.5104
1.50892
1.51467
1.52692
1.5416
1.55356
1.55903
1.55645
1.54612
1.52975
1.51039
1.49186
1.47735
1.4684
1.46493
1.4659
1.46988
1.47545
1.48163
1.4885
1.49732
1.50987
1.52704
1.54777
1.5692
1.58792
1.60113
1.60717
1.60547
1.59622
1.58007
1.55787
1.5306
1.49965
1.46745
1.43836
1.41908
1.41642
1.43245
1.46174
1.49475
1.52351
1.54411
1.55614
1.56125
1.56188
1.56075
1.56033
1.56243
1.5678
1.57569
1.58408
1.59061
1.59332
1.59127
1.5845
1.57368
1.55984
1.54445
1.52956
1.51777
1.5114
1.51147
1.51713
1.52607
1.53552
1.54308
1.54715
1.54705
1.54297
1.53586
1.52743
1.51986
1.51541
1.51574
1.52135
1.53155
1.54486
1.55938
1.57321
1.58464
1.5921
1.59436
1.59078
1.58156
1.56772
1.55107
1.5338
1.5182
1.50635
1.49973
1.49861
1.50153
1.50581
1.50902
1.51011
1.50975
1.50958
1.5113
1.51598
1.52386
1.53441
1.54646
1.55835
1.5681
1.57384
1.57423
1.56896
1.55892
1.54635
1.53445
1.52641
1.52399
1.52671
1.53275
1.54031
1.54812
1.55525
1.5606
1.56285
1.56095
1.55463
1.54478
1.53316
1.52145
1.51055
1.50058
1.49208
1.48659
1.48604
1.4913
1.50143
1.51429
1.52796
1.54184
1.55635
1.57176
1.58706
1.59991
1.60761
1.60853
1.60301
1.59325
1.58222
1.57237
1.56496
1.55977
1.55543
1.55011
1.54235
1.53162
1.51856
1.50488
1.49319
1.48659
1.48786
1.49848
1.51793
1.54379
1.5725
1.60033
1.62408
1.64147
1.6514
1.65406
1.65084
1.64393
1.63558
1.62718
1.61859
1.60842
1.59501
1.57731
1.55548
1.53087
1.50551
1.48149
1.46066
1.44434
1.43328
1.42762
1.42717
1.43182
1.44172
1.45676
1.47594
1.49695
1.51686
1.53308
1.54412
1.54999
1.55196
1.55195
1.55155
1.5515
1.55192
1.55291
1.55501
1.55904
1.56579
1.57526
1.58618
1.59588
1.60119
1.59939
1.58922
1.57124
1.5476
1.52135
1.49562
1.47293
1.45521
1.44408
1.44087
1.44608
1.45885
1.47673
1.49635
1.51449
1.52922
1.54049
1.54987
1.55961
1.57114
1.58395
1.5959
1.60447
1.60796
1.60601
1.59947
1.59012
1.58027
1.57234
1.5683
1.56902
1.57407
1.58199
1.59091
1.59934
1.60658
1.61267
1.61803
1.62286
1.62664
1.62813
1.62637
1.62279
1.62291
1.63355
1.65583
1.68264
1.70443
1.71499
1.71223
1.69657
1.66992
1.63536
1.59678
1.55847
1.52445
1.49813
1.4822
1.47854
1.48767
1.50813
1.5363
1.56698
1.59469
1.61497
1.62542
1.6259
1.61815
1.60507
1.58991
1.57559
1.56422
1.55705
1.55459
1.55723
1.56559
1.58034
1.60136
1.62688
1.65358
1.67739
1.69424
1.70062
1.69412
1.67428
1.64376
1.60932
1.58152
1.57127
1.58382
1.61533
1.65559
1.69415
1.72402
1.74213
1.74793
1.74173
1.72382
1.69464
1.65576
1.61075
1.56531
1.52613
1.49867
1.48509
1.48408
1.49243
1.50651
1.52307
1.53959
1.55456
1.56751
1.57894
1.58991
1.60174
1.61562
1.63204
1.65031
1.66833
1.68299
1.69107
1.6903
1.68012
1.66188
1.63848
1.61367
1.591
1.57277
1.55943
1.54979
1.54205
1.53506
1.52883
1.52412
1.52148
1.52047
1.5195
1.51664
1.51058
1.50123
1.4897
1.47767
1.46664
1.45736
1.44963
1.4425
1.43455
1.42425
1.41069
1.39453
1.37869
1.36796
1.36714
1.37845
1.40025
1.42828
1.45811
1.48696
1.51382
1.53858
1.56103
1.5803
1.59524
1.60515
1.61052
1.61303
1.61482
1.61734
1.62054
1.62312
1.62339
1.62031
1.61387
1.60513
1.59597
1.58855
1.58473
1.58559
1.59123
1.60087
1.61317
1.62654
1.6396
1.65143
1.66161
1.67016
1.67722
1.68286
1.68697
1.6892
1.68888
1.68507
1.67657
1.66231
1.64185
1.61576
1.5858
1.55467
1.52574
1.50246
1.48788
1.48407
1.49174
1.50977
1.53524
1.56396
1.59153
1.61463
1.63167
1.64273
1.64884
1.65105
1.64983
1.64475
1.63506
1.62022
1.60051
1.57722
1.55228
1.52788
1.50575
1.48693
1.47174
1.46006
1.45151
1.44549
1.4413
1.43837
1.43656
1.43661
1.44018
1.44922
1.46458
1.48518
1.5086
1.53245
1.55525
1.57615
1.59429
1.60831
1.61664
1.61819
1.61295
1.60229
1.58868
1.57487
1.5631
1.55459
1.54982
1.54891
1.55197
1.55917
1.5706
1.58607
1.60482
1.62549
1.64627
1.6654
1.68152
1.69395
1.70264
1.70798
1.71059
1.71107
1.70998
1.70769
1.7045
1.70085
1.69747
1.69523
1.695
1.69718
1.7013
1.70623
1.71073
1.71405
1.71622
1.71784
1.71977
1.72268
1.72669
1.73133
1.73564
1.73865
1.73966
1.73848
1.73547
1.73147
1.72764
1.7251
1.72434
1.72486
1.72514
1.72301
1.71632
1.70371
1.68496
1.66123
1.63499
1.60951
1.588
1.57275
1.56461
1.56344
1.56867
1.5794
1.594
1.61004
1.6249
1.6365
1.64388
1.64704
1.64647
1.6427
1.6361
1.62658
1.61343
1.59551
1.57211
1.54409
1.5145
1.48834
1.47133
1.4679
1.4794
1.50364
1.53605
1.57166
1.6066
1.63867
1.66697
1.69125
1.71135
1.72688
1.73727
1.74191
1.74031
1.73232
1.71816
1.69863
1.67489
1.64848
1.62099
1.59385
1.56812
1.54471
1.52471
1.50983
1.502
1.50239
1.51052
1.52422
1.54093
1.55873
1.57677
1.59461
1.61121
1.62483
1.63387
1.63795
1.63796
1.63552
1.63223
1.62903
1.62592
1.62219
1.61677
1.60879
1.59766
1.58297
1.56453
1.54263
1.51878
1.49624
1.47921
1.47051
1.46969
1.47388
1.48023
1.48721
1.49416
1.50041
1.50504
1.50726
1.50706
1.50548
1.50475
1.50773
1.51691
1.53319
1.55534
1.58071
1.60659
1.63132
1.65453
1.67651
1.69765
1.71809
1.73764
1.75584
1.77208
1.78565
1.79579
1.80157
1.80184
1.79544
1.78163
1.76066
1.7342
1.70521
1.67743
1.65424
1.63747
1.62695
1.62083
1.61669
1.61289
1.6094
1.60736
1.60814
1.61228
1.61927
1.62795
1.63692
1.64483
1.65033
1.65206
1.64869
1.63908
1.6228
1.60074
1.57537
1.55011
1.52817
1.5115
1.50054
1.49466
1.49269
1.49304
1.49373
1.49279
1.48903
1.48281
1.47611
1.47174
1.47215
1.47855
1.49097
1.50878
1.53119
1.55684
1.5836
1.60874
1.62951
1.64387
1.65079
1.65007
1.64208
1.62757
1.60756
1.58363
1.55838
1.53556
1.51917
1.51117
1.50979
1.51047
1.50864
1.50159
1.48897
1.4726
1.45613
1.44386
1.4387
1.44051
1.44665
1.45428
1.4624
1.47176
1.48308
1.4953
1.50588
1.51223
1.51286
1.5077
1.49791
1.4858
1.47439
1.4667
1.46468
1.46868
1.47778
1.49032
1.50393
1.51521
1.52
1.51466
1.49735
1.46883
1.43236
1.39348
1.35934
1.33735
1.33258
1.34518
1.37011
1.40019
1.42954
1.45541
1.47784
1.49861
1.52002
1.54351
1.56842
1.59166
1.60879
1.6161
1.61174
1.5959
1.57052
1.53941
1.50898
1.48627
1.47484
1.47323
1.47794
1.48583
1.49432
1.5016
1.50715
1.51164
1.51627
1.52166
1.52748
1.533
1.53782
1.54205
1.5458
1.54881
1.55038
1.54966
1.54605
1.53927
1.52938
1.51674
1.50217
1.48698
1.4729
1.46201
1.45675
1.45968
1.47272
1.49606
1.52756
1.56344
1.59964
1.63269
1.66027
1.68104
1.69469
1.70177
1.7036
1.70189
1.69799
1.69231
1.68405
1.67148
1.65278
1.6269
1.59428
1.55718
1.51932
1.48512
1.45861
1.44245
1.43731
1.44198
1.45387
1.47008
1.48814
1.50632
1.52368
1.53991
1.55501
1.56908
1.58207
1.5934
1.60184
1.60591
1.6046
1.59813
1.58797
1.57659
1.56653
1.5594
1.55526
1.55263
1.54915
1.54261
1.5319
1.51753
1.5014
1.48604
1.47392
1.46661
1.4645
1.46688
1.47254
1.48041
1.49011
1.50198
1.51653
1.53338
1.55075
1.56589
1.57608
1.57925
1.57429
1.56126
1.54159
1.51798
1.49398
1.47347
1.4599
1.45575
1.46197
1.47761
1.49969
1.52381
1.54517
1.55972
1.56499
1.56054
1.54805
1.53091
1.51348
1.50011
1.49412
1.49719
1.50901
1.52756
1.54973
1.57252
1.59396
1.61329
1.63035
1.64463
1.65507
1.66046
1.66014
1.65437
1.64411
1.63048
1.61442
1.59662
1.57778
1.55897
1.54172
1.52794
1.51943
1.51722
1.52125
1.53043
1.54337
1.55906
1.57675
1.59542
1.61342
1.62873
1.63954
1.64453
1.6432
1.63614
1.62499
1.61215
1.60002
1.59023
1.58326
1.57859
1.57535
1.57296
1.57149
1.5717
1.57454
1.58059
1.58947
1.59985
1.60985
1.61763
1.62169
1.62121
1.61638
1.60846
1.59956
1.59176
1.58616
1.5826
1.57998
1.57671
1.57109
1.56182
1.54838
1.53142
1.51269
1.49455
1.47953
1.4696
1.46591
1.46892
1.47861
1.49464
1.51625
1.54217
1.57054
1.59916
1.62573
1.64818
1.66489
1.67493
1.67827
1.67587
1.66956
1.66194
1.65555
1.65204
1.65153
1.65253
1.65282
1.65033
1.64375
1.63254
1.61678
1.59704
1.57441
1.55085
1.52932
1.51321
1.5052
1.5059
1.51342
1.52405
1.53366
1.53892
1.53802
1.53082
1.51869
1.50412
1.49033
1.48046
1.47677
1.47962
1.48724
1.49672
1.50538
1.5122
1.51794
1.52445
1.53337
1.54504
1.55832
1.57112
1.58141
1.58787
1.59002
1.58792
1.58186
1.57247
1.56073
1.548
1.53572
1.52509
1.51679
1.51083
1.50655
1.50276
1.49816
1.49165
1.48261
1.47078
1.45642
1.44055
1.42528
1.4136
1.40828
1.41072
1.42037
1.43526
1.45301
1.47179
1.49069
1.50964
1.52909
1.54956
1.57143
1.59484
1.6196
1.645
1.66969
1.69183
1.70956
1.72157
1.72743
1.72773
1.72388
1.71758
1.71006
1.70149
1.69085
1.67681
1.65895
1.63855
1.61815
1.60027
1.58618
1.57581
1.5687
1.56474
1.56404
1.56632
1.57067
1.57609
1.58224
1.58906
1.59534
1.59853
1.59617
1.58742
1.57337
1.55631
1.53907
1.52446
1.51502
1.51262
1.51772
1.52884
1.54277
1.55568
1.5644
1.56727
1.56424
1.55625
1.54482
1.53192
1.51991
1.51118
1.50735
1.50893
1.51522
1.52469
1.53531
1.54494
1.55168
1.55436
1.55292
1.54843
1.54264
1.53767
1.53546
1.53742
1.54401
1.5546
1.56772
1.58164
1.59477
1.6059
1.61423
1.61927
1.62079
1.61902
1.615
1.61118
1.61126
1.61843
1.63269
1.64999
1.66465
1.67236
1.67156
1.6632
1.65002
1.63569
1.6237
1.61653
1.61519
1.61915
1.62651
1.63448
1.64006
1.64075
1.63551
1.62562
1.61475
1.60792
1.60931
1.62025
1.639
1.66178
1.68401
1.70145
1.71079
1.71018
1.69965
1.68112
1.6581
1.63472
1.61469
1.60033
1.59234
1.58983
1.5909
1.59352
1.59644
1.5997
1.60376
1.60787
1.60922
1.60413
1.58991
1.56623
1.5355
1.50276
1.47532
1.46106
1.46511
1.48666
1.51927
1.55417
1.58401
1.60494
1.6172
1.6243
1.63062
1.63816
1.64499
1.64698
1.64075
1.62539
1.60245
1.57519
1.54753
1.52305
1.50426
1.49237
1.4873
1.48818
1.49369
1.50248
1.51353
1.52637
1.54096
1.55741
1.57546
1.59413
1.61172
1.62605
1.63499
1.63677
1.63031
1.61529
1.59228
1.56273
1.52914
1.49512
1.46532
1.44469
1.4372
1.44414
1.46339
1.49024
1.51917
1.54529
1.56502
1.57601
1.57714
1.56868
1.5526
1.53257
1.51311
1.49806
1.48932
1.4866
1.48826
1.49235
1.49762
1.50391
1.51199
1.52271
1.53607
1.55074
1.56453
1.57518
1.5808
1.58041
1.57432
1.56452
1.5545
1.54801
1.54741
1.55316
1.56508
1.5835
1.60856
1.63865
1.66999
1.69801
1.719
1.73072
1.73201
1.72258
1.70297
1.67491
1.64118
1.60537
1.57131
1.54244
1.52143
1.50966
1.50665
1.50988
1.51565
1.52049
1.52264
1.52252
1.5223
1.52433
1.52963
1.53695
1.54333
1.54546
1.54128
1.53103
1.51725
1.50374
1.49386
1.48934
1.4908
1.49941
1.51713
1.5443
1.57757
1.6111
1.63979
1.66105
1.67457
1.68093
1.68048
1.67323
1.65951
1.64064
1.61919
1.59858
1.5821
1.57209
1.56915
1.57194
1.57756
1.58291
1.58583
1.58558
1.58234
1.57648
1.56828
1.55822
1.54745
1.53746
1.52919
1.52229
1.51563
1.50876
1.50301
1.50075
1.50341
1.51033
1.51917
1.52706
1.53157
1.53117
1.52553
1.51545
1.50248
1.48855
1.47544
1.4642
1.45474
1.44589
1.43596
1.42409
1.41141
1.40084
1.39534
1.39655
1.40473
1.41888
1.43678
1.4552
1.47074
1.48077
1.48422
1.48182
1.47592
1.4696
1.46558
1.46542
1.46919
1.47594
1.48434
1.49307
1.50086
1.50655
1.50941
1.50943
1.50737
1.50444
1.50186
1.50044
1.50048
1.50173
1.50351
1.50477
1.5045
1.50217
1.49796
1.49268
1.48741
1.4832
1.48094
1.48148
1.48558
1.4935
1.50462
1.51744
1.53028
1.54228
1.55413
1.56757
1.5837
1.60125
1.61655
1.62561
1.62607
1.61801
1.60394
1.58826
1.576
1.57093
1.57391
1.58278
1.59397
1.60417
1.6111
1.61334
1.60989
1.60003
1.58338
1.56005
1.53087
1.49779
1.46418
1.43481
1.41509
1.409
1.41688
1.43474
1.45625
1.47564
1.48941
1.49652
1.49786
1.49549
1.4922
1.49106
1.49499
1.50629
1.52576
1.55205
1.58171
1.61031
1.63386
1.64966
1.65642
1.65409
1.6437
1.62734
1.60784
1.58837
1.57208
1.56186
1.56014
1.56841
1.58639
1.61171
1.64016
1.6667
1.68681
1.69747
1.69753
1.68781
1.67091
1.65084
1.6318
1.61657
1.60538
1.59644
1.58747
1.57689
1.56393
1.54812
1.52911
1.50702
1.48333
1.46089
1.44293
1.43155
1.42691
1.42761
1.43175
1.43777
1.4449
1.453
1.46202
1.47163
1.48105
1.48939
1.49585
1.50017
1.50312
1.50643
1.5125
1.52336
1.53975
1.56072
1.58401
1.60689
1.6268
1.6418
1.65069
1.65322
1.6503
1.64366
1.63509
1.62522
1.61328
1.59839
1.58104
1.56344
1.54868
1.53924
1.53598
1.53793
1.5429
1.54847
1.55281
1.55513
1.55577
1.55609
1.55793
1.56304
1.57224
1.58472
1.59786
1.60789
1.61131
1.60627
1.5932
1.57444
1.55369
1.53553
1.52515
1.52778
1.54673
1.58096
1.62474
1.66987
1.70866
1.73604
1.75039
1.75315
1.7478
1.73826
1.7275
1.71701
1.70702
1.69737
1.68825
1.6804
1.67487
1.67252
1.6735
1.67701
1.68158
1.68566
1.68819
1.68875
1.68721
1.68327
1.67636
1.66583
1.65141
1.63359
1.61388
1.59505
1.58071
1.57423
1.577
1.5875
1.60194
1.61589
1.6257
1.62903
1.62492
1.61362
1.59631
1.57481
1.55116
1.52696
1.50303
1.4795
1.45637
1.43422
1.4145
1.39915
1.38962
1.38614
1.38762
1.39218
1.39769
1.40221
1.40448
1.40463
1.40464
1.40821
1.41963
1.44198
1.47564
1.51783
1.56356
1.60726
1.64421
1.67131
1.68702
1.69093
1.68361
1.66662
1.64263
1.61541
1.58927
1.56803
1.55389
1.54682
1.54516
1.54671
1.54973
1.55328
1.55682
1.55987
1.5618
1.56203
1.5602
1.55611
1.54967
1.5407
1.52876
1.5134
1.49426
1.47145
1.44584
1.41931
1.39522
1.37853
1.37476
1.38744
1.41548
1.45326
1.49341
1.52988
1.55921
1.58007
1.59268
1.59853
1.60026
1.60154
1.60637
1.61767
1.63572
1.65789
1.67981
1.69726
1.7076
1.71023
1.70618
1.69746
1.68641
1.67515
1.66521
1.65726
1.65128
1.64702
1.64424
1.64255
1.64104
1.63822
1.63274
1.62448
1.61479
1.60547
1.59718
1.58918
1.58034
1.57037
1.56015
1.55158
1.54743
1.55118
1.56597
1.59271
1.6286
1.66768
1.70316
1.72999
1.74601
1.75189
1.75013
1.74375
1.73534
1.72632
1.71663
1.70497
1.68963
1.66923
1.64347
1.61338
1.58132
1.55069
1.52507
1.50709
1.49759
1.49534
1.49801
1.50349
1.51077
1.51993
1.53136
1.54486
1.55937
1.5736
1.58674
1.59853
1.60881
1.61716
1.62292
1.62565
1.62551
1.62376
1.62253
1.62364
1.62684
1.62969
1.62908
1.62299
1.61129
1.59552
1.57813
1.56176
1.54875
1.54119
1.54099
1.54938
1.56563
1.5864
1.60666
1.62145
1.62724
1.62265
1.60846
1.58728
1.56288
1.53939
1.52038
1.50796
1.50223
1.50149
1.50311
1.50458
1.5043
1.50181
1.49771
1.49344
1.49111
1.49315
1.50146
1.51655
1.53722
1.56125
1.58601
1.60879
1.62729
1.64039
1.64859
1.65371
1.65782
1.66183
1.66511
1.66632
1.66455
1.65992
1.65315
1.64477
1.63482
1.62331
1.61064
1.59763
1.58513
1.57383
1.56437
1.5578
1.55578
1.56011
1.57142
1.58805
1.60628
1.622
1.6324
1.63661
1.63524
1.6293
1.61955
1.60663
1.59161
1.57622
1.56226
1.55082
1.54184
1.53452
1.52806
1.52239
1.51855
1.51823
1.52291
1.53301
1.54786
1.56618
1.5868
1.60861
1.63023
1.64969
1.66459
1.67273
1.67261
1.66383
1.64727
1.62533
1.60183
1.58114
1.5665
1.55836
1.5544
1.55116
1.54625
1.53933
1.53197
1.52664
1.52539
1.52882
1.53599
1.54509
1.55434
1.56251
1.56906
1.5739
1.57726
1.57993
1.58379
1.59191
1.60718
1.63016
1.65789
1.68521
1.70705
1.71986
1.72193
1.71313
1.69463
1.66868
1.63857
1.60854
1.58323
1.56655
1.56044
1.56451
1.57652
1.59335
1.61165
1.62814
1.64009
1.64574
1.64481
1.63851
1.62903
1.61894
1.61078
1.60699
1.60994
1.6215
1.64202
1.66966
1.70038
1.7293
1.75207
1.76589
1.76992
1.76478
1.75198
1.73307
1.70916
1.68075
1.64803
1.61137
1.57172
1.5311
1.49259
1.45997
1.43682
1.42568
1.42743
1.44083
1.46276
1.48888
1.51497
1.53807
1.5572
1.57355
1.58986
1.60907
1.63241
1.65821
1.68253
1.70113
1.71093
1.71082
1.70181
1.68658
1.66883
1.65219
1.63915
1.63041
1.625
1.621
1.61628
1.60934
1.5998
1.5886
1.57776
1.56979
1.56691
1.57037
1.57986
1.59359
1.60881
1.62273
1.6333
1.63962
1.64172
1.64017
1.6356
1.62841
1.61883
1.60713
1.5938
1.57936
1.56414
1.54834
1.53254
1.51837
1.50852
1.5056
1.51045
1.52129
1.53474
1.54759
1.5579
1.56499
1.56843
1.5671
1.5594
1.54492
1.52602
1.50771
1.49529
1.49151
1.49568
1.50499
1.5165
1.52825
1.53926
1.54913
1.55767
1.56463
1.5697
1.57265
1.57342
1.57235
1.57009
1.5675
1.56554
1.56525
1.56762
1.57331
1.5823
1.59368
1.60579
1.6167
1.62459
1.62824
1.62734
1.62259
1.61542
1.60762
1.60067
1.59516
1.59067
1.58622
1.58111
1.57571
1.57118
1.56853
1.56784
1.56837
1.56908
1.56873
1.56571
1.55831
1.54573
1.52908
1.51195
1.49954
1.49655
1.50471
1.52189
1.54344
1.56443
1.58132
1.59239
1.59735
1.59673
1.59113
1.58089
1.56611
1.54705
1.52456
1.50019
1.47587
1.45315
1.43293
1.41561
1.40167
1.39185
1.38704
1.38786
1.39432
1.40579
1.4213
1.44017
1.4622
1.48726
1.51439
1.54147
1.56563
1.58406
1.5947
1.59677
1.59114
1.58076
1.5707
1.56603
1.56793
1.57224
1.57297
1.56656
1.55287
1.53371
1.51135
1.48795
1.46583
1.44759
1.43585
1.43282
1.43981
1.45689
1.48252
1.51344
1.5454
1.57422
1.59659
1.61028
1.61392
1.60702
1.59062
1.56811
1.54534
1.52907
1.52339
1.52718
1.53537
1.54286
1.54714
1.54841
1.54866
1.55052
1.55618
1.56645
1.58038
1.59544
1.60853
1.61699
1.61947
1.61635
1.60972
1.60286
1.59915
1.60066
1.60735
1.61687
1.62551
1.6296
1.62666
1.61608
1.59908
1.5785
1.55798
1.54124
1.53168
1.53187
1.54284
1.56346
1.59026
1.61856
1.6439
1.66299
1.67394
1.6759
1.66881
1.65362
1.63235
1.60806
1.58395
1.56244
1.54478
1.53159
1.52365
1.52198
1.52703
1.5377
1.55146
1.56576
1.57895
1.59016
1.59883
1.60441
1.60678
1.60646
1.60434
1.60054
1.59404
1.5835
1.56887
1.55208
1.53627
1.52425
1.51724
1.51474
1.51532
1.51764
1.52105
1.52533
1.53002
1.53392
1.53516
1.5318
1.52264
1.50791
1.48952
1.4708
1.45556
1.44682
1.44561
1.45076
1.45956
1.46901
1.47688
1.48197
1.48418
1.48414
1.48278
1.48102
1.47938
1.47794
1.47658
1.47528
1.47421
1.47356
1.4733
1.47299
1.47182
1.46888
1.46356
1.45604
1.44767
1.44083
1.43821
1.4418
1.45206
1.46833
1.48918
1.51228
1.53414
1.55084
1.55949
1.55917
1.55106
1.53787
1.52302
1.50992
1.50164
1.50055
1.50789
1.52329
1.54457
1.56828
1.59062
1.60836
1.61949
1.62339
1.62068
1.61299
1.60237
1.5907
1.57942
1.56939
1.56113
1.55484
1.55011
1.54572
1.53988
1.53131
1.51988
1.50634
1.49116
1.47386
1.45381
1.43175
1.41062
1.39472
1.38777
1.39111
1.4035
1.42219
1.44431
1.46755
1.49044
1.51237
1.53362
1.55495
1.57697
1.59952
1.62138
1.64075
1.65596
1.66618
1.67173
1.67362
1.67276
1.66958
1.66422
1.65715
1.64953
1.64295
1.6387
1.63717
1.63756
1.63818
1.63719
1.63324
1.62582
1.61526
1.6023
1.58777
1.5723
1.55669
1.54214
1.53005
1.52103
1.51404
1.50685
1.49765
1.48634
1.47459
1.46477
1.45876
1.45727
1.45984
1.46541
1.47267
1.48
1.48545
1.48682
1.48206
1.47011
1.45205
1.43233
1.41881
1.41983
1.43916
1.47345
1.51517
1.55725
1.59525
1.62702
1.65192
1.67019
1.68269
1.69063
1.69513
1.69684
1.69566
1.69095
1.68203
1.66868
1.6515
1.63198
1.61205
1.59363
1.5782
1.56662
1.55919
1.55587
1.55628
1.55981
1.5656
1.57254
1.57907
1.58335
1.58363
1.57873
1.56854
1.55396
1.53632
1.51669
1.49561
1.47359
1.45167
1.43173
1.41639
1.40833
1.40928
1.41883
1.4341
1.45115
1.46756
1.48369
1.50156
1.52204
1.54306
1.56061
1.57153
1.57508
1.57263
1.56605
1.55659
1.54467
1.53083
1.51673
1.50519
1.49924
1.50093
1.51082
1.52831
1.55215
1.58057
1.61109
1.64064
1.6663
1.68598
1.69882
1.70522
1.70615
1.70275
1.69563
1.68482
1.66982
1.65007
1.62525
1.59551
1.56146
1.52425
1.48601
1.45045
1.4231
1.41022
1.41561
1.43796
1.47149
1.50913
1.54513
1.57566
1.59836
1.61209
1.61685
1.61395
1.60601
1.59669
1.58994
1.58877
1.59399
1.60375
1.61416
1.62069
1.61943
1.608
1.586
1.5552
1.51962
1.48503
1.45725
1.43939
1.43022
1.42553
1.42107
1.41488
1.40767
1.40194
1.40034
1.40431
1.41354
1.42657
1.44161
1.45705
1.47157
1.48422
1.49452
1.50254
1.50883
1.51418
1.5195
1.52559
1.53286
1.54107
1.54942
1.55722
1.56422
1.57086
1.57792
1.58623
1.59604
1.60671
1.61659
1.62363
1.62633
1.62448
1.61919
1.61231
1.60553
1.59976
1.59497
1.59053
1.58578
1.58039
1.57426
1.56729
1.55914
1.5492
1.53694
1.52235
1.5062
1.49024
1.47687
1.46881
1.46857
1.47808
1.49815
1.52807
1.56569
1.60801
1.65168
1.69317
1.72884
1.75528
1.7699
1.77137
1.75995
1.73741
1.70655
1.67069
1.6333
1.59811
1.56927
1.55109
1.54664
1.55593
1.57497
1.59696
1.61477
1.62331
1.62086
1.60893
1.5913
1.57237
1.55563
1.5427
1.53341
1.5266
1.52103
1.51599
1.51154
1.50857
1.50836
1.51203
1.52001
1.53173
1.5457
1.55974
1.57169
1.57989
1.5836
1.58283
1.57803
1.56978
1.55857
1.54494
1.5296
1.51386
1.49951
1.48817
1.48044
1.47576
1.4734
1.47372
1.47805
1.48734
1.50081
1.51588
1.52924
1.53828
1.54199
1.5415
1.54012
1.54221
1.55131
1.56824
1.59057
1.61379
1.63347
1.64695
1.65392
1.65558
1.6531
1.64669
1.6359
1.62097
1.6036
1.58675
1.57342
1.5656
1.56389
1.5676
1.57471
1.58217
1.58656
1.58505
1.57671
1.56307
1.5479
1.5356
1.52902
1.52839
1.53207
1.53784
1.54389
1.54877
1.55118
1.5501
1.5452
1.53711
1.52754
1.519
1.51421
1.51522
1.52253
1.53463
1.54824
1.55928
1.56427
1.5616
1.55227
1.53972
1.52846
1.52195
1.52138
1.52611
1.53474
1.54557
1.55662
1.56587
1.57222
1.57621
1.58018
1.58722
1.5994
1.61618
1.63431
1.64963
1.65911
1.66199
1.65907
1.65167
1.64085
1.62736
1.61195
1.59562
1.57957
1.56504
1.55303
1.54391
1.53712
1.53134
1.52532
1.51896
1.51407
1.51381
1.5209
1.53584
1.55635
1.57848
1.59847
1.61401
1.62466
1.63139
1.63559
1.63842
1.64043
1.64146
1.6408
1.63758
1.63106
1.62093
1.60734
1.59071
1.57157
1.5506
1.52876
1.50723
1.4873
1.46998
1.45585
1.44508
1.43757
1.433
1.43092
1.43102
1.43332
1.43829
1.44642
1.45764
1.47092
1.48449
1.49671
1.50656
1.51347
1.51691
1.51617
1.51068
1.50029
1.48522
1.46647
1.44625
1.4285
1.41828
1.41989
1.43492
1.46161
1.49582
1.53261
1.56757
1.59748
1.62047
1.63578
1.64326
1.64302
1.63538
1.62113
1.60162
1.57889
1.55548
1.53385
1.51598
1.5029
1.49472
1.49102
1.49141
1.49589
1.50484
1.51842
1.53591
1.55544
1.57437
1.5902
1.60148
1.60813
1.61124
1.61245
1.61321
1.61419
1.61496
1.61403
1.60909
1.59777
1.57852
1.55143
1.51852
1.48313
1.4488
1.41816
1.3931
1.37525
1.36645
1.36835
1.38142
1.40434
1.43459
1.46956
1.50731
1.5462
1.58432
1.61953
1.64993
1.67435
1.69234
1.7039
1.70937
1.70923
1.70393
1.69387
1.67953
1.66181
1.64253
1.62445
1.61051
1.60248
1.60002
1.60099
1.60238
1.60109
1.59435
1.58029
1.55871
1.53132
1.50135
1.47282
1.45041
1.43903
1.44267
1.46233
1.49513
1.53518
1.57585
1.61172
1.6396
1.65852
1.66909
1.67272
1.67119
1.66658
1.6609
1.65563
1.65127
1.6474
1.6429
1.63632
1.62611
1.6109
1.59
1.56366
1.53325
1.50141
1.47204
1.44988
1.43936
1.44292
1.45967
1.48543
1.51443
1.54149
1.56319
1.57795
1.58575
1.58786
1.58673
1.58564
1.58785
1.59556
1.60934
1.62815
1.64997
1.67241
1.69328
1.71083
1.72383
1.73136
1.73274
1.72747
1.71503
1.69501
1.6673
1.63244
1.59202
1.54914
1.50821
1.47393
1.4499
1.43807
1.43935
1.45375
1.4789
1.50967
1.54021
1.56638
1.58639
1.6
1.60744
1.60907
1.60534
1.59705
1.58548
1.57227
1.55911
1.54752
1.53862
1.53306
1.53095
1.53187
1.53513
1.54013
1.54664
1.55459
1.56359
1.5725
1.57958
1.5832
1.58281
1.57957
1.57611
1.57553
1.58011
1.59045
1.60535
1.62246
1.63916
1.65332
1.66356
1.66902
1.66904
1.66308
1.65072
1.63189
1.60703
1.57738
1.54529
1.51452
1.48956
1.47402
1.46872
1.47163
1.47938
1.48907
1.499
1.50858
1.51793
1.52753
1.53797
1.54972
1.56312
1.57809
1.59422
1.61068
1.6264
1.64021
1.65109
1.65821
1.66111
1.6597
1.65424
1.64521
1.6331
1.61839
1.60164
1.58399
1.5675
1.55519
1.55005
1.55366
1.56532
1.58241
1.60171
1.62053
1.63713
1.65069
1.66098
1.66822
1.67287
1.67518
1.67501
1.67182
1.66512
1.65461
1.64015
1.62163
1.59938
1.57467
1.55018
1.52945
1.51579
1.51077
1.51344
1.52061
1.52801
1.53172
1.52915
1.51945
1.50347
1.48359
1.46327
1.4461
1.43471
1.42997
1.4308
1.43453
1.43803
1.43919
1.43841
1.43853
1.4428
1.45181
1.46269
1.47151
1.47663
1.47984
1.48528
1.4967
1.51514
1.53851
1.5629
1.58409
1.59854
1.60383
1.59882
1.58391
1.56147
1.536
1.51393
1.50176
1.50286
1.5157
1.5354
1.55701
1.57728
1.59451
1.60772
1.61615
1.61934
1.61755
1.61249
1.6081
1.60978
1.62107
1.6403
1.66135
1.67823
1.68833
1.69254
1.69365
1.69455
1.69691
1.70062
1.70434
1.7063
1.70529
1.70116
1.69507
1.68892
1.6845
1.68259
1.68276
1.68372
1.68397
1.68216
1.67739
1.66932
1.65822
1.64513
1.63201
1.62144
1.61592
1.61683
1.62374
1.63428
1.64486
1.65176
1.65202
1.64399
1.62767
1.60485
1.57923
1.5561
1.54138
1.53974
1.5521
1.57487
1.60197
1.62786
1.64899
1.66367
1.67135
1.67215
1.66661
1.65569
1.64069
1.62333
1.6055
1.58888
1.57437
1.56162
1.54927
1.53574
1.52027
1.50348
1.48728
1.47428
1.46698
1.46697
1.47432
1.48725
1.50269
1.51725
1.52852
1.53615
1.54229
1.55093
1.56594
1.58854
1.61618
1.64398
1.66733
1.68337
1.69119
1.69121
1.68453
1.67246
1.65623
1.63677
1.61483
1.59116
1.5667
1.54254
1.51961
1.49823
1.47818
1.45918
1.44143
1.42562
1.41248
1.40238
1.39563
1.39299
1.39609
1.40705
1.42758
1.458
1.49679
1.54077
1.58568
1.62694
1.66066
1.68451
1.6981
1.7027
1.70054
1.69409
1.68559
1.67684
1.66895
1.66198
1.65484
1.64581
1.63374
1.61902
1.60385
1.59125
1.58352
1.5811
1.58262
1.58612
1.59044
1.59604
1.60443
1.61661
1.63163
1.64636
1.65673
1.65916
1.65147
1.63289
1.60398
1.56655
1.52393
1.48099
1.44358
1.41697
1.40391
1.40384
1.41339
1.42822
1.44471
1.46085
1.47643
1.49273
1.51149
1.53391
1.55978
1.58727
1.61336
1.63466
1.64849
1.65367
1.6508
1.64209
1.63084
1.62072
1.61499
1.61574
1.62347
1.6373
1.65523
1.67459
1.69238
1.70556
1.71149
1.70794
1.69334
1.66711
1.63036
1.5869
1.54357
1.5087
1.48866
1.48461
1.49233
1.50451
1.51419
1.51718
1.51251
1.50151
1.48691
1.47229
1.46136
1.45728
1.46223
1.47689
1.49985
1.52778
1.55616
1.58075
1.59865
1.60874
1.61169
1.60933
1.60386
1.59714
1.59066
1.58577
1.58367
1.58492
1.58886
1.59339
1.59555
1.59229
1.58114
1.56059
1.53034
1.49177
1.44853
1.40636
1.37206
1.3515
1.34741
1.35839
1.37991
1.40617
1.43175
1.45223
1.46457
1.46783
1.46385
1.45692
1.45179
1.45144
1.45639
1.46585
1.47896
1.49515
1.51361
1.53274
1.55024
1.56354
1.57049
1.57002
1.56243
1.54934
1.53339
1.51783
1.50601
1.50071
1.50319
1.51237
1.52505
1.53718
1.54566
1.5497
1.55109
1.55312
1.55889
1.5699
1.58572
1.60457
1.62405
1.64156
1.65459
1.66117
1.66015
1.65147
1.63628
1.61692
1.59673
1.57949
1.5688
1.56712
1.57485
1.59018
1.61007
1.63136
1.6509
1.66517
1.67061
1.66481
1.64746
1.62065
1.58826
1.55516
1.5263
1.50608
1.49707
1.49894
1.50821
1.51974
1.52884
1.53261
1.53033
1.5232
1.51382
1.5054
1.50079
1.50159
1.5078
1.51809
1.5308
1.54457
1.55835
1.57111
1.58176
1.5894
1.5936
1.59442
1.59213
1.58706
1.57967
1.57054
1.56036
1.54991
1.53989
1.53074
1.52254
1.51512
1.50842
1.50285
1.49945
1.49942
1.50345
1.51146
1.52296
1.53769
1.5557
1.57673
1.59926
1.62028
1.63599
1.64317
1.6409
1.63193
1.62303
1.62248
1.63464
1.65664
1.68127
1.70218
1.71601
1.72165
1.71899
1.70835
1.69055
1.66791
1.64472
1.62587
1.61353
1.60549
1.59719
1.58476
1.56641
1.54204
1.51252
1.47931
1.4451
1.41518
1.3981
1.40265
1.43178
1.47978
1.53556
1.5878
1.6284
1.65355
1.66324
1.66005
1.64784
1.63077
1.61234
1.59472
1.57871
1.56434
1.5516
1.54081
1.53254
1.52724
1.52497
1.52539
1.52808
1.5328
1.53963
1.54884
1.56058
1.57443
1.58916
1.60274
1.61262
1.61637
1.61209
1.59917
1.57877
1.55428
1.53078
1.5132
1.50395
1.50173
1.50257
1.50235
1.49881
1.49201
1.48314
1.47333
1.46314
1.45295
1.44361
1.43665
1.43365
1.43501
1.43927
1.44379
1.44618
1.4453
1.44131
1.43524
1.4285
1.4224
1.41787
1.41557
1.41651
1.42254
1.43598
1.45811
1.4873
1.51894
1.54743
1.5683
1.57893
1.57845
1.56731
1.54719
1.52107
1.493
1.46755
1.44888
1.43971
1.44061
1.45021
1.46588
1.48472
1.50419
1.52237
1.53773
1.54885
1.55437
1.55333
1.54561
1.53211
1.51457
1.49529
1.47718
1.46382
1.45859
1.46278
1.47443
1.48957
1.50456
1.51714
1.52617
1.53098
1.53105
1.52626
1.51733
1.50622
1.49578
1.48851
1.48533
1.4853
1.48651
1.48705
1.48569
1.4819
1.47589
1.46845
1.46095
1.45522
1.45335
1.45727
1.46824
1.4865
1.51118
1.54052
1.57207
1.60282
1.62976
1.65059
1.66423
1.67075
1.67102
1.66631
1.658
1.64743
1.63599
1.62502
1.61563
1.60847
1.6035
1.60001
1.59681
1.59272
1.58714
1.58041
1.57397
1.56992
1.57029
1.57602
1.58641
1.59924
1.61181
1.62195
1.62859
1.63146
1.63038
1.62482
1.61444
1.59998
1.58364
1.56829
1.5559
1.54669
1.53957
1.53331
1.52707
1.52028
1.51264
1.50433
1.49592
1.48774
1.4796
1.47131
1.46297
1.45468
1.44661
1.43985
1.43682
1.44053
1.45282
1.47318
1.49923
1.52833
1.55865
1.58894
1.61771
1.64298
1.66258
1.67486
1.67923
1.67612
1.66666
1.65209
1.63323
1.61043
1.58402
1.55493
1.52541
1.49894
1.47924
1.46898
1.4694
1.48072
1.50242
1.53281
1.56861
1.60529
1.6382
1.66372
1.6795
1.68416
1.67711
1.65874
1.63075
1.59624
1.55892
1.52198
1.48719
1.45486
1.42483
1.39773
1.37548
1.36083
1.35618
1.36252
1.37918
1.40412
1.43466
1.46828
1.5032
1.5384
1.57329
1.60731
1.63957
1.66861
1.69258
1.70966
1.7187
1.71963
1.71367
1.70297
1.68985
1.67577
1.66082
1.64406
1.62442
1.60148
1.57575
1.54861
1.5221
1.49873
1.48105
1.47066
1.46737
1.46913
1.47284
1.4758
1.47684
1.47654
1.47649
1.4784
1.48382
1.49423
1.51064
1.53254
1.55771
1.5831
1.60618
1.62554
1.64057
1.65101
1.65701
1.65945
1.66012
1.66103
1.66343
1.66734
1.67213
1.6775
1.68412
1.6933
1.70613
1.72239
1.7401
1.75616
1.7676
1.77244
1.76996
1.76035
1.74423
1.72219
1.69489
1.66325
1.62893
1.59482
1.56519
1.5453
1.54008
1.55212
1.58033
1.62045
1.66662
1.71308
1.75514
1.7893
1.81311
1.82494
1.82385
1.80951
1.78229
1.74338
1.69475
1.63923
1.5805
1.523
1.47149
1.43015
1.40174
1.38709
1.38525
1.3939
1.40999
1.4306
1.45392
1.47945
1.50727
1.53685
1.56651
1.59391
1.61704
1.63493
1.64775
1.65646
1.66213
1.6654
1.66638
1.66492
1.66083
1.65402
1.64444
1.63205
1.61684
1.59894
1.57873
1.55697
1.53483
1.51365
1.49469
1.47887
1.4667
1.45842
1.45423
1.45428
1.45851
1.46622
1.47592
1.48567
1.49381
1.49984
1.50487
1.5115
1.52278
1.54038
1.56299
1.58645
1.60558
1.61631
1.61674
1.60734
1.59056
1.57007
1.54984
1.53333
1.52252
1.5175
1.5165
1.51653
1.51488
1.51024
1.50324
1.49608
1.49149
1.4916
1.49712
1.50715
1.51959
1.53208
1.54301
1.55191
1.5592
1.5654
1.57049
1.57382
1.5746
1.57243
1.56773
1.56169
1.55588
1.55167
1.54986
1.55051
1.55313
1.55699
1.56131
1.56553
1.5693
1.57218
1.57356
1.57283
1.56993
1.56578
1.562
1.56039
1.56202
1.56685
1.57351
1.57982
1.58343
1.58264
1.57704
1.56783
1.55748
1.54877
1.54382
1.54348
1.54741
1.55449
1.56335
1.57266
1.58141
1.58907
1.59555
1.60078
1.60383
1.60255
1.59421
1.57712
1.55204
1.52267
1.49476
1.47403
1.46398
1.46476
1.47387
1.48792
1.50396
1.51986
1.53388
1.54423
1.54907
1.54708
1.5382
1.52402
1.50762
1.49293
1.48385
1.4831
1.49168
1.50859
1.53145
1.55719
1.58286
1.60611
1.62521
1.63903
1.64695
1.64871
1.64437
1.63402
1.61778
1.59595
1.56928
1.53916
1.50768
1.4773
1.4504
1.42875
1.41325
1.404
1.40051
1.40206
1.40809
1.41833
1.43264
1.45056
1.47104
1.4923
1.51207
1.52782
1.5372
1.53846
1.53089
1.51523
1.49385
1.47055
1.44961
1.43431
1.42575
1.42297
1.42437
1.42911
1.43752
1.45006
1.46624
1.48448
1.50267
1.51917
1.53328
1.5451
1.55488
1.56248
1.56722
1.56837
1.56553
1.55895
1.5492
1.5369
1.52257
1.50676
1.49
1.47284
1.45613
1.44144
1.43107
1.42704
1.42975
1.43781
1.44936
1.4632
1.47878
1.4953
1.51129
1.52496
1.53504
1.54133
1.5446
1.54639
1.54854
1.55294
1.56103
1.57331
1.58925
1.60738
1.62594
1.64346
1.65908
1.67247
1.68349
1.69198
1.6977
1.7004
1.69974
1.69505
1.68527
1.66912
1.64581
1.61601
1.5825
1.54971
1.52204
1.50219
1.49062
1.48647
1.48915
1.49911
1.51705
1.54209
1.57058
1.59707
1.61655
1.62618
1.62583
1.61755
1.60441
1.58949
1.57515
1.56277
1.55313
1.54713
1.54658
1.55383
1.56993
1.59249
1.61606
1.63482
1.6451
1.64596
1.63853
1.62532
1.60973
1.59568
1.58677
1.58507
1.59034
1.60057
1.61336
1.62682
1.63963
1.65083
1.65983
1.66644
1.67084
1.67317
1.67335
1.67106
1.66599
1.65807
1.64759
1.63505
1.62092
1.60546
1.58878
1.57104
1.55258
1.53392
1.51574
1.4989
1.48428
1.47254
1.46382
1.4575
1.45232
1.44714
1.44197
1.43837
1.43881
1.44499
1.45648
1.47069
1.48412
1.49377
1.4982
1.49813
1.4964
1.49709
1.50357
1.51673
1.53488
1.55477
1.57306
1.58734
1.59666
1.60135
1.6024
1.60066
1.5964
1.58952
1.57999
1.56825
1.5555
1.54358
1.53464
1.53028
1.53104
1.53641
1.54492
1.55404
1.56
1.55857
1.54644
1.52289
1.49038
1.45394
1.41963
1.39283
1.3769
1.37269
1.37894
1.39305
1.41179
1.43193
1.45071
1.46629
1.47785
1.48553
1.4901
1.4926
1.4941
1.49593
1.4999
1.5081
1.52207
1.54188
1.56568
1.59007
1.61114
1.6255
1.6311
1.62747
1.61569
1.59809
1.57791
1.55864
1.54331
1.5339
1.53116
1.53481
1.54377
1.55622
1.56987
1.58258
1.59301
1.60074
1.60563
1.60722
1.60478
1.59775
1.58614
1.57066
1.55275
1.53462
1.5191
1.50913
1.50706
1.51417
1.52998
1.55194
1.5759
1.59762
1.61433
1.62527
1.63115
1.63301
1.63158
1.62725
1.6204
1.6116
1.60144
1.59029
1.57814
1.56452
1.54895
1.53136
1.51269
1.49489
1.48026
1.4706
1.46664
1.46854
1.47644
1.49036
1.50947
1.5317
1.55447
1.57561
1.59401
1.60987
1.62417
1.63785
1.65093
1.6622
1.6699
1.67268
1.67045
1.66439
1.65646
1.64845
1.6412
1.63446
1.62747
1.61963
1.61103
1.60265
1.59637
1.59433
1.59786
1.60658
1.61841
1.63056
1.64067
1.64753
1.65096
1.65166
1.65063
1.64861
1.64588
1.64225
1.63745
1.63139
1.62448
1.61754
1.61162
1.60784
1.60702
1.60948
1.61479
1.62191
1.62937
1.63565
1.63933
1.63925
1.63459
1.62515
1.61168
1.59598
1.5806
1.56769
1.5582
1.55166
1.54667
1.54138
1.53402
1.52383
1.51216
1.50266
1.49967
1.50577
1.52034
1.54019
1.56127
1.58022
1.59513
1.60557
1.61206
1.61535
1.61591
1.61367
1.60846
1.6004
1.59003
1.57825
1.566
1.55407
1.54297
1.53319
1.52533
1.52028
1.51884
1.52112
1.52608
1.53146
1.53431
1.53205
1.5231
1.50701
1.48419
1.45563
1.42291
1.38874
1.35721
1.33295
1.31931
1.31698
1.32432
1.33903
1.35974
1.3862
1.41773
1.45154
1.48278
1.50674
1.52078
1.52483
1.52108
1.51339
1.50672
1.5058
1.51266
1.5251
1.53832
1.54832
1.55369
1.55494
1.55302
1.54846
1.54123
1.53116
1.51856
1.50456
1.49102
1.48
1.47304
1.47074
1.47271
1.4779
1.48501
1.49262
1.49941
1.50419
1.50594
1.50407
1.49857
1.49015
1.4802
1.4706
1.46337
1.46011
1.46144
1.46675
1.47477
1.48445
1.4953
1.50704
1.51935
1.53164
1.54324
1.55362
1.56242
1.56947
1.57442
1.57669
1.57564
1.57098
1.56321
1.55359
1.54375
1.53504
1.52807
1.5226
1.51789
1.51328
1.50865
1.50464
1.50219
1.502
1.50435
1.50933
1.51673
1.52591
1.53606
1.54666
1.55757
1.56876
1.58003
1.59106
1.60151
1.61094
1.6188
1.62445
1.62718
1.6263
1.62125
1.61162
1.59728
1.57848
1.55592
1.53071
1.50444
1.47916
1.45766
1.44335
1.43935
1.44691
1.46468
1.48929
1.51669
1.54336
1.56684
1.58598
1.60074
1.61192
1.6204
1.62644
1.62916
1.62666
1.61679
1.59814
1.57086
1.53713
1.5009
1.46726
1.44109
1.42616
1.42463
1.43696
1.46177
1.49557
1.53351
1.57073
1.60377
1.63084
1.65121
1.66441
1.66996
1.66783
1.65904
1.64573
1.63048
1.61538
1.60145
1.58877
1.577
1.56584
1.5555
1.54711
1.54264
1.54422
1.55286
1.56745
1.58492
1.60117
1.61239
1.61611
1.61197
1.6016
1.58779
1.57317
1.55976
1.54937
1.54373
1.54379
1.54878
1.55645
1.56443
1.57138
1.57715
1.58217
1.58672
1.59066
1.59369
1.59596
1.59822
1.60136
1.6055
1.60964
1.6121
1.61168
1.60851
1.60413
1.60065
1.5994
1.60013
1.60123
1.60064
1.59677
1.58895
1.57735
1.56289
1.54709
1.53202
1.52039
1.51528
1.51937
1.53339
1.5554
1.58135
1.60677
1.628
1.64268
1.64964
1.64859
1.63972
1.62348
1.60059
1.57213
1.53984
1.50637
1.47509
1.44966
1.4329
1.42564
1.4262
1.43085
1.43523
1.43596
1.43186
1.4244
1.41734
1.41533
1.42169
1.43712
1.46007
1.48849
1.52082
1.55585
1.59183
1.62613
1.65556
1.67732
1.68985
1.69312
1.68863
1.67867
1.66544
1.65033
1.63372
1.61536
1.59508
1.57349
1.5522
1.53359
1.52008
1.51351
1.51462
1.52308
1.53768
1.5567
1.57797
1.59886
1.61648
1.62803
1.63147
1.626
1.61247
1.59341
1.57262
1.55416
1.54116
1.53484
1.53452
1.53845
1.54471
1.55181
1.55882
1.56511
1.57016
1.57356
1.57504
1.57454
1.57232
1.56902
1.56556
1.56313
1.56293
1.56592
1.57239
1.58174
1.59256
1.60295
1.61095
1.61489
1.6137
1.60734
1.59741
1.58735
1.58177
1.58455
1.59686
1.61656
1.6395
1.66129
1.67862
1.68962
1.69388
1.69221
1.68638
1.67872
1.6715
1.66633
1.66379
1.66352
1.66463
1.66611
1.66691
1.66594
1.66199
1.65396
1.64127
1.62431
1.60443
1.58387
1.56525
1.5509
1.54229
1.53971
1.54236
1.54855
1.5562
1.56378
1.5714
1.58111
1.59559
1.61633
1.64252
1.67125
1.69814
1.7185
1.72871
1.72721
1.71465
1.69359
1.66782
1.64098
1.61545
1.59217
1.57164
1.55453
1.54128
1.53152
1.52426
1.51851
1.51378
1.51018
1.50827
1.50881
1.51235
1.51876
1.52706
1.53563
1.54293
1.54792
1.55026
1.55007
1.54775
1.54404
1.54015
1.5379
1.53944
1.54645
1.55939
1.57713
1.59744
1.61808
1.63728
1.65395
1.66751
1.67801
1.68609
1.69245
1.697
1.69832
1.69422
1.68275
1.66325
1.63714
1.60805
1.58129
1.56274
1.55687
1.56536
1.5866
1.61681
1.65137
1.68586
1.71666
1.74114
1.75747
1.76462
1.76234
1.75127
1.73299
1.70977
1.68425
1.65916
1.63698
1.61974
1.60844
1.60268
1.60075
1.60014
1.59848
1.59424
1.58701
1.57735
1.56624
1.55482
1.54439
1.5369
1.53505
1.54122
1.55562
1.57559
1.59672
1.61476
1.62676
1.63111
1.62721
1.61475
1.59335
1.5628
1.52394
1.47977
1.4361
1.4008
1.3808
1.37852
1.39087
1.41193
1.43647
1.46133
1.48489
1.50604
1.52347
1.53574
1.54149
1.53988
1.53094
1.51571
1.49629
1.47532
1.45517
1.43727
1.42186
1.40861
1.39732
1.38839
1.38278
1.38172
1.38604
1.39567
1.40931
1.42474
1.43969
1.45279
1.46402
1.47385
1.48208
1.48749
1.48904
1.48699
1.48306
1.47956
1.47838
1.48023
1.48467
1.49057
1.49685
1.50292
1.50893
1.51556
1.52364
1.53369
1.5456
1.55844
1.57052
1.57995
1.58535
1.58641
1.58385
1.5787
1.57144
1.56165
1.54854
1.53171
1.51178
1.49055
1.47071
1.45532
1.44681
1.44602
1.45195
1.46233
1.47465
1.48697
1.49822
1.50804
1.51667
1.52482
1.53355
1.5439
1.55623
1.56976
1.58257
1.59244
1.59784
1.59848
1.59551
1.59112
1.58761
1.58611
1.58602
1.58559
1.58291
1.57684
1.56709
1.5541
1.53879
1.522
1.5043
1.48584
1.46672
1.4473
1.4284
1.41137
1.39804
1.39053
1.39081
1.40012
1.4183
1.4433
1.47158
1.49899
1.52203
1.539
1.55043
1.55889
1.56765
1.57934
1.59484
1.61304
1.63145
1.64693
1.65635
1.6572
1.64832
1.63053
1.60692
1.58237
1.56189
1.54859
1.54246
1.54102
1.54108
1.54008
1.53661
1.53027
1.52159
1.51216
1.50443
1.50121
1.50466
1.51561
1.53317
1.55508
1.57841
1.6003
1.61864
1.63225
1.64084
1.64474
1.64467
1.64156
1.63642
1.63018
1.62345
1.61653
1.60957
1.60287
1.59702
1.59272
1.59029
1.58924
1.58837
1.5861
1.58121
1.57318
1.56225
1.54929
1.53528
1.52092
1.50663
1.49276
1.48011
1.46998
1.46385
1.46284
1.46729
1.47681
1.49036
1.50675
1.52467
1.54278
1.55978
1.57472
1.58753
1.59891
1.60958
1.61929
1.62643
1.62892
1.62548
1.61639
1.60315
1.58783
1.57239
1.55843
1.54724
1.53981
1.53674
1.53796
1.54286
1.5504
1.55947
1.56901
1.57806
1.58584
1.59173
1.59528
1.59619
1.59427
1.58962
1.5827
1.57408
1.56423
1.55318
1.54045
1.52542
1.50801
1.48917
1.47116
1.45711
1.45015
1.45212
1.46287
1.48042
1.5022
1.5262
1.55151
1.57744
1.60258
1.62469
1.64152
1.65153
1.65411
1.64916
1.63709
1.6194
1.59954
1.58288
1.57441
1.57567
1.58342
1.59163
1.59461
1.58916
1.57503
1.55456
1.53204
1.5125
1.49953
1.49349
1.49181
1.49113
1.48923
1.48548
1.48044
1.47555
1.47292
1.47446
1.48069
1.49023
1.50095
1.51162
1.52243
1.53392
1.54587
1.55683
1.56474
1.56767
1.56458
1.55561
1.54201
1.52568
1.50869
1.49266
1.47823
1.46503
1.45202
1.43807
1.42248
1.40531
1.38759
1.37151
1.36057
1.35926
1.3716
1.39871
1.43723
1.48063
1.5223
1.55795
1.58617
1.60784
1.62507
1.64022
1.65496
1.66949
1.68252
1.69175
1.69482
1.69006
1.67697
1.6562
1.62916
1.59783
1.5647
1.53283
1.5057
1.48648
1.47713
1.47821
1.48935
1.50955
1.53667
1.56715
1.5966
1.6209
1.63713
1.64394
1.64128
1.63005
1.61173
1.58825
1.56214
1.53657
1.5151
1.50091
1.4963
1.50257
1.51999
1.54741
1.58153
1.61718
1.6488
1.67213
1.685
1.6871
1.67943
1.66375
1.64219
1.61689
1.58983
1.56272
1.53707
1.51432
1.49573
1.48228
1.47469
1.47337
1.47829
1.48892
1.50412
1.52223
1.54134
1.55941
1.57464
1.58584
1.59264
1.59558
1.59584
1.59474
1.59327
1.592
1.59115
1.59091
1.59151
1.59339
1.59705
1.60277
1.61041
1.61924
1.628
1.63513
1.63909
1.63873
1.63361
1.62415
1.61139
1.59659
1.58088
1.56516
1.55039
1.53752
1.52699
1.51857
1.51175
1.50667
1.50454
1.50719
1.51639
1.53257
1.55361
1.57475
1.59075
1.59866
1.59913
1.59556
1.59199
1.59137
1.59513
1.60357
1.61613
1.63125
1.64633
1.6584
1.66507
1.66504
1.65825
1.64573
1.62936
1.61161
1.5951
1.58213
1.57407
1.57096
1.57164
1.57443
1.57782
1.58098
1.58389
1.58702
1.59078
1.59524
1.60023
1.60584
1.6128
1.62191
1.6328
1.64304
1.64901
1.64798
1.63991
1.62732
1.61402
1.60362
1.59832
1.59862
1.60339
1.61006
1.61522
1.61571
1.61003
1.5994
1.58748
1.57841
1.57455
1.57571
1.58022
1.58652
1.59373
1.60141
1.60913
1.61607
1.62096
1.6221
1.61748
1.60524
1.58436
1.55568
1.52301
1.49338
1.47565
1.4774
1.50185
1.5465
1.60429
1.66633
1.72462
1.77371
1.81093
1.83573
1.84897
1.85231
1.84794
1.83832
1.82593
1.81263
1.79893
1.78393
1.76625
1.74535
1.72229
1.69968
1.68068
1.66801
1.66326
1.66659
1.67674
1.69143
1.70774
1.72259
1.73333
1.7382
1.73658
1.72893
1.71658
1.70132
1.685
1.66917
1.65497
1.64298
1.63322
1.62556
1.62015
1.6176
1.61815
1.62028
1.62038
1.61437
1.60022
1.5794
1.55636
1.53627
1.52246
1.51568
1.51488
1.51817
1.52334
1.52839
1.53201
1.53354
1.53264
1.52922
1.52357
1.51673
1.51052
1.50698
1.50777
1.51366
1.52447
1.53939
1.55741
1.57771
1.59958
1.62206
1.64382
1.66291
1.67694
1.68352
1.6807
1.66754
1.6445
1.61387
1.57964
1.54675
1.51957
1.50031
1.4884
1.48137
1.47657
1.47274
1.47075
1.47247
1.47838
1.48657
1.49417
1.49937
1.50176
1.50158
1.4991
1.49468
1.48929
1.4846
1.48254
1.48455
1.49099
1.50107
1.51316
1.5254
1.53643
1.54607
1.55553
1.56664
1.58052
1.59664
1.61296
1.62712
1.63731
1.64253
1.6425
1.63734
1.62768
1.61489
1.60091
1.58775
1.57689
1.56904
1.56437
1.56302
1.56553
1.57259
1.58431
1.59931
1.61464
1.62649
1.63153
1.62806
1.61675
1.60032
1.58234
1.56575
1.55215
1.54206
1.53578
1.53355
1.53527
1.53995
1.54588
1.55124
1.55515
1.55797
1.56084
1.5645
1.56852
1.57158
1.57234
1.57016
1.5652
1.55828
1.55082
1.5447
1.54218
1.54539
1.55566
1.57283
1.59501
1.61908
1.64165
1.65998
1.6723
1.6779
1.67697
1.67052
1.66029
1.64855
1.63762
1.62915
1.6237
1.62064
1.61873
1.61675
1.61413
1.6108
1.60683
1.60201
1.59558
1.58649
1.57394
1.5581
1.54058
1.52413
1.51145
1.50403
1.50191
1.50458
1.51183
1.52336
1.53754
1.55074
1.55849
1.55757
1.54705
1.52796
1.50238
1.47288
1.44283
1.41683
1.40075
1.39991
1.41616
1.44599
1.48229
1.51814
1.54955
1.57565
1.59753
1.61656
1.63306
1.64573
1.65211
1.64986
1.63781
1.61664
1.58886
1.55815
1.52833
1.50252
1.4828
1.4703
1.46529
1.46717
1.47448
1.48505
1.49636
1.50584
1.51138
1.51185
1.50744
1.49967
1.4909
1.4834
1.4784
1.47574
1.47409
1.47167
1.46695
1.45921
1.44889
1.43784
1.42931
1.42722
1.4348
1.45295
1.47975
1.51142
1.54403
1.57472
1.60192
1.62493
1.64354
1.65766
1.66724
1.67257
1.67452
1.67455
1.67389
1.67251
1.66899
1.66143
1.64862
1.63049
1.60826
1.58418
1.56122
1.54247
1.53049
1.52659
1.53083
1.54235
1.55979
1.58165
1.60633
1.6322
1.65725
1.67918
1.6955
1.70411
1.7035
1.6931
1.67328
1.64519
1.61077
1.57266
1.53402
1.4979
1.46649
1.44062
1.42009
1.40474
1.395
1.39171
1.39548
1.40601
1.42184
1.44053
1.45927
1.47547
1.48709
1.49298
1.49294
1.48791
1.47991
1.47174
1.46629
1.46571
1.47061
1.47994
1.4915
1.50302
1.5127
1.51951
1.52325
1.52467
1.5253
1.52689
1.53063
1.53665
1.54379
1.54999
1.55293
1.5508
1.54273
1.52884
1.50981
1.48658
1.4607
1.43475
1.41197
1.39531
1.38657
1.3864
1.39472
1.41069
1.43268
1.45849
1.48583
1.51271
1.53747
1.55886
1.57611
1.5892
1.59872
1.60564
1.61107
1.61599
1.62101
1.62603
1.62989
1.63074
1.62697
1.61832
1.60607
1.59211
1.57775
1.56332
1.54874
1.53453
1.52251
1.51534
1.51527
1.5231
1.53819
1.55918
1.58436
1.61138
1.63735
1.65948
1.67578
1.68505
1.6867
1.6806
1.66717
1.64756
1.62331
1.59563
1.56532
1.534
1.50542
1.48489
1.47631
1.4797
1.49168
1.50746
1.52254
1.53362
1.53888
1.53809
1.53234
1.52338
1.51298
1.50269
1.49392
1.48801
1.48607
1.48875
1.49636
1.50922
1.52764
1.55154
1.57981
1.61017
1.63935
1.66363
1.67959
1.68479
1.67804
1.65964
1.63141
1.59672
1.5602
1.52708
1.50185
1.48703
1.48266
1.48679
1.49645
1.50844
1.51993
1.52855
1.53268
1.53139
1.52463
1.5132
1.49873
1.48349
1.4699
1.45987
1.45428
1.45282
1.45446
1.45795
1.46226
1.46667
1.47074
1.47426
1.47699
1.47854
1.47838
1.47605
1.47156
1.46595
1.46118
1.45958
1.46289
1.47149
1.48431
1.49929
1.51398
1.52606
1.53386
1.53683
1.53587
1.53298
1.53026
1.5286
1.52726
1.52465
1.51958
1.51203
1.50319
1.49484
1.4887
1.48593
1.487
1.49184
1.49991
1.51029
1.52177
1.53311
1.54332
1.55194
1.55907
1.56507
1.5702
1.57423
1.57641
1.57579
1.57178
1.56456
1.55523
1.5454
1.53677
1.53066
1.52785
1.52854
1.53239
1.53875
1.54691
1.55632
1.56682
1.57862
1.59206
1.6073
1.62405
1.64131
1.65743
1.67041
1.67842
1.68011
1.67475
1.66197
1.64157
1.61361
1.5785
1.53763
1.49405
1.45272
1.41918
1.3969
1.38582
1.38369
1.38881
1.40113
1.42101
1.4475
1.47756
1.50666
1.53033
1.54553
1.5512
1.54807
1.53796
1.52311
1.50574
1.488
1.472
1.45965
1.45245
1.45107
1.45548
1.46498
1.47831
1.49338
1.50743
1.51805
1.52466
1.52915
1.53504
1.54554
1.56196
1.58347
1.60761
1.63109
1.65067
1.66401
1.67016
1.66948
1.66327
1.65334
1.64141
1.62878
1.61629
1.60444
1.59358
1.58398
1.57563
1.56813
1.56048
1.55144
1.53975
1.52461
1.50614
1.48575
1.46598
1.44991
1.44017
1.43815
1.44361
1.45479
1.46911
1.48376
1.49654
1.50614
1.51234
1.51547
1.51605
1.51445
1.51114
1.50723
1.50492
1.50682
1.51468
1.52835
1.54626
1.56632
1.58651
1.6048
1.61938
1.62898
1.63308
1.63191
1.62613
1.61641
1.60335
1.58738
1.56905
1.54918
1.52888
1.50953
1.4927
1.48005
1.47325
1.47333
1.48025
1.49278
1.50899
1.52695
1.54523
1.56296
1.57961
1.59487
1.60849
1.62037
1.63031
1.63789
1.64233
1.64264
1.63782
1.6272
1.61105
1.59132
1.57218
1.5591
1.55606
1.56305
1.57651
1.59195
1.60604
1.61684
1.62352
1.62619
1.62616
1.62564
1.6271
1.63227
1.64145
1.65338
1.66586
1.67643
1.6828
1.68333
1.67729
1.66507
1.64794
1.62755
1.60567
1.58467
1.5679
1.55865
1.55794
1.56424
1.57517
1.58851
1.60212
1.61395
1.62247
1.62717
1.62842
1.62723
1.62519
1.62426
1.62631
1.63231
1.64176
1.65295
1.66385
1.67293
1.67911
1.68114
1.67738
1.66638
1.64803
1.62416
1.59826
1.57435
1.55545
1.54294
1.53683
1.53656
1.54087
1.54699
1.55061
1.54737
1.53458
1.51205
1.48213
1.4492
1.41872
1.39586
1.38429
1.38571
1.40039
1.42776
1.46565
1.50943
1.55284
1.5905
1.6197
1.64023
1.65312
1.65935
1.65934
1.65297
1.64
1.62057
1.59564
1.56747
1.53978
1.51753
1.50584
1.50806
1.52411
1.55012
1.5799
1.60707
1.62679
1.63633
1.63499
1.6238
1.60518
1.58257
1.55982
1.54035
1.52645
1.51892
1.51728
1.5203
1.52638
1.53379
1.54124
1.5484
1.55628
1.56684
1.58157
1.60002
1.61998
1.63878
1.65451
1.66614
1.67327
1.67579
1.67397
1.6687
1.66155
1.65444
1.64912
1.64658
1.64685
1.6491
1.65201
1.65418
1.65462
1.65329
1.65101
1.64858
1.64587
1.64185
1.63526
1.62522
1.61157
1.59518
1.57787
1.56189
1.54924
1.541
1.53745
1.53837
1.54314
1.55079
1.55983
1.56851
1.57542
1.5799
1.58207
1.5823
1.58057
1.57614
1.56787
1.55502
1.538
1.51881
1.50087
1.48814
1.4836
1.48817
1.50064
1.51881
1.54044
1.56345
1.5859
1.6059
1.62173
1.63217
1.63671
1.63556
1.62946
1.61908
1.60432
1.58417
1.55747
1.52407
1.48561
1.44539
1.40795
1.3783
1.36098
1.35926
1.37444
1.40536
1.44853
1.49916
1.55231
1.60378
1.65024
1.68918
1.71892
1.73882
1.74951
1.753
1.75199
1.74874
1.74387
1.7361
1.72317
1.70336
1.67673
1.64559
1.61417
1.58743
1.56925
1.56092
1.56079
1.56532
1.57047
1.57299
1.571
1.56411
1.55312
1.53938
1.52406
1.50807
1.49218
1.47751
1.46562
1.45825
1.45681
1.46206
1.47386
1.49104
1.51166
1.53398
1.55705
1.58028
1.60242
1.62127
1.63453
1.6409
1.64075
1.63588
1.62887
1.62219
1.61745
1.61525
1.61528
1.61668
1.61847
1.61998
1.62112
1.62226
1.6238
1.6255
1.62615
1.62374
1.61614
1.60176
1.58058
1.5549
1.52896
1.50699
1.49089
1.48008
1.47329
1.46993
1.47011
1.47389
1.48075
1.4899
1.50106
1.5147
1.5313
1.54993
1.56747
1.5796
1.58278
1.57634
1.56325
1.54915
1.53977
1.5378
1.54135
1.54576
1.5466
1.54168
1.53121
1.51692
1.50123
1.48696
1.47737
1.47604
1.48596
1.5077
1.53813
1.57141
1.60159
1.62466
1.63872
1.64333
1.63885
1.626
1.60606
1.58107
1.55397
1.52837
1.5079
1.49532
1.49182
1.49669
1.50769
1.5218
1.5362
1.5488
1.55853
1.56527
1.56944
1.57164
1.57236
1.57201
1.57093
1.56962
1.5686
1.56826
1.56871
1.56987
1.57167
1.5738
1.57545
1.57512
1.57109
1.56239
1.54975
1.53596
1.52495
