-3.51006
-3.51036
-3.51066
-3.5096
-3.51035
-3.50974
-3.50989
-3.50868
-3.50899
-3.50839
-3.50793
-3.50748
-3.50733
-3.50794
-3.50778
-3.50748
-3.50703
-3.50688
-3.50657
-3.50567
-3.50582
-3.50688
-3.50628
-3.50688
-3.50703
-3.50793
-3.50793
-3.50823
-3.50914
-3.50974
-3.50854
-3.50899
-3.50748
-3.50627
-3.50643
-3.50612
-3.50612
-3.50537
-3.50582
-3.50582
-3.50567
-3.50613
-3.50507
-3.50476
-3.50431
-3.5028
-3.50219
-3.5028
-3.50401
-3.50552
-3.50446
-3.50446
-3.50461
-3.50416
-3.50446
-3.50521
-3.50552
-3.50688
-3.50763
-3.50688
-3.50627
-3.50703
-3.50688
-3.50672
-3.50688
-3.50657
-3.50552
-3.50582
-3.50597
-3.50582
-3.50613
-3.50703
-3.50809
-3.50839
-3.50778
-3.50778
-3.50763
-3.50688
-3.50657
-3.50521
-3.50431
-3.50506
-3.50521
-3.50506
-3.50461
-3.50371
-3.50461
-3.50446
-3.50522
-3.50506
-3.50552
-3.50627
-3.50552
-3.50522
-3.50477
-3.50477
-3.50431
-3.50416
-3.50401
-3.50476
-3.50431
-3.50461
-3.50537
-3.50431
-3.50522
-3.50537
-3.50522
-3.50567
-3.50507
-3.50492
-3.50371
-3.50416
-3.50446
-3.5037
-3.50507
-3.50552
-3.50567
-3.50567
-3.50552
-3.50537
-3.50658
-3.50658
-3.50643
-3.50658
-3.50658
-3.50551
-3.50642
-3.50702
-3.50748
-3.50703
-3.50673
-3.50597
-3.50627
-3.50673
-3.50688
-3.50764
-3.50794
-3.50854
-3.50899
-3.50945
-3.50975
-3.50914
-3.50929
-3.51035
-3.51171
-3.51217
-3.51187
-3.51247
-3.51202
-3.51051
-3.51066
-3.51201
-3.51337
-3.51276
-3.51216
-3.51186
-3.51186
-3.51247
-3.51187
-3.51247
-3.51187
-3.51157
-3.51111
-3.51096
-3.51051
-3.5102
-3.5102
-3.51096
-3.5108
-3.5108
-3.51141
-3.51095
-3.51065
-3.5108
-3.51005
-3.50914
-3.50944
-3.50914
-3.5102
-3.5102
-3.5102
-3.51036
-3.51081
-3.50945
-3.51036
-3.51036
-3.5105
-3.51156
-3.51186
-3.51291
-3.51201
-3.51231
-3.51231
-3.51246
-3.51292
-3.51322
-3.51383
-3.51308
-3.51277
-3.51262
-3.51111
-3.51111
-3.51232
-3.51172
-3.51247
-3.51262
-3.51246
-3.51246
-3.5117
-3.5108
-3.51201
-3.51352
-3.51321
-3.51367
-3.51458
-3.51443
-3.51579
-3.51549
-3.51625
-3.517
-3.51715
-3.5167
-3.51579
-3.51488
-3.51488
-3.51443
-3.51518
-3.51549
-3.51488
-3.51564
-3.51564
-3.51534
-3.51518
-3.51458
-3.51367
-3.51367
-3.51488
-3.51428
-3.51473
-3.51549
-3.51458
-3.51412
-3.51352
-3.51261
-3.51307
-3.51186
-3.51156
-3.5111
-3.51065
-3.51065
-3.5111
-3.51171
-3.51201
-3.51201
-3.51156
-3.5105
-3.50959
-3.50944
-3.5105
-3.50974
-3.50974
-3.50989
-3.51065
-3.5105
-3.51065
-3.51125
-3.50989
-3.50928
-3.50959
-3.51019
-3.51034
-3.5102
-3.50884
-3.50868
-3.50808
-3.50929
-3.50913
-3.50959
-3.50989
-3.50898
-3.50868
-3.50944
-3.50913
-3.50808
-3.50747
-3.50792
-3.50777
-3.50838
-3.50792
-3.50717
-3.50777
-3.50717
-3.50656
-3.50641
-3.50596
-3.50611
-3.50641
-3.50762
-3.50762
-3.50837
-3.50853
-3.50822
-3.50868
-3.50792
-3.50838
-3.50883
-3.50944
-3.5108
-3.51065
-3.5114
-3.51095
-3.5105
-3.5102
-3.50929
-3.50929
-3.50989
-3.50944
-3.50974
-3.50914
-3.5102
-3.51035
-3.5102
-3.50944
-3.51019
-3.51034
-3.51064
-3.51155
-3.512
-3.51276
-3.5123
-3.51216
-3.51216
-3.51171
-3.51216
-3.51201
-3.51261
-3.51246
-3.51246
-3.51201
-3.51095
-3.51035
-3.50929
-3.50793
-3.50733
-3.50748
-3.50853
-3.50883
-3.50868
-3.50853
-3.50777
-3.50807
-3.50928
-3.51034
-3.50928
-3.50974
-3.51049
-3.51095
-3.5117
-3.5114
-3.51186
-3.51261
-3.51216
-3.51276
-3.51336
-3.51336
-3.51276
-3.51231
-3.51246
-3.51276
-3.5123
-3.51094
-3.50958
-3.51003
-3.51064
-3.51064
-3.51079
-3.5111
-3.5114
-3.51125
-3.51125
-3.5117
-3.51125
-3.51034
-3.51034
-3.51155
-3.51109
-3.51215
-3.51125
-3.5114
-3.5114
-3.51216
-3.51321
-3.51367
-3.51367
-3.51337
-3.51321
-3.51321
-3.51246
-3.51185
-3.51185
-3.51215
-3.51064
-3.51109
-3.5111
-3.51065
-3.51125
-3.5111
-3.5111
-3.5111
-3.51171
-3.51201
-3.51291
-3.51291
-3.51321
-3.51397
-3.51367
-3.51337
-3.51367
-3.51276
-3.51261
-3.51231
-3.5117
-3.51231
-3.51261
-3.51231
-3.51216
-3.51231
-3.51261
-3.51292
-3.51186
-3.51261
-3.51261
-3.51261
-3.51337
-3.51458
-3.51488
-3.51428
-3.51443
-3.51413
-3.51503
-3.51413
-3.51307
-3.51292
-3.51322
-3.51367
-3.51397
-3.51367
-3.51291
-3.51261
-3.51246
-3.51261
-3.51246
-3.51216
-3.51215
-3.512
-3.5117
-3.5114
-3.51095
-3.5111
-3.5105
-3.50974
-3.51035
-3.5099
-3.50959
-3.50929
-3.50854
-3.50899
-3.50868
-3.50868
-3.50838
-3.50762
-3.50778
-3.50687
-3.50596
-3.50566
-3.5046
-3.50475
-3.50369
-3.50445
-3.5055
-3.50475
-3.50506
-3.50537
-3.50537
-3.50461
-3.50491
-3.50552
-3.50446
-3.50506
-3.50551
-3.50612
-3.50703
-3.50688
-3.50643
-3.50612
-3.50597
-3.50642
-3.50717
-3.50702
-3.50626
-3.50641
-3.50656
-3.50672
-3.50596
-3.50491
-3.50582
-3.50567
-3.50521
-3.50476
-3.50521
-3.5043
-3.50385
-3.504
-3.50415
-3.5043
-3.5049
-3.5049
-3.50521
-3.50551
-3.50612
-3.50672
-3.50596
-3.50536
-3.50536
-3.50611
-3.50611
-3.50702
-3.50687
-3.50581
-3.50611
-3.50581
-3.50551
-3.50521
-3.50581
-3.50536
-3.50551
-3.50536
-3.5049
-3.50596
-3.50566
-3.50657
-3.5049
-3.5043
-3.50445
-3.5046
-3.50324
-3.50355
-3.50355
-3.5037
-3.50279
-3.50355
-3.5034
-3.50324
-3.5037
-3.50355
-3.50309
-3.5034
-3.50475
-3.50626
-3.50641
-3.50717
-3.50626
-3.50566
-3.50582
-3.50627
-3.50733
-3.50717
-3.50717
-3.50792
-3.50898
-3.50807
-3.50853
-3.50838
-3.50899
-3.50884
-3.50884
-3.50884
-3.50839
-3.50839
-3.50793
-3.50763
-3.50823
-3.50823
-3.50944
-3.51035
-3.50959
-3.50929
-3.50853
-3.50838
-3.50838
-3.50748
-3.50823
-3.50778
-3.50808
-3.50763
-3.50627
-3.50657
-3.50687
-3.50627
-3.50597
-3.50657
-3.50657
-3.50597
-3.50657
-3.50672
-3.50748
-3.50778
-3.50823
-3.50823
-3.50747
-3.50868
-3.50898
-3.50853
-3.50883
-3.50944
-3.50929
-3.50989
-3.50989
-3.50989
-3.5105
-3.51035
-3.50989
-3.51065
-3.50974
-3.50944
-3.50792
-3.50898
-3.50853
-3.50913
-3.50929
-3.50929
-3.50883
-3.50899
-3.50838
-3.50853
-3.50929
-3.50838
-3.50808
-3.50883
-3.50928
-3.50943
-3.50868
-3.51034
-3.50959
-3.50868
-3.50868
-3.50808
-3.50687
-3.50642
-3.50597
-3.50702
-3.50793
-3.50778
-3.50748
-3.50763
-3.50778
-3.50702
-3.50748
-3.50778
-3.50929
-3.50914
-3.50989
-3.51019
-3.51049
-3.51065
-3.51065
-3.5111
-3.51171
-3.51201
-3.51231
-3.51216
-3.51185
-3.51125
-3.51019
-3.50989
-3.50989
-3.50974
-3.50914
-3.50884
-3.50975
-3.51035
-3.50974
-3.51035
-3.50989
-3.50959
-3.50884
-3.50914
-3.50838
-3.50824
-3.50748
-3.50673
-3.50748
-3.50748
-3.50703
-3.50673
-3.50718
-3.50718
-3.50733
-3.50718
-3.50748
-3.50762
-3.50747
-3.50853
-3.50823
-3.50778
-3.50778
-3.50718
-3.50703
-3.50794
-3.50839
-3.50945
-3.50899
-3.50838
-3.50883
-3.50914
-3.50929
-3.50974
-3.50914
-3.50914
-3.50824
-3.50884
-3.50929
-3.50899
-3.50883
-3.50868
-3.50838
-3.50883
-3.50838
-3.50869
-3.50763
-3.50703
-3.50718
-3.50778
-3.50854
-3.50884
-3.50868
-3.50868
-3.50944
-3.50959
-3.50914
-3.50929
-3.50854
-3.50869
-3.50839
-3.50884
-3.50884
-3.50899
-3.50884
-3.50914
-3.5105
-3.51004
-3.50929
-3.5102
-3.5102
-3.51156
-3.51231
-3.51261
-3.51231
-3.5108
-3.51035
-3.51065
-3.51065
-3.50975
-3.50944
-3.51005
-3.50944
-3.50899
-3.50884
-3.50914
-3.50868
-3.50823
-3.50808
-3.50823
-3.50914
-3.50959
-3.50944
-3.5099
-3.5105
-3.51035
-3.5099
-3.50884
-3.50884
-3.50839
-3.50793
-3.50823
-3.50974
-3.5102
-3.5108
-3.5111
-3.51171
-3.51171
-3.51261
-3.51262
-3.51367
-3.51413
-3.51443
-3.51488
-3.51458
-3.51353
-3.51277
-3.51217
-3.51186
-3.51201
-3.51171
-3.51231
-3.51171
-3.51141
-3.51247
-3.51156
-3.51172
-3.51232
-3.51187
-3.51127
-3.51006
-3.51066
-3.51036
-3.51081
-3.51066
-3.51126
-3.51156
-3.51065
-3.51096
-3.51035
-3.51065
-3.51066
-3.51035
-3.50945
-3.50899
-3.50884
-3.50869
-3.50718
-3.50567
-3.50506
-3.50385
-3.5037
-3.50385
-3.50401
-3.50401
-3.5037
-3.5034
-3.5028
-3.50295
-3.50235
-3.5022
-3.50295
-3.50325
-3.5037
-3.50401
-3.50476
-3.50491
-3.50582
-3.50627
-3.50582
-3.50522
-3.50507
-3.50476
-3.50658
-3.50658
-3.50718
-3.50854
-3.50824
-3.50763
-3.50778
-3.50657
-3.50688
-3.50673
-3.50658
-3.50673
-3.50718
-3.50673
-3.50718
-3.50643
-3.50703
-3.50733
-3.50658
-3.50718
-3.50733
-3.50748
-3.50627
-3.50537
-3.50552
-3.50628
-3.50673
-3.50598
-3.50598
-3.50597
-3.50582
-3.50506
-3.50551
-3.50612
-3.50627
-3.50567
-3.50521
-3.50476
-3.50491
-3.50461
-3.50506
-3.50507
-3.50552
-3.50492
-3.50477
-3.50477
-3.50567
-3.50597
-3.50612
-3.50627
-3.50793
-3.50793
-3.50778
-3.50748
-3.50869
-3.50839
-3.50794
-3.50884
-3.50884
-3.50884
-3.50839
-3.509
-3.50945
-3.5099
-3.50914
-3.50854
-3.50884
-3.50915
-3.50885
-3.5087
-3.50945
-3.50945
-3.50899
-3.50884
-3.50869
-3.50809
-3.50718
-3.50658
-3.50583
-3.50688
-3.50718
-3.50597
-3.50597
-3.50673
-3.50658
-3.50703
-3.50855
-3.50749
-3.5081
-3.5084
-3.50824
-3.50885
-3.50869
-3.5093
-3.50945
-3.51021
-3.51036
-3.51066
-3.51202
-3.51217
-3.51172
-3.51127
-3.51097
-3.51006
-3.51036
-3.51021
-3.51051
-3.5096
-3.50945
-3.5096
-3.50945
-3.5099
-3.50975
-3.51006
-3.51021
-3.51036
-3.509
-3.50945
-3.50991
-3.5093
-3.50975
-3.50945
-3.50991
-3.50915
-3.509
-3.50824
-3.50855
-3.5093
-3.50915
-3.50945
-3.5093
-3.50869
-3.5096
-3.50976
-3.51021
-3.51036
-3.50991
-3.50946
-3.51021
-3.51097
-3.51112
-3.51127
-3.51036
-3.51036
-3.5093
-3.50809
-3.50809
-3.50839
-3.50884
-3.50869
-3.50779
-3.5084
-3.5087
-3.50915
-3.50961
-3.51021
-3.50976
-3.50961
-3.50825
-3.50794
-3.50794
-3.50809
-3.50764
-3.50749
-3.50582
-3.50597
-3.50597
-3.50492
-3.50476
-3.50477
-3.50492
-3.50567
-3.50552
-3.50477
-3.50492
-3.50447
-3.50522
-3.50386
-3.50371
-3.50401
-3.50311
-3.50401
-3.50431
-3.50613
-3.50582
-3.50703
-3.50673
-3.50718
-3.50824
-3.50779
-3.50749
-3.50688
-3.50779
-3.50734
-3.50719
-3.50628
-3.50537
-3.50476
-3.50582
-3.50642
-3.50658
-3.50643
-3.50613
-3.50628
-3.50628
-3.50644
-3.50659
-3.50704
-3.50583
-3.50613
-3.50748
-3.50763
-3.50764
-3.50673
-3.50553
-3.50658
-3.50658
-3.50734
-3.50689
-3.50583
-3.50552
-3.50658
-3.50583
-3.50613
-3.50522
-3.50402
-3.50492
-3.50553
-3.50538
-3.50477
-3.50553
-3.50583
-3.50598
-3.50583
-3.50567
-3.50673
-3.50718
-3.50779
-3.50794
-3.50733
-3.50688
-3.50613
-3.50613
-3.50613
-3.50553
-3.50659
-3.50689
-3.5075
-3.5075
-3.5078
-3.50689
-3.50628
-3.50643
-3.50643
-3.50718
-3.50794
-3.50779
-3.50674
-3.50644
-3.50719
-3.50644
-3.50719
-3.50628
-3.50688
-3.50688
-3.50673
-3.50643
-3.50658
-3.50598
-3.50673
-3.50658
-3.50568
-3.50658
-3.50628
-3.50719
-3.50643
-3.50628
-3.50582
-3.50598
-3.50583
-3.50568
-3.50568
-3.50568
-3.50538
-3.50584
-3.50569
-3.50447
-3.50462
-3.50507
-3.50507
-3.50462
-3.50522
-3.50507
-3.50552
-3.50568
-3.50507
-3.50507
-3.50477
-3.50432
-3.50372
-3.50432
-3.50341
-3.50417
-3.50508
-3.50553
-3.50598
-3.50613
-3.50598
-3.50643
-3.50689
-3.50643
-3.50674
-3.50689
-3.5075
-3.50735
-3.50719
-3.50825
-3.5087
-3.509
-3.5093
-3.51005
-3.51051
-3.51051
-3.50991
-3.509
-3.50931
-3.50961
-3.50991
-3.5084
-3.50825
-3.5093
-3.509
-3.5096
-3.5099
-3.51051
-3.5093
-3.50946
-3.51021
-3.50991
-3.51036
-3.51067
-3.50976
-3.50976
-3.51021
-3.51036
-3.50991
-3.50885
-3.5087
-3.50854
-3.50824
-3.509
-3.50885
-3.50855
-3.5087
-3.50749
-3.50764
-3.50764
-3.50765
-3.5075
-3.50885
-3.5087
-3.50946
-3.50976
-3.50931
-3.509
-3.51021
-3.51021
-3.50946
-3.51006
-3.50946
-3.5084
-3.50794
-3.50809
-3.50764
-3.50734
-3.50794
-3.50809
-3.50719
-3.50794
-3.5084
-3.50855
-3.50916
-3.50961
-3.50916
-3.5087
-3.50931
-3.51021
-3.50945
-3.50945
-3.509
-3.509
-3.50809
-3.50643
-3.50658
-3.50583
-3.50568
-3.50553
-3.50598
-3.50508
-3.50432
-3.50447
-3.50447
-3.50477
-3.50507
-3.50537
-3.50568
-3.50583
-3.50643
-3.50673
-3.50794
-3.50824
-3.50809
-3.50839
-3.5093
-3.5096
-3.50945
-3.51066
-3.51021
-3.5096
-3.50915
-3.50885
-3.50975
-3.50975
-3.509
-3.50885
-3.50794
-3.50855
-3.5087
-3.50931
-3.50885
-3.50885
-3.51021
-3.50991
-3.51082
-3.51112
-3.51157
-3.51127
-3.51142
-3.51066
-3.51006
-3.51081
-3.51097
-3.51097
-3.51097
-3.51142
-3.51007
-3.51082
-3.51082
-3.51218
-3.51187
-3.51187
-3.51293
-3.51187
-3.51127
-3.51067
-3.51037
-3.50961
-3.51021
-3.51097
-3.51036
-3.51051
-3.51051
-3.51126
-3.51126
-3.50975
-3.51127
-3.51081
-3.51006
-3.51066
-3.51112
-3.51188
-3.51142
-3.51036
-3.50931
-3.50931
-3.50976
-3.50991
-3.51021
-3.51127
-3.51157
-3.51112
-3.51157
-3.51142
-3.51142
-3.51172
-3.51096
-3.51096
-3.51081
-3.51232
-3.51187
-3.51112
-3.51127
-3.51097
-3.51082
-3.51081
-3.51066
-3.51172
-3.51187
-3.51187
-3.51111
-3.51126
-3.51172
-3.51323
-3.51293
-3.51248
-3.51338
-3.51232
-3.51278
-3.51278
-3.51338
-3.51308
-3.51202
-3.51308
-3.51308
-3.51338
-3.51323
-3.51399
-3.51277
-3.51247
-3.51156
-3.51126
-3.51096
-3.51005
-3.51036
-3.50991
-3.50991
-3.5093
-3.50855
-3.50779
-3.50824
-3.5084
-3.50945
-3.51051
-3.5096
-3.5096
-3.50945
-3.51006
-3.50946
-3.50946
-3.50931
-3.50916
-3.50976
-3.5093
-3.5093
-3.50915
-3.50915
-3.50915
-3.509
-3.50946
-3.509
-3.5087
-3.50825
-3.50855
-3.50809
-3.50794
-3.50749
-3.50779
-3.50704
-3.50689
-3.50719
-3.50644
-3.50689
-3.50598
-3.50568
-3.50552
-3.50552
-3.50688
-3.50688
-3.50688
-3.50598
-3.50598
-3.50628
-3.50643
-3.50583
-3.50764
-3.50689
-3.50734
-3.50704
-3.50643
-3.50553
-3.50538
-3.50553
-3.50477
-3.50674
-3.50734
-3.50809
-3.50839
-3.50779
-3.50673
-3.50658
-3.50689
-3.50719
-3.50734
-3.50794
-3.50885
-3.51051
-3.51096
-3.51217
-3.51217
-3.51217
-3.51172
-3.51232
-3.51262
-3.51172
-3.51172
-3.51202
-3.51202
-3.51248
-3.51187
-3.51263
-3.51248
-3.51247
-3.51278
-3.51187
-3.51096
-3.51126
-3.51202
-3.51187
-3.51172
-3.51293
-3.51323
-3.51399
-3.51233
-3.51218
-3.51278
-3.51278
-3.51323
-3.51218
-3.51232
-3.51383
-3.51307
-3.51338
-3.51413
-3.51383
-3.51263
-3.51369
-3.51308
-3.51308
-3.51308
-3.51248
-3.51217
-3.51202
-3.51247
-3.51248
-3.51263
-3.51188
-3.51142
-3.51172
-3.51218
-3.51293
-3.51308
-3.51338
-3.51277
-3.51338
-3.51217
-3.51142
-3.51036
-3.51217
-3.51248
-3.51081
-3.51082
-3.50976
-3.50885
-3.50764
-3.50704
-3.50719
-3.50719
-3.50719
-3.50719
-3.50749
-3.50809
-3.50854
-3.50809
-3.50764
-3.50824
-3.50839
-3.5087
-3.50885
-3.509
-3.50976
-3.50991
-3.51006
-3.51021
-3.51051
-3.51051
-3.51006
-3.51051
-3.51006
-3.50991
-3.509
-3.5087
-3.5081
-3.5078
-3.50734
-3.50825
-3.50855
-3.50765
-3.50659
-3.50719
-3.50765
-3.50764
-3.50825
-3.50658
-3.50749
-3.50734
-3.50704
-3.50779
-3.50719
-3.50718
-3.50643
-3.50703
-3.50794
-3.50628
-3.50537
-3.50522
-3.50477
-3.50567
-3.50583
-3.50719
-3.50749
-3.50704
-3.50658
-3.50537
-3.50583
-3.50492
-3.50492
-3.50598
-3.50567
-3.50583
-3.50477
-3.50477
-3.50447
-3.50447
-3.50462
-3.50507
-3.50371
-3.50311
-3.50265
-3.50265
-3.5028
-3.50341
-3.50281
-3.50311
-3.50326
-3.50311
-3.50356
-3.50311
-3.50431
-3.50341
-3.50416
-3.50401
-3.50507
-3.50477
-3.50582
-3.50537
-3.50507
-3.50461
-3.50688
-3.50688
-3.50658
-3.50537
-3.50492
-3.50552
-3.50643
-3.50673
-3.50627
-3.50597
-3.50688
-3.50688
-3.50703
-3.50824
-3.50809
-3.50779
-3.50779
-3.50673
-3.50688
-3.50597
-3.50537
-3.50537
-3.50447
-3.50341
-3.50417
-3.50508
-3.50493
-3.50613
-3.50704
-3.50749
-3.50809
-3.50764
-3.50779
-3.50749
-3.50719
-3.5078
-3.50734
-3.50689
-3.50704
-3.50764
-3.50779
-3.50899
-3.50945
-3.50885
-3.509
-3.50915
-3.5087
-3.50885
-3.50765
-3.50749
-3.50734
-3.50689
-3.50644
-3.5078
-3.50704
-3.50643
-3.50689
-3.50734
-3.50719
-3.50689
-3.50749
-3.50704
-3.50689
-3.50719
-3.50885
-3.50931
-3.50961
-3.509
-3.5093
-3.50961
-3.51036
-3.51066
-3.51081
-3.51006
-3.5093
-3.50946
-3.50915
-3.50991
-3.51036
-3.51172
-3.51157
-3.51142
-3.51082
-3.51067
-3.51127
-3.51218
-3.51202
-3.51293
-3.51323
-3.51338
-3.51383
-3.51428
-3.51368
-3.51308
-3.51217
-3.51217
-3.51248
-3.51263
-3.51233
-3.51308
-3.51369
-3.51278
-3.51187
-3.51278
-3.51368
-3.51398
-3.51414
-3.51399
-3.51474
-3.51505
-3.51429
-3.51429
-3.51459
-3.51353
-3.51293
-3.51308
-3.51293
-3.51308
-3.51308
-3.51323
-3.51323
-3.51323
-3.51247
-3.51217
-3.51187
-3.51217
-3.51293
-3.51308
-3.51278
-3.51323
-3.51368
-3.51384
-3.51278
-3.51338
-3.51354
-3.51399
-3.51308
-3.51187
-3.51157
-3.51111
-3.51081
-3.51097
-3.51217
-3.51218
-3.51323
-3.51338
-3.51293
-3.51262
-3.51217
-3.51096
-3.51112
-3.51006
-3.50976
-3.50916
-3.5087
-3.50734
-3.50794
-3.50824
-3.50839
-3.50748
-3.50809
-3.50764
-3.50719
-3.50764
-3.5078
-3.5084
-3.50825
-3.5081
-3.50901
-3.509
-3.50885
-3.50885
-3.50915
-3.5087
-3.50855
-3.50824
-3.50809
-3.50809
-3.50658
-3.50703
-3.50779
-3.50794
-3.50869
-3.50915
-3.50976
-3.509
-3.50915
-3.50976
-3.50976
-3.50915
-3.50794
-3.50884
-3.50748
-3.50763
-3.50597
-3.50522
-3.50552
-3.50673
-3.50658
-3.50628
-3.50537
-3.50582
-3.50522
-3.50613
-3.50643
-3.50613
-3.50507
-3.50522
-3.50582
-3.50673
-3.50627
-3.50703
-3.50688
-3.50658
-3.50719
-3.50794
-3.50719
-3.50734
-3.50749
-3.50839
-3.50885
-3.50839
-3.50779
-3.50809
-3.50809
-3.50809
-3.50885
-3.50855
-3.50855
-3.50885
-3.5084
-3.509
-3.50945
-3.509
-3.50885
-3.5096
-3.5099
-3.5102
-3.51126
-3.51262
-3.51217
-3.51157
-3.51096
-3.51142
-3.51127
-3.51112
-3.51097
-3.50991
-3.50991
-3.50855
-3.50809
-3.5096
-3.51005
-3.50945
-3.50869
-3.50869
-3.50779
-3.50733
-3.50809
-3.50854
-3.5096
-3.509
-3.50945
-3.50961
-3.50991
-3.50991
-3.50975
-3.51035
-3.50959
-3.51035
-3.51066
-3.51142
-3.51066
-3.51187
-3.51262
-3.51368
-3.51368
-3.51307
-3.51428
-3.51338
-3.51353
-3.51247
-3.51353
-3.51322
-3.51232
-3.51171
-3.51081
-3.51036
-3.51005
-3.51035
-3.50899
-3.50794
-3.50718
-3.50673
-3.50718
-3.50643
-3.50552
-3.50627
-3.50703
-3.50733
-3.50703
-3.50688
-3.50643
-3.50748
-3.50793
-3.50733
-3.50778
-3.50808
-3.50809
-3.50884
-3.50884
-3.50899
-3.5093
-3.50839
-3.50915
-3.50976
-3.50991
-3.5099
-3.51036
-3.5093
-3.50899
-3.50929
-3.50929
-3.50854
-3.50839
-3.50809
-3.50779
-3.50749
-3.50824
-3.50658
-3.50689
-3.50719
-3.50764
-3.50749
-3.50733
-3.50748
-3.50733
-3.50778
-3.50839
-3.50915
-3.50884
-3.50884
-3.50854
-3.50733
-3.50809
-3.50839
-3.50763
-3.50764
-3.50794
-3.50839
-3.50885
-3.50734
-3.50688
-3.50643
-3.50597
-3.50476
-3.50431
-3.50356
-3.50341
-3.50326
-3.5019
-3.5031
-3.50386
-3.50507
-3.50521
-3.50552
-3.50582
-3.50673
-3.50718
-3.50703
-3.50628
-3.50628
-3.50613
-3.50597
-3.50658
-3.50597
-3.50567
-3.50612
-3.50582
-3.50567
-3.50582
-3.50613
-3.50628
-3.50628
-3.50628
-3.50628
-3.50598
-3.50643
-3.50733
-3.50733
-3.50793
-3.50808
-3.50914
-3.5093
-3.5099
-3.51021
-3.5087
-3.50885
-3.50825
-3.50734
-3.50734
-3.50704
-3.50779
-3.50613
-3.50704
-3.5078
-3.50809
-3.50824
-3.50733
-3.50748
-3.50703
-3.50809
-3.50749
-3.50779
-3.50855
-3.5084
-3.50825
-3.50779
-3.5093
-3.50975
-3.51096
-3.51156
-3.51141
-3.51081
-3.51111
-3.51202
-3.51157
-3.51127
-3.51157
-3.51172
-3.51338
-3.51323
-3.51202
-3.51232
-3.51187
-3.51187
-3.51278
-3.51263
-3.51172
-3.51051
-3.51097
-3.51187
-3.51278
-3.51232
-3.51263
-3.51414
-3.51339
-3.51369
-3.51354
-3.51294
-3.51354
-3.51339
-3.51324
-3.51323
-3.51384
-3.51323
-3.51323
-3.51323
-3.51368
-3.51384
-3.51369
-3.51399
-3.51474
-3.51369
-3.51339
-3.51263
-3.51293
-3.51248
-3.51157
-3.51157
-3.51248
-3.51218
-3.51097
-3.51052
-3.50976
-3.50916
-3.50916
-3.50915
-3.50915
-3.50961
-3.50976
-3.50916
-3.50961
-3.50992
-3.50931
-3.50947
-3.50946
-3.50976
-3.50976
-3.50931
-3.5084
-3.50885
-3.50794
-3.50809
-3.50779
-3.50824
-3.5081
-3.50825
-3.5081
-3.5081
-3.5075
-3.5072
-3.5075
-3.50826
-3.50931
-3.50961
-3.51007
-3.51007
-3.51203
-3.51097
-3.51082
-3.51051
-3.51081
-3.51096
-3.51142
-3.51308
-3.51263
-3.51294
-3.51355
-3.51325
-3.51355
-3.5143
-3.51415
-3.5137
-3.5137
-3.51279
-3.51293
-3.51429
-3.51308
-3.51338
-3.51263
-3.51218
-3.51098
-3.51113
-3.51083
-3.51037
-3.50977
-3.50962
-3.50886
-3.50902
-3.50916
-3.50871
-3.50931
-3.51021
-3.51006
-3.51006
-3.50886
-3.50841
-3.50705
-3.5075
-3.50781
-3.50781
-3.50735
-3.50841
-3.50871
-3.50916
-3.50932
-3.51038
-3.51068
-3.51097
-3.51082
-3.51022
-3.51052
-3.51022
-3.51007
-3.50992
-3.51098
-3.51098
-3.51083
-3.50992
-3.51068
-3.51022
-3.50977
-3.50856
-3.51037
-3.50962
-3.50962
-3.50947
-3.50901
-3.50856
-3.50826
-3.50826
-3.5075
-3.5069
-3.50645
-3.50705
-3.50735
-3.50659
-3.50583
-3.50689
-3.5072
-3.50856
-3.50962
-3.51038
-3.51143
-3.51188
-3.51173
-3.51113
-3.51112
-3.51188
-3.51203
-3.51143
-3.51053
-3.51023
-3.50917
-3.50932
-3.50962
-3.51023
-3.51098
-3.51098
-3.51022
-3.50961
-3.50977
-3.50947
-3.50962
-3.50947
-3.50857
-3.50842
-3.50857
-3.50766
-3.50751
-3.50781
-3.50796
-3.5069
-3.50675
-3.50599
-3.50493
-3.50508
-3.50584
-3.50584
-3.50479
-3.50494
-3.50494
-3.50464
-3.50494
-3.50448
-3.50433
-3.50418
-3.50463
-3.50357
-3.50236
-3.50282
-3.50282
-3.50342
-3.50327
-3.50372
-3.50357
-3.50357
-3.50463
-3.50554
-3.50614
-3.50629
-3.50644
-3.50509
-3.50508
-3.50539
-3.50599
-3.50614
-3.5072
-3.50735
-3.5072
-3.5075
-3.50735
-3.5075
-3.5081
-3.5081
-3.50735
-3.50765
-3.50856
-3.50916
-3.50946
-3.50916
-3.50962
-3.50962
-3.50992
-3.50962
-3.50932
-3.51022
-3.51128
-3.51203
-3.51203
-3.51279
-3.51233
-3.51188
-3.51173
-3.51158
-3.51098
-3.50962
-3.50962
-3.50871
-3.50871
-3.50886
-3.50886
-3.51022
-3.51113
-3.51053
-3.51037
-3.50992
-3.51053
-3.51098
-3.51068
-3.51053
-3.51098
-3.51113
-3.51113
-3.51083
-3.51068
-3.51158
-3.51189
-3.51083
-3.51037
-3.51022
-3.50856
-3.50871
-3.50871
-3.50781
-3.50811
-3.50826
-3.50811
-3.5069
-3.50705
-3.50735
-3.5072
-3.5075
-3.50766
-3.50705
-3.50796
-3.50887
-3.50902
-3.50902
-3.50856
-3.50765
-3.50811
-3.50735
-3.50705
-3.50705
-3.5072
-3.50735
-3.50614
-3.50674
-3.50765
-3.50825
-3.50704
-3.50704
-3.50659
-3.50599
-3.50614
-3.50629
-3.50614
-3.50689
-3.50689
-3.5072
-3.5069
-3.50735
-3.50735
-3.50735
-3.5075
-3.50795
-3.50735
-3.5084
-3.5081
-3.50871
-3.50946
-3.50977
-3.50946
-3.51098
-3.50977
-3.50962
-3.50962
-3.50886
-3.50886
-3.50886
-3.50871
-3.50871
-3.50886
-3.50916
-3.50917
-3.50811
-3.5072
-3.5066
-3.50675
-3.5069
-3.50735
-3.50795
-3.50689
-3.50689
-3.50644
-3.50599
-3.50599
-3.50569
-3.50705
-3.5078
-3.5075
-3.50765
-3.5069
-3.50584
-3.50554
-3.50433
-3.50508
-3.50539
-3.50508
-3.50584
-3.50644
-3.50629
-3.50614
-3.50645
-3.50614
-3.50599
-3.5069
-3.50705
-3.5066
-3.50599
-3.50645
-3.50584
-3.50675
-3.50765
-3.50855
-3.50916
-3.50901
-3.50825
-3.50735
-3.5078
-3.50841
-3.50675
-3.50614
-3.50689
-3.50735
-3.50735
-3.50795
-3.50704
-3.50674
-3.50704
-3.5072
-3.5069
-3.50796
-3.50644
-3.50584
-3.50659
-3.50674
-3.50599
-3.50523
-3.50433
-3.50403
-3.50403
-3.50387
-3.50387
-3.50387
-3.50357
-3.50387
-3.50357
-3.50237
-3.50282
-3.50312
-3.50297
-3.50282
-3.50206
-3.50281
-3.50357
-3.50387
-3.50403
-3.50342
-3.50403
-3.50508
-3.50553
-3.50538
-3.50523
-3.50599
-3.50569
-3.50539
-3.50539
-3.50448
-3.50433
-3.50553
-3.50629
-3.50599
-3.50689
-3.50735
-3.50719
-3.50765
-3.5078
-3.50765
-3.50855
-3.50734
-3.50734
-3.50734
-3.50765
-3.50689
-3.50734
-3.5078
-3.50825
-3.5084
-3.50871
-3.5084
-3.50886
-3.50885
-3.509
-3.50915
-3.50855
-3.50825
-3.50885
-3.50916
-3.50976
-3.50946
-3.5084
-3.5087
-3.50885
-3.509
-3.50825
-3.5075
-3.5081
-3.50795
-3.50976
-3.50976
-3.50991
-3.51037
-3.51007
-3.50886
-3.5081
-3.5081
-3.5081
-3.50779
-3.50779
-3.50704
-3.5084
-3.50946
-3.50961
-3.51052
-3.51067
-3.51067
-3.51097
-3.51067
-3.51127
-3.51188
-3.51143
-3.51082
-3.51112
-3.51127
-3.51127
-3.51037
-3.51022
-3.51006
-3.50976
-3.51097
-3.50991
-3.50991
-3.50976
-3.50916
-3.50886
-3.50931
-3.50961
-3.51006
-3.51082
-3.51067
-3.51082
-3.50991
-3.50961
-3.50961
-3.50992
-3.51037
-3.50961
-3.51067
-3.51067
-3.51052
-3.50976
-3.50931
-3.50961
-3.50976
-3.50931
-3.5081
-3.50856
-3.5087
-3.50946
-3.50855
-3.50976
-3.50976
-3.50946
-3.51007
-3.50886
-3.50901
-3.50901
-3.50901
-3.50871
-3.5087
-3.509
-3.5084
-3.50749
-3.50719
-3.50719
-3.50795
-3.50765
-3.5081
-3.50749
-3.50749
-3.5081
-3.50886
-3.50931
-3.51007
-3.51052
-3.51022
-3.51052
-3.51067
-3.51097
-3.51007
-3.50992
-3.50946
-3.50946
-3.50946
-3.50916
-3.50871
-3.50976
-3.50976
-3.50991
-3.50961
-3.509
-3.50764
-3.5078
-3.5081
-3.50826
-3.50795
-3.5075
-3.50705
-3.50689
-3.50659
-3.50704
-3.50735
-3.5081
-3.5081
-3.50886
-3.50916
-3.51021
-3.50946
-3.50946
-3.51157
-3.51157
-3.51248
-3.51263
-3.51233
-3.51294
-3.51399
-3.51505
-3.51475
-3.5149
-3.51505
-3.5149
-3.51399
-3.51384
-3.51384
-3.51369
-3.5143
-3.5152
-3.5155
-3.51565
-3.5155
-3.5146
-3.5143
-3.5146
-3.51505
-3.51445
-3.51369
-3.51369
-3.51263
-3.51248
-3.51082
-3.51142
-3.51142
-3.51188
-3.51158
-3.51158
-3.50961
-3.50976
-3.50961
-3.50976
-3.50976
-3.5096
-3.50915
-3.5093
-3.50946
-3.50931
-3.50886
-3.50946
-3.50886
-3.50946
-3.50946
-3.509
-3.50779
-3.50734
-3.50719
-3.50689
-3.5069
-3.5075
-3.50735
-3.50765
-3.50825
-3.50825
-3.5075
-3.5084
-3.50885
-3.5078
-3.50765
-3.50734
-3.50644
-3.50735
-3.50825
-3.5075
-3.50916
-3.50992
-3.50991
-3.50976
-3.50886
-3.5081
-3.50749
-3.50749
-3.50734
-3.50765
-3.5081
-3.50856
-3.5078
-3.5081
-3.5072
-3.50719
-3.50749
-3.50749
-3.5081
-3.50658
-3.50568
-3.50508
-3.50568
-3.50553
-3.50508
-3.50493
-3.50432
-3.50448
-3.50523
-3.50553
-3.50508
-3.50538
-3.50583
-3.50628
-3.50613
-3.50582
-3.50552
-3.50507
-3.50523
-3.50583
-3.50569
-3.50569
-3.50584
-3.50644
-3.50659
-3.50644
-3.50584
-3.50599
-3.50599
-3.50614
-3.50477
-3.50492
-3.50522
-3.50447
-3.50477
-3.50583
-3.50538
-3.50659
-3.50614
-3.50538
-3.50538
-3.50523
-3.50478
-3.50492
-3.50402
-3.50402
-3.50522
-3.50537
-3.50522
-3.50583
-3.50643
-3.50658
-3.50795
-3.50689
-3.50689
-3.50674
-3.50719
-3.50674
-3.50613
-3.50583
-3.50552
-3.50613
-3.50538
-3.50507
-3.50462
-3.50387
-3.50417
-3.50417
-3.50417
-3.50402
-3.50553
-3.50507
-3.50401
-3.50446
-3.50295
-3.5028
-3.50341
-3.50311
-3.50296
-3.50463
-3.50463
-3.50523
-3.50568
-3.50613
-3.50613
-3.50703
-3.50673
-3.50582
-3.50688
-3.50552
-3.50552
-3.50733
-3.50779
-3.50779
-3.50869
-3.509
-3.5093
-3.50854
-3.50869
-3.509
-3.50839
-3.50764
-3.50643
-3.50613
-3.50658
-3.50689
-3.50749
-3.50688
-3.50824
-3.50945
-3.50915
-3.50885
-3.50915
-3.50869
-3.50779
-3.50703
-3.50688
-3.50763
-3.50824
-3.50839
-3.50975
-3.5102
-3.51006
-3.51006
-3.51021
-3.51051
-3.51051
-3.51142
-3.51081
-3.51081
-3.51021
-3.5087
-3.50915
-3.5087
-3.50976
-3.51021
-3.51021
-3.51096
-3.51051
-3.51005
-3.51036
-3.50945
-3.50885
-3.50733
-3.50718
-3.50749
-3.50673
-3.50688
-3.50719
-3.50764
-3.5081
-3.50961
-3.50991
-3.51021
-3.51021
-3.5093
-3.50855
-3.509
-3.50854
-3.50824
-3.50718
-3.50643
-3.50537
-3.50552
-3.50598
-3.50688
-3.50704
-3.50825
-3.5084
-3.50915
-3.50945
-3.51036
-3.51035
-3.51051
-3.5099
-3.51006
-3.51036
-3.50991
-3.5087
-3.509
-3.509
-3.50915
-3.50945
-3.50915
-3.5099
-3.5099
-3.51096
-3.51081
-3.51141
-3.51187
-3.51323
-3.51232
-3.51278
-3.51247
-3.51323
-3.51323
-3.51368
-3.51247
-3.51248
-3.51202
-3.51066
-3.51066
-3.50991
-3.51081
-3.51142
-3.51142
-3.51051
-3.51036
-3.51066
-3.51081
-3.5096
-3.50885
-3.5099
-3.51036
-3.51051
-3.51021
-3.51081
-3.51096
-3.51127
-3.51127
-3.51112
-3.51066
-3.51082
-3.51157
-3.51112
-3.51157
-3.51202
-3.51232
-3.51202
-3.51186
-3.51126
-3.51232
-3.51247
-3.51262
-3.51217
-3.51323
-3.51232
-3.51126
-3.51142
-3.51142
-3.51036
-3.51036
-3.51021
-3.50991
-3.5087
-3.5093
-3.50976
-3.50961
-3.50991
-3.51081
-3.51066
-3.5096
-3.50975
-3.51006
-3.50991
-3.50977
-3.50931
-3.50992
-3.50961
-3.50931
-3.5096
-3.50975
-3.5105
-3.5102
-3.50975
-3.51006
-3.50961
-3.50931
-3.50976
-3.50856
-3.5078
-3.5075
-3.50795
-3.50809
-3.50839
-3.50794
-3.50794
-3.50764
-3.50794
-3.50824
-3.50779
-3.50915
-3.51021
-3.51021
-3.5096
-3.5093
-3.50915
-3.50855
-3.50946
-3.51021
-3.51021
-3.51082
-3.51036
-3.50915
-3.5102
-3.50975
-3.50945
-3.50945
-3.50915
-3.50946
-3.51021
-3.51142
-3.51142
-3.51187
-3.51127
-3.51157
-3.51202
-3.51293
-3.51172
-3.51157
-3.51051
-3.50976
-3.51006
-3.50976
-3.50855
-3.5087
-3.50945
-3.50824
-3.5081
-3.5084
-3.50855
-3.5084
-3.50809
-3.50855
-3.50945
-3.509
-3.50915
-3.50855
-3.50795
-3.50704
-3.50659
-3.50674
-3.50674
-3.50644
-3.50628
-3.50673
-3.50673
-3.50673
-3.50673
-3.50749
-3.50719
-3.50568
-3.50674
-3.50598
-3.50538
-3.50613
-3.50688
-3.50688
-3.50749
-3.50658
-3.50704
-3.50734
-3.5081
-3.5087
-3.50795
-3.50765
-3.50825
-3.5081
-3.50704
-3.50598
-3.50552
-3.50567
-3.50673
-3.50749
-3.50764
-3.50764
-3.50689
-3.5075
-3.50629
-3.50568
-3.50463
-3.50508
-3.50598
-3.50598
-3.50613
-3.50688
-3.50703
-3.50749
-3.50688
-3.50749
-3.50734
-3.50871
-3.50855
-3.50916
-3.50886
-3.50976
-3.51082
-3.51127
-3.51097
-3.51172
-3.51248
-3.51278
-3.51308
-3.51354
-3.51323
-3.51293
-3.51142
-3.51051
-3.51036
-3.51067
-3.51067
-3.51097
-3.51036
-3.50976
-3.51066
-3.5087
-3.50931
-3.50825
-3.50689
-3.50795
-3.50871
-3.50901
-3.50931
-3.50946
-3.50946
-3.5087
-3.5084
-3.5087
-3.50855
-3.50855
-3.50946
-3.50886
-3.50871
-3.50871
-3.50917
-3.50826
-3.50795
-3.50795
-3.50855
-3.50794
-3.50704
-3.50704
-3.5078
-3.5075
-3.5066
-3.50735
-3.50644
-3.50674
-3.5078
-3.5087
-3.50825
-3.50885
-3.50991
-3.50961
-3.50855
-3.50689
-3.50719
-3.50764
-3.50749
-3.50643
-3.50553
-3.50553
-3.50614
-3.50584
-3.50508
-3.50523
-3.50433
-3.50372
-3.50266
-3.50281
-3.50266
-3.50326
-3.50251
-3.50236
-3.50296
-3.50312
-3.50311
-3.50356
-3.50477
-3.50492
-3.50477
-3.50508
-3.50508
-3.50568
-3.50599
-3.50523
-3.50477
-3.50432
-3.50507
-3.50553
-3.50613
-3.50613
-3.50538
-3.50523
-3.50387
-3.50462
-3.50538
-3.50629
-3.50704
-3.50659
-3.50599
-3.50689
-3.50659
-3.50629
-3.50568
-3.50614
-3.50613
-3.50553
-3.50492
-3.50613
-3.50658
-3.50628
-3.50568
-3.50553
-3.50507
-3.50507
-3.50492
-3.50432
-3.50432
-3.50417
-3.50417
-3.50387
-3.50432
-3.50417
-3.50462
-3.50568
-3.50613
-3.50613
-3.50643
-3.50628
-3.50659
-3.50795
-3.5084
-3.50795
-3.50795
-3.50961
-3.50961
-3.5096
-3.51006
-3.51036
-3.51081
-3.51066
-3.51067
-3.50961
-3.51037
-3.51006
-3.51112
-3.51112
-3.50915
-3.50945
-3.5096
-3.50976
-3.51021
-3.50991
-3.51021
-3.50946
-3.50915
-3.51006
-3.51051
-3.51142
-3.51157
-3.51036
-3.51127
-3.51081
-3.51066
-3.5093
-3.50915
-3.509
-3.50961
-3.51097
-3.51112
-3.51097
-3.51097
-3.51112
-3.51021
-3.51006
-3.51021
-3.509
-3.5087
-3.50946
-3.50991
-3.51082
-3.51051
-3.51051
-3.51142
-3.51052
-3.51021
-3.50916
-3.50885
-3.50885
-3.50915
-3.50855
-3.50794
-3.50825
-3.50719
-3.50704
-3.50765
-3.50825
-3.5078
-3.50855
-3.50855
-3.5075
-3.5081
-3.50749
-3.50719
-3.50703
-3.50658
-3.50734
-3.50885
-3.50886
-3.50886
-3.50841
-3.50931
-3.50901
-3.50856
-3.50735
-3.5075
-3.50735
-3.5087
-3.5078
-3.50659
-3.50764
-3.50794
-3.5084
-3.50855
-3.50839
-3.50764
-3.50704
-3.50689
-3.50659
-3.50659
-3.50689
-3.50599
-3.50614
-3.50538
-3.50629
-3.50629
-3.50568
-3.50538
-3.50553
-3.50583
-3.50598
-3.50643
-3.50553
-3.50507
-3.50598
-3.50523
-3.50553
-3.50689
-3.50689
-3.50749
-3.50734
-3.50764
-3.50704
-3.50779
-3.50855
-3.50916
-3.509
-3.5087
-3.5087
-3.50825
-3.5084
-3.50915
-3.50991
-3.51127
-3.51188
-3.51173
-3.51097
-3.51142
-3.51006
-3.5096
-3.5093
-3.5096
-3.50959
-3.51035
-3.51126
-3.51172
-3.51157
-3.51188
-3.51142
-3.51112
-3.51052
-3.51127
-3.51157
-3.51157
-3.51233
-3.51217
-3.51202
-3.51202
-3.51157
-3.51051
-3.51021
-3.51066
-3.51066
-3.51081
-3.51082
-3.50976
-3.50991
-3.51052
-3.51112
-3.51067
-3.50991
-3.50991
-3.50915
-3.5093
-3.51006
-3.51066
-3.51081
-3.51097
-3.51066
-3.51066
-3.51157
-3.51217
-3.51172
-3.51082
-3.51082
-3.51112
-3.51203
-3.51188
-3.51052
-3.51021
-3.51037
-3.51112
-3.51036
-3.50991
-3.5096
-3.5096
-3.50884
-3.50885
-3.50915
-3.5087
-3.50915
-3.50991
-3.51081
-3.51187
-3.51172
-3.51248
-3.51278
-3.51338
-3.51308
-3.51398
-3.51459
-3.51428
-3.51383
-3.51293
-3.51247
-3.51187
-3.51187
-3.51111
-3.51096
-3.51126
-3.51156
-3.51202
-3.51126
-3.51096
-3.51066
-3.51111
-3.51066
-3.51126
-3.51081
-3.51081
-3.50945
-3.50915
-3.509
-3.50855
-3.50946
-3.50825
-3.50916
-3.50976
-3.5093
-3.50915
-3.50884
-3.50899
-3.50839
-3.50945
-3.50855
-3.5084
-3.50885
-3.5084
-3.50794
-3.50899
-3.50975
-3.5099
-3.5093
-3.50915
-3.5081
-3.50749
-3.50794
-3.50779
-3.50658
-3.50719
-3.50628
-3.50613
-3.50628
-3.50537
-3.50567
-3.50522
-3.50552
-3.50537
-3.50552
-3.50582
-3.50552
-3.50507
-3.50552
-3.50522
-3.50462
-3.50387
-3.50508
-3.50508
-3.50553
-3.50553
-3.50598
-3.50477
-3.50462
-3.50462
-3.50447
-3.50462
-3.50477
-3.50553
-3.50643
-3.50749
-3.50658
-3.50643
-3.50673
-3.50734
-3.50764
-3.5084
-3.5081
-3.50749
-3.5078
-3.50795
-3.50765
-3.50825
-3.5081
-3.50795
-3.50764
-3.50734
-3.50719
-3.50644
-3.50613
-3.50689
-3.50734
-3.50734
-3.50673
-3.50643
-3.50598
-3.50628
-3.50629
-3.50689
-3.50674
-3.50659
-3.50659
-3.50689
-3.50598
-3.50583
-3.50522
-3.50537
-3.50583
-3.50719
-3.50749
-3.50674
-3.50643
-3.50628
-3.50794
-3.50734
-3.50734
-3.50688
-3.50704
-3.50628
-3.50552
-3.50568
-3.50537
-3.50583
-3.50598
-3.50689
-3.50704
-3.50704
-3.50673
-3.50597
-3.50627
-3.50612
-3.50537
-3.50522
-3.50568
-3.50583
-3.50583
-3.50658
-3.50704
-3.50719
-3.50704
-3.50704
-3.50704
-3.50643
-3.50613
-3.50749
-3.50749
-3.50809
-3.50733
-3.50809
-3.50763
-3.50733
-3.50749
-3.5078
-3.50734
-3.50674
-3.50734
-3.50719
-3.50598
-3.50537
-3.50477
-3.50552
-3.50507
-3.50462
-3.50462
-3.50447
-3.50492
-3.50553
-3.50628
-3.50764
-3.50839
-3.50824
-3.50839
-3.50839
-3.50779
-3.5084
-3.50855
-3.50809
-3.50855
-3.51021
-3.51051
-3.51247
-3.51307
-3.51353
-3.51353
-3.51338
-3.51293
-3.51384
-3.51429
-3.51504
-3.51549
-3.51413
-3.51353
-3.51307
-3.51262
-3.51293
-3.51308
-3.51187
-3.51217
-3.51142
-3.51112
-3.51142
-3.51202
-3.51067
-3.51127
-3.51157
-3.51142
-3.51157
-3.51096
-3.5102
-3.51005
-3.51036
-3.51096
-3.51036
-3.51081
-3.51203
-3.51142
-3.51157
-3.51203
-3.51172
-3.51112
-3.51111
-3.51066
-3.5099
-3.5102
-3.51066
-3.51096
-3.51036
-3.51021
-3.50885
-3.5081
-3.50825
-3.5078
-3.50795
-3.5081
-3.50794
-3.5087
-3.50839
-3.50869
-3.50809
-3.50809
-3.50779
-3.50734
-3.50885
-3.50809
-3.50915
-3.50885
-3.50945
-3.50915
-3.50885
-3.5087
-3.5084
-3.50825
-3.50885
-3.5084
-3.50809
-3.50914
-3.50808
-3.50808
-3.50854
-3.50779
-3.50885
-3.51021
-3.51112
-3.51052
-3.51052
-3.50961
-3.51037
-3.51112
-3.51157
-3.51127
-3.51021
-3.51006
-3.5096
-3.50976
-3.51006
-3.51127
-3.51097
-3.51157
-3.51067
-3.51037
-3.51052
-3.51082
-3.51127
-3.51006
-3.50931
-3.50886
-3.5084
-3.5084
-3.50855
-3.50901
-3.50976
-3.50991
-3.50976
-3.51067
-3.51172
-3.51157
-3.51142
-3.51082
-3.51067
-3.51037
-3.51037
-3.51037
-3.50946
-3.51006
-3.51082
-3.51173
-3.51173
-3.51173
-3.51143
-3.51173
-3.51203
-3.51097
-3.51082
-3.50977
-3.51112
-3.51112
-3.51112
-3.51097
-3.51082
-3.51097
-3.51203
-3.51067
-3.51022
-3.51021
-3.51142
-3.51218
-3.51293
-3.51157
-3.51399
-3.51475
-3.51399
-3.51293
-3.51278
-3.51202
-3.51232
-3.51217
-3.51127
-3.51218
-3.51218
-3.51233
-3.51188
-3.51112
-3.51067
-3.50885
-3.5093
-3.50946
-3.5087
-3.5084
-3.50931
-3.50946
-3.50991
-3.5084
-3.50719
-3.50719
-3.50765
-3.5075
-3.50659
-3.50674
-3.50689
-3.50719
-3.50719
-3.50704
-3.50643
-3.50628
-3.50629
-3.50538
-3.50523
-3.50493
-3.50553
-3.50553
-3.50492
-3.50523
-3.50448
-3.50357
-3.50312
-3.50342
-3.50387
-3.50417
-3.50342
-3.50326
-3.50311
-3.50432
-3.50462
-3.50447
-3.50508
-3.50478
-3.50523
-3.50493
-3.50478
-3.50508
-3.50538
-3.50508
-3.50432
-3.50523
-3.50644
-3.50674
-3.50583
-3.50583
-3.50614
-3.50674
-3.50644
-3.50659
-3.50749
-3.50689
-3.50688
-3.50689
-3.50522
-3.50628
-3.50734
-3.50855
-3.50855
-3.50825
-3.50931
-3.50961
-3.51036
-3.51021
-3.50991
-3.509
-3.50915
-3.50885
-3.5087
-3.5081
-3.5087
-3.509
-3.509
-3.5087
-3.50825
-3.50749
-3.50779
-3.50794
-3.50794
-3.50809
-3.509
-3.5087
-3.50961
-3.51051
-3.51036
-3.50961
-3.509
-3.509
-3.50961
-3.5093
-3.50991
-3.51036
-3.51066
-3.5087
-3.50855
-3.50855
-3.5084
-3.509
-3.5084
-3.50795
-3.50779
-3.50779
-3.50825
-3.50825
-3.5087
-3.50824
-3.50885
-3.50915
-3.5096
-3.50975
-3.51021
-3.50976
-3.5096
-3.50885
-3.50855
-3.50795
-3.5078
-3.50825
-3.5081
-3.50795
-3.50825
-3.5087
-3.50961
-3.51097
-3.51067
-3.51036
-3.50946
-3.50976
-3.50945
-3.509
-3.509
-3.50945
-3.50975
-3.51021
-3.50991
-3.5087
-3.5087
-3.50886
-3.50855
-3.5087
-3.509
-3.50885
-3.50885
-3.50809
-3.50839
-3.50839
-3.50885
-3.50855
-3.5081
-3.50885
-3.50764
-3.50734
-3.50734
-3.50855
-3.50839
-3.50839
-3.50929
-3.50975
-3.5102
-3.50975
-3.5087
-3.509
-3.5093
-3.50915
-3.5084
-3.50779
-3.50825
-3.50885
-3.50854
-3.50824
-3.50854
-3.50839
-3.50869
-3.50945
-3.50991
-3.51036
-3.51006
-3.50975
-3.50899
-3.50929
-3.50884
-3.51005
-3.5093
-3.50885
-3.50855
-3.50764
-3.50689
-3.50689
-3.50643
-3.50613
-3.50673
-3.50673
-3.50779
-3.50779
-3.50795
-3.50795
-3.509
-3.50824
-3.50945
-3.51021
-3.5099
-3.51021
-3.50976
-3.50885
-3.50885
-3.50946
-3.51051
-3.51036
-3.51081
-3.51036
-3.51142
-3.51082
-3.51082
-3.51066
-3.51066
-3.51096
-3.51172
-3.51202
-3.51156
-3.51081
-3.51096
-3.51021
-3.50931
-3.50961
-3.51082
-3.51037
-3.51006
-3.50931
-3.5084
-3.5081
-3.50809
-3.5084
-3.50779
-3.50734
-3.50779
-3.50764
-3.50688
-3.50613
-3.50719
-3.5087
-3.509
-3.50961
-3.50961
-3.51082
-3.51112
-3.51082
-3.51127
-3.51052
-3.51036
-3.50976
-3.51066
-3.51081
-3.51036
-3.50991
-3.50991
-3.50945
-3.50855
-3.509
-3.50779
-3.50764
-3.50765
-3.50871
-3.50976
-3.50946
-3.50946
-3.50931
-3.51097
-3.51082
-3.51066
-3.51051
-3.51097
-3.51082
-3.51112
-3.51172
-3.51218
-3.51263
-3.51232
-3.51142
-3.51142
-3.51067
-3.51097
-3.51067
-3.51173
-3.51157
-3.51218
-3.51218
-3.51173
-3.51233
-3.51293
-3.51233
-3.51202
-3.51187
-3.51277
-3.51247
-3.51218
-3.51188
-3.51218
-3.51203
-3.51082
-3.51067
-3.51082
-3.51021
-3.50961
-3.51142
-3.51142
-3.51036
-3.50976
-3.509
-3.5087
-3.50765
-3.50734
-3.50704
-3.50825
-3.50764
-3.50749
-3.50794
-3.50733
-3.50824
-3.50719
-3.50704
-3.50674
-3.50689
-3.50704
-3.50734
-3.50779
-3.50855
-3.50764
-3.50749
-3.50733
-3.50748
-3.50643
-3.50582
-3.50537
-3.50507
-3.50568
-3.50689
-3.50689
-3.50689
-3.50734
-3.50643
-3.50643
-3.50643
-3.50688
-3.50643
-3.50658
-3.50612
-3.50598
-3.50673
-3.50734
-3.50719
-3.50673
-3.50628
-3.50658
-3.50703
-3.50764
-3.50779
-3.50824
-3.50794
-3.50779
-3.50764
-3.50704
-3.50794
-3.50719
-3.50583
-3.50552
-3.50522
-3.50507
-3.50507
-3.50507
-3.50477
-3.50522
-3.50507
-3.50477
-3.50522
-3.50553
-3.50568
-3.50522
-3.50568
-3.50628
-3.50688
-3.50537
-3.50477
-3.50416
-3.50356
-3.50341
-3.50386
-3.50432
-3.50522
-3.50538
-3.50507
-3.50598
-3.50613
-3.50704
-3.50689
-3.50538
-3.50568
-3.50583
-3.50598
-3.50598
-3.50552
-3.50568
-3.50522
-3.50598
-3.50553
-3.50628
-3.50583
-3.50659
-3.50658
-3.50643
-3.50658
-3.50612
-3.50673
-3.50522
-3.50477
-3.50522
-3.50432
-3.50523
-3.50462
-3.50402
-3.50417
-3.50402
-3.50462
-3.50417
-3.50401
-3.50386
-3.50417
-3.50462
-3.50432
-3.50432
-3.50462
-3.50432
-3.50583
-3.50734
-3.50749
-3.50824
-3.50824
-3.50809
-3.50824
-3.50809
-3.50779
-3.50764
-3.50764
-3.5078
-3.50931
-3.50855
-3.50976
-3.51036
-3.51051
-3.50976
-3.5093
-3.50915
-3.50855
-3.5093
-3.50794
-3.5084
-3.5087
-3.50885
-3.50946
-3.50976
-3.50992
-3.51037
-3.51037
-3.51142
-3.51172
-3.51218
-3.51278
-3.51248
-3.51187
-3.51112
-3.51112
-3.51097
-3.51006
-3.50977
-3.50992
-3.50977
-3.51037
-3.51052
-3.51097
-3.51067
-3.51037
-3.50961
-3.50962
-3.51022
-3.51082
-3.51097
-3.51127
-3.51097
-3.51036
-3.51067
-3.51082
-3.51172
-3.51112
-3.51188
-3.51128
-3.51233
-3.51263
-3.51188
-3.51173
-3.51218
-3.51203
-3.51158
-3.51294
-3.51263
-3.51233
-3.51248
-3.51279
-3.51264
-3.5131
-3.5128
-3.51249
-3.51204
-3.51219
-3.51173
-3.51142
-3.51157
-3.51082
-3.51067
-3.51021
-3.51052
-3.51052
-3.51097
-3.51083
-3.51007
-3.50977
-3.51038
-3.51022
-3.50992
-3.50901
-3.50901
-3.50885
-3.50961
-3.50855
-3.5084
-3.50916
-3.51036
-3.51082
-3.51067
-3.51082
-3.51052
-3.51068
-3.51189
-3.51249
-3.51219
-3.51219
-3.51279
-3.51203
-3.51202
-3.51247
-3.51157
-3.51142
-3.51188
-3.51158
-3.51189
-3.51204
-3.51385
-3.51325
-3.514
-3.5143
-3.5134
-3.51475
-3.51445
-3.51459
-3.51474
-3.51565
-3.5158
-3.51445
-3.51354
-3.51309
-3.51294
-3.51324
-3.51279
-3.51324
-3.51173
-3.51158
-3.51082
-3.51067
-3.50976
-3.50871
-3.50811
-3.50811
-3.50811
-3.5069
-3.50614
-3.50569
-3.50599
-3.50568
-3.50644
-3.5078
-3.5075
-3.50704
-3.50765
-3.50719
-3.50689
-3.50765
-3.5078
-3.50871
-3.50886
-3.50841
-3.50886
-3.5081
-3.5075
-3.50765
-3.5084
-3.50901
-3.50825
-3.50765
-3.5078
-3.50735
-3.50659
-3.50629
-3.50598
-3.50673
-3.50643
-3.50659
-3.50478
-3.50463
-3.50493
-3.50417
-3.50342
-3.50417
-3.50387
-3.50463
-3.50478
-3.50342
-3.50387
-3.50402
-3.50372
-3.50432
-3.50357
-3.50357
-3.50553
-3.50644
-3.50599
-3.50644
-3.50674
-3.50583
-3.50613
-3.50613
-3.50538
-3.50659
-3.50704
-3.50765
-3.5078
-3.50765
-3.5078
-3.50901
-3.5087
-3.50886
-3.50886
-3.50795
-3.5078
-3.50856
-3.50886
-3.50841
-3.50946
-3.51006
-3.51112
-3.51157
-3.51096
-3.51096
-3.5099
-3.51096
-3.51127
-3.51142
-3.51067
-3.50992
-3.50946
-3.50931
-3.51007
-3.50886
-3.51037
-3.51022
-3.51022
-3.51082
-3.51113
-3.51128
-3.51097
-3.51067
-3.51082
-3.51082
-3.51082
-3.51067
-3.51052
-3.51067
-3.51157
-3.51188
-3.51142
-3.51052
-3.51172
-3.51082
-3.51082
-3.51052
-3.51037
-3.51082
-3.51128
-3.51022
-3.51097
-3.51022
-3.51052
-3.51143
-3.51143
-3.51037
-3.50946
-3.51006
-3.51067
-3.50976
-3.51021
-3.51052
-3.51021
-3.50946
-3.51021
-3.50946
-3.50916
-3.50885
-3.509
-3.50976
-3.50916
-3.50916
-3.50931
-3.50901
-3.50764
-3.50719
-3.50734
-3.50734
-3.50719
-3.50734
-3.50734
-3.50719
-3.50689
-3.50673
-3.50598
-3.50598
-3.50553
-3.50568
-3.50508
-3.50447
-3.50371
-3.50417
-3.50386
-3.50296
-3.50356
-3.50462
-3.50508
-3.50598
-3.50704
-3.5081
-3.5078
-3.50855
-3.50901
-3.50886
-3.50961
-3.50916
-3.5078
-3.5075
-3.50826
-3.5072
-3.50675
-3.50674
-3.50689
-3.50659
-3.50704
-3.50795
-3.50734
-3.5078
-3.50855
-3.50825
-3.5072
-3.5072
-3.50614
-3.50599
-3.50524
-3.50644
-3.50614
-3.50599
-3.50675
-3.50645
-3.5069
-3.50599
-3.50614
-3.50463
-3.50523
-3.50493
-3.50583
-3.50704
-3.5072
-3.5075
-3.5072
-3.50705
-3.50645
-3.50645
-3.50705
-3.5072
-3.5072
-3.50675
-3.5072
-3.50856
-3.50902
-3.50856
-3.50841
-3.50751
-3.50735
-3.5075
-3.50766
-3.50841
-3.5075
-3.5075
-3.50796
-3.50826
-3.50705
-3.50917
-3.50886
-3.50887
-3.50977
-3.50992
-3.50992
-3.50902
-3.50947
-3.50947
-3.50947
-3.50977
-3.50871
-3.50917
-3.51022
-3.51053
-3.51159
-3.51189
-3.51265
-3.51159
-3.51174
-3.51219
-3.5134
-3.5131
-3.51279
-3.51264
-3.51249
-3.51189
-3.51128
-3.51128
-3.51234
-3.51204
-3.51249
-3.51249
-3.51279
-3.51294
-3.51325
-3.51219
-3.51234
-3.51218
-3.51203
-3.51158
-3.51189
-3.51113
-3.51098
-3.51204
-3.51264
-3.51249
-3.51203
-3.51188
-3.51264
-3.51113
-3.51068
-3.50917
-3.50872
-3.50841
-3.50705
-3.50751
-3.5069
-3.50735
-3.5072
-3.5066
-3.50584
-3.50599
-3.50584
-3.50599
-3.5066
-3.5066
-3.50675
-3.50675
-3.50766
-3.50811
-3.50871
-3.50781
-3.50902
-3.50947
-3.50871
-3.50872
-3.50887
-3.50751
-3.50736
-3.50675
-3.50675
-3.50629
-3.50614
-3.50599
-3.50629
-3.50614
-3.5069
-3.50645
-3.50675
-3.50675
-3.5066
-3.50675
-3.5075
-3.50795
-3.50931
-3.50841
-3.5081
-3.50826
-3.50826
-3.50675
-3.50675
-3.5066
-3.50675
-3.50615
-3.50705
-3.50766
-3.50735
-3.50751
-3.50751
-3.50765
-3.50765
-3.50841
-3.50886
-3.50946
-3.50917
-3.50856
-3.50826
-3.50796
-3.50675
-3.5069
-3.50629
-3.50644
-3.50675
-3.50675
-3.506
-3.5063
-3.50751
-3.50751
-3.50721
-3.50781
-3.50827
-3.50842
-3.50842
-3.50872
-3.50842
-3.50872
-3.50856
-3.50781
-3.5072
-3.50796
-3.5069
-3.5069
-3.50691
-3.50721
-3.50842
-3.50782
-3.50767
-3.50676
-3.5057
-3.506
-3.50645
-3.50599
-3.50584
-3.5069
-3.50826
-3.50812
-3.50842
-3.50781
-3.50706
-3.50675
-3.50736
-3.50826
-3.50721
-3.50751
-3.50752
-3.50797
-3.50827
-3.50812
-3.50857
-3.50827
-3.50947
-3.50902
-3.50872
-3.50781
-3.50706
-3.50691
-3.50721
-3.50797
-3.50918
-3.50978
-3.51099
-3.51023
-3.51008
-3.50963
-3.51008
-3.51053
-3.51069
-3.50993
-3.50918
-3.50797
-3.506
-3.50585
-3.50585
-3.50646
-3.5063
-3.50645
-3.5063
-3.5072
-3.5066
-3.5063
-3.50539
-3.50539
-3.50569
-3.5057
-3.50615
-3.50615
-3.50661
-3.50631
-3.50691
-3.50676
-3.50766
-3.50812
-3.50781
-3.50842
-3.50887
-3.50993
-3.50948
-3.50903
-3.50963
-3.50902
-3.50857
-3.50932
-3.50962
-3.50977
-3.50841
-3.50841
-3.50826
-3.50751
-3.50736
-3.50827
-3.50872
-3.50902
-3.50887
-3.50872
-3.50887
-3.50947
-3.50963
-3.50918
-3.50933
-3.50993
-3.50857
-3.50811
-3.50811
-3.50766
-3.50811
-3.50827
-3.50812
-3.50812
-3.50721
-3.50555
-3.50464
-3.50449
-3.50524
-3.50448
-3.50509
-3.50509
-3.50509
-3.50585
-3.50554
-3.50569
-3.50645
-3.50509
-3.50524
-3.50464
-3.50434
-3.50419
-3.50344
-3.50419
-3.50343
-3.50283
-3.50237
-3.50192
-3.50267
-3.50358
-3.50358
-3.50282
-3.50237
-3.50359
-3.50313
-3.50344
-3.50314
-3.50359
-3.50283
-3.50268
-3.50388
-3.50479
-3.50494
-3.50584
-3.50524
-3.50509
-3.50509
-3.50615
-3.50691
-3.50646
-3.50615
-3.5063
-3.50676
-3.5057
-3.50676
-3.50721
-3.50706
-3.50615
-3.50706
-3.5063
-3.50721
-3.50826
-3.50841
-3.50751
-3.50826
-3.50887
-3.50932
-3.50962
-3.50872
-3.50826
-3.50857
-3.50872
-3.50842
-3.50842
-3.50902
-3.50872
-3.50781
-3.50842
-3.50872
-3.50781
-3.50796
-3.50826
-3.50811
-3.50811
-3.50766
-3.50721
-3.5063
-3.5069
-3.50766
-3.50826
-3.50841
-3.50796
-3.50721
-3.50766
-3.50826
-3.50857
-3.50811
-3.50841
-3.50781
-3.50645
-3.5063
-3.5063
-3.5066
-3.50615
-3.5063
-3.50706
-3.5066
-3.50645
-3.50524
-3.50448
-3.50463
-3.50524
-3.50478
-3.50569
-3.50675
-3.50554
-3.50629
-3.50554
-3.50615
-3.50509
-3.5063
-3.5063
-3.5066
-3.5069
-3.50735
-3.50705
-3.50614
-3.50614
-3.50614
-3.50599
-3.50554
-3.5066
-3.5072
-3.50841
-3.50735
-3.50705
-3.50841
-3.50947
-3.50977
-3.51007
-3.50962
-3.50992
-3.50992
-3.50826
-3.50871
-3.50841
-3.50857
-3.50796
-3.50857
-3.50902
-3.50977
-3.50871
-3.50826
-3.50916
-3.5081
-3.5081
-3.5075
-3.50644
-3.50599
-3.50644
-3.5069
-3.50689
-3.50871
-3.50871
-3.50946
-3.51037
-3.50992
-3.50992
-3.51022
-3.51113
-3.51083
-3.50992
-3.51007
-3.51007
-3.50871
-3.50826
-3.50931
-3.50916
-3.50856
-3.50811
-3.50871
-3.50871
-3.50871
-3.50932
-3.50796
-3.5072
-3.5066
-3.50871
-3.50886
-3.50977
-3.50901
-3.50841
-3.50841
-3.50796
-3.50811
-3.50735
-3.5069
-3.5069
-3.5069
-3.50735
-3.5066
-3.5066
-3.5063
-3.5069
-3.50705
-3.50705
-3.506
-3.50524
-3.50614
-3.50569
-3.50478
-3.50509
-3.50479
-3.50584
-3.50645
-3.5063
-3.50614
-3.50614
-3.50584
-3.50509
-3.50433
-3.50418
-3.50463
-3.50539
-3.506
-3.50539
-3.50464
-3.50418
-3.50388
-3.50313
-3.50373
-3.50373
-3.50343
-3.50449
-3.50433
-3.50358
-3.50342
-3.50372
-3.50388
-3.50373
-3.50433
-3.50418
-3.50403
-3.50479
-3.50403
-3.50373
-3.50358
-3.50312
-3.50327
-3.50357
-3.50418
-3.50373
-3.50448
-3.50358
-3.50343
-3.50388
-3.50433
-3.50494
-3.50554
-3.50539
-3.50569
-3.50478
-3.50523
-3.50539
-3.50478
-3.50539
-3.50569
-3.50645
-3.5069
-3.5075
-3.5072
-3.50796
-3.50841
-3.50811
-3.50917
-3.50977
-3.50886
-3.50886
-3.50931
-3.50886
-3.50887
-3.50766
-3.50902
-3.50977
-3.50932
-3.51022
-3.50947
-3.51052
-3.51067
-3.50932
-3.50932
-3.50887
-3.50842
-3.50842
-3.50842
-3.50826
-3.50856
-3.50871
-3.50705
-3.50765
-3.50765
-3.5069
-3.50721
-3.5066
-3.50676
-3.50691
-3.50676
-3.50585
-3.50524
-3.50569
-3.50614
-3.50539
-3.50524
-3.50509
-3.50479
-3.50388
-3.50524
-3.50464
-3.50509
-3.50509
-3.50555
-3.50676
-3.50646
-3.50646
-3.506
-3.506
-3.50554
-3.50478
-3.50538
-3.50569
-3.50569
-3.50615
-3.506
-3.50646
-3.50645
-3.50675
-3.5066
-3.5069
-3.506
-3.50721
-3.5066
-3.50691
-3.5066
-3.5072
-3.50675
-3.5072
-3.5072
-3.50705
-3.50659
-3.50554
-3.50569
-3.50584
-3.50705
-3.5066
-3.50614
-3.5072
-3.5075
-3.50856
-3.50947
-3.51068
-3.50993
-3.50932
-3.50857
-3.50842
-3.50706
-3.5069
-3.5066
-3.50765
-3.50735
-3.50735
-3.50886
-3.50886
-3.50962
-3.50992
-3.51008
-3.50947
-3.50902
-3.50948
-3.50902
-3.50917
-3.50993
-3.50992
-3.51098
-3.51113
-3.51158
-3.51128
-3.51113
-3.51174
-3.51083
-3.51098
-3.51038
-3.51038
-3.50917
-3.50872
-3.50796
-3.50857
-3.50947
-3.51099
-3.51144
-3.51204
-3.51264
-3.51264
-3.51189
-3.51279
-3.51188
-3.51188
-3.50992
-3.50977
-3.51068
-3.50993
-3.50948
-3.51023
-3.51038
-3.50993
-3.51099
-3.51053
-3.51114
-3.51083
-3.51007
-3.50992
-3.50992
-3.51007
-3.50962
-3.51008
-3.50932
-3.50887
-3.50842
-3.50902
-3.50842
-3.50796
-3.50736
-3.50721
-3.50812
-3.50842
-3.50933
-3.50993
-3.50902
-3.50857
-3.50857
-3.50978
-3.50932
-3.50917
-3.50902
-3.50902
-3.50857
-3.50721
-3.50706
-3.50631
-3.5054
-3.5051
-3.5054
-3.50434
-3.50404
-3.50404
-3.50374
-3.50404
-3.50388
-3.50328
-3.50388
-3.50358
-3.50449
-3.50465
-3.50465
-3.5051
-3.50601
-3.5051
-3.5051
-3.50419
-3.5054
-3.5048
-3.50419
-3.50404
-3.5051
-3.5045
-3.5048
-3.50555
-3.506
-3.50646
-3.50555
-3.5054
-3.50616
-3.50616
-3.50616
-3.5057
-3.50616
-3.50646
-3.50615
-3.50495
-3.50525
-3.5057
-3.5048
-3.50525
-3.50525
-3.50555
-3.5048
-3.50449
-3.50449
-3.5054
-3.50435
-3.5045
-3.50465
-3.5045
-3.50405
-3.50344
-3.50193
-3.50223
-3.50313
-3.50344
-3.50344
-3.50419
-3.50419
-3.5042
-3.50465
-3.50359
-3.50359
-3.50359
-3.50434
-3.50374
-3.50419
-3.50449
-3.50525
-3.506
-3.50661
-3.50812
-3.50797
-3.50767
-3.50706
-3.50767
-3.50691
-3.50736
-3.50751
-3.50661
-3.50661
-3.50721
-3.50751
-3.50691
-3.50676
-3.50661
-3.50676
-3.50676
-3.50676
-3.50691
-3.50631
-3.50752
-3.50812
-3.50782
-3.50706
-3.5063
-3.50585
-3.50524
-3.50585
-3.5057
-3.50585
-3.5051
-3.5048
-3.50404
-3.50374
-3.50374
-3.50374
-3.50374
-3.50419
-3.50374
-3.50419
-3.50539
-3.50524
-3.50554
-3.50494
-3.50585
-3.50585
-3.50631
-3.50646
-3.50661
-3.50631
-3.506
-3.5063
-3.50615
-3.50615
-3.5069
-3.50781
-3.50796
-3.50706
-3.50767
-3.50797
-3.50721
-3.50676
-3.50646
-3.50736
-3.50691
-3.50736
-3.50811
-3.50826
-3.50841
-3.50735
-3.5069
-3.50705
-3.50826
-3.50857
-3.51008
-3.51054
-3.51009
-3.51024
-3.50963
-3.50963
-3.51008
-3.51053
-3.51129
-3.51174
-3.5119
-3.5116
-3.5122
-3.5125
-3.51205
-3.51175
-3.51069
-3.51038
-3.51068
-3.51083
-3.51174
-3.51174
-3.51099
-3.51054
-3.51069
-3.51114
-3.51174
-3.51189
-3.5125
-3.51265
-3.51341
-3.51265
-3.5125
-3.51371
-3.5134
-3.51235
-3.51129
-3.51219
-3.51204
-3.51114
-3.51084
-3.51054
-3.51145
-3.51235
-3.51175
-3.51129
-3.51114
-3.51159
-3.51189
-3.51295
-3.5131
-3.51235
-3.51264
-3.51249
-3.51264
-3.51219
-3.51219
-3.51189
-3.51053
-3.51008
-3.51038
-3.51038
-3.51159
-3.5125
-3.51204
-3.51204
-3.51159
-3.51054
-3.51084
-3.51099
-3.51099
-3.51145
-3.51129
-3.51099
-3.51098
-3.51068
-3.50992
-3.51053
-3.51083
-3.51099
-3.51099
-3.51069
-3.51084
-3.5116
-3.51265
-3.5134
-3.51295
-3.51264
-3.51295
-3.51416
-3.51491
-3.514
-3.51385
-3.5137
-3.5134
-3.51295
-3.51234
-3.51144
-3.51204
-3.5125
-3.51235
-3.51144
-3.51129
-3.51174
-3.51235
-3.51189
-3.51189
-3.51174
-3.51174
-3.51174
-3.51113
-3.51053
-3.51144
-3.51038
-3.51129
-3.51054
-3.51099
-3.51084
-3.51205
-3.5131
-3.5128
-3.51189
-3.51189
-3.51114
-3.51159
-3.51053
-3.51084
-3.51023
-3.51053
-3.51023
-3.50993
-3.51038
-3.50993
-3.50872
-3.50827
-3.50887
-3.50872
-3.50781
-3.50857
-3.50962
-3.50947
-3.50962
-3.50902
-3.50933
-3.50933
-3.50979
-3.50994
-3.51039
-3.511
-3.51084
-3.51024
-3.51039
-3.50993
-3.51068
-3.50993
-3.50962
-3.50993
-3.51083
-3.51084
-3.51053
-3.51084
-3.51099
-3.51144
-3.51129
-3.51144
-3.50993
-3.50887
-3.50887
-3.50842
-3.50872
-3.50827
-3.50873
-3.50737
-3.50631
-3.50646
-3.50524
-3.50494
-3.50569
-3.506
-3.50494
-3.50555
-3.5057
-3.5054
-3.50616
-3.50631
-3.50737
-3.50661
-3.50766
-3.50857
-3.50902
-3.50841
-3.50841
-3.50857
-3.50902
-3.50918
-3.50963
-3.50933
-3.50963
-3.50963
-3.50962
-3.51038
-3.51083
-3.51023
-3.50962
-3.50796
-3.50826
-3.50872
-3.50947
-3.50963
-3.51023
-3.51114
-3.51098
-3.51159
-3.51144
-3.51144
-3.51114
-3.51099
-3.51038
-3.51038
-3.51007
-3.50962
-3.50947
-3.50962
-3.50993
-3.51054
-3.51069
-3.51054
-3.51024
-3.50993
-3.51038
-3.51008
-3.50947
-3.50826
-3.50827
-3.5066
-3.50691
-3.50782
-3.50857
-3.50872
-3.50887
-3.50932
-3.50977
-3.51128
-3.51128
-3.51219
-3.5125
-3.51295
-3.51234
-3.51174
-3.51204
-3.51234
-3.51189
-3.51204
-3.5122
-3.5122
-3.51099
-3.50993
-3.51008
-3.51159
-3.51219
-3.51114
-3.51159
-3.51295
-3.5125
-3.51174
-3.51235
-3.5119
-3.5122
-3.51053
-3.50932
-3.50993
-3.50826
-3.50826
-3.50781
-3.50796
-3.50811
-3.50796
-3.50691
-3.50661
-3.50706
-3.50752
-3.50676
-3.50615
-3.50645
-3.5063
-3.506
-3.50569
-3.5066
-3.50736
-3.50691
-3.5054
-3.5057
-3.50479
-3.50494
-3.50585
-3.50585
-3.5063
-3.50615
-3.50706
-3.5063
-3.50691
-3.50691
-3.50782
-3.50842
-3.50872
-3.50993
-3.51008
-3.51068
-3.51068
-3.50993
-3.51008
-3.50932
-3.51023
-3.51023
-3.51023
-3.50917
-3.50963
-3.50978
-3.50963
-3.50963
-3.50917
-3.50947
-3.51023
-3.51068
-3.51113
-3.51189
-3.51174
-3.51144
-3.50933
-3.51009
-3.50993
-3.50903
-3.50903
-3.50903
-3.50812
-3.50767
-3.50736
-3.50781
-3.50736
-3.50721
-3.50827
-3.50767
-3.50751
-3.50766
-3.50691
-3.50645
-3.50661
-3.50646
-3.50646
-3.50631
-3.50555
-3.5051
-3.50404
-3.50404
-3.50389
-3.50359
-3.50435
-3.50495
-3.50646
-3.506
-3.50645
-3.506
-3.506
-3.5057
-3.50646
-3.50586
-3.5057
-3.5054
-3.50585
-3.5057
-3.5051
-3.5051
-3.50495
-3.50585
-3.50631
-3.50706
-3.50812
-3.50812
-3.50782
-3.50812
-3.50736
-3.50736
-3.50706
-3.50631
-3.50646
-3.50707
-3.50707
-3.50782
-3.50752
-3.50661
-3.50706
-3.50751
-3.50706
-3.50721
-3.50736
-3.50766
-3.50721
-3.50766
-3.50706
-3.50706
-3.50752
-3.50737
-3.50752
-3.50752
-3.50661
-3.50706
-3.50676
-3.50676
-3.50796
-3.50811
-3.50826
-3.50887
-3.50872
-3.50902
-3.50933
-3.50933
-3.50948
-3.50858
-3.50978
-3.51008
-3.50887
-3.50978
-3.50902
-3.50933
-3.50933
-3.50993
-3.51008
-3.51008
-3.50992
-3.50962
-3.51068
-3.51174
-3.51128
-3.51114
-3.51129
-3.51084
-3.51069
-3.5122
-3.51099
-3.51114
-3.51053
-3.50977
-3.50948
-3.50872
-3.50857
-3.50888
-3.50963
-3.50918
-3.50887
-3.50917
-3.51068
-3.51204
-3.51264
-3.5128
-3.51431
-3.51461
-3.51492
-3.51401
-3.51355
-3.5125
-3.51189
-3.51219
-3.5131
-3.5137
-3.51476
-3.51371
-3.51401
-3.51311
-3.51341
-3.51371
-3.51386
-3.51265
-3.5119
-3.51144
-3.51235
-3.51326
-3.51371
-3.51295
-3.5125
-3.5128
-3.51205
-3.51265
-3.51189
-3.51159
-3.5119
-3.51129
-3.51099
-3.51039
-3.51039
-3.50979
-3.51115
-3.51039
-3.50979
-3.50963
-3.51038
-3.50857
-3.50781
-3.50797
-3.50857
-3.51008
-3.51009
-3.51114
-3.51144
-3.51205
-3.51175
-3.50978
-3.50978
-3.50918
-3.50827
-3.50737
-3.50782
-3.50767
-3.50767
-3.50721
-3.50721
-3.50736
-3.50721
-3.50767
-3.50827
-3.50752
-3.50752
-3.50707
-3.50691
-3.50797
-3.50842
-3.50782
-3.50873
-3.50843
-3.50797
-3.50752
-3.50752
-3.50722
-3.50692
-3.50722
-3.50586
-3.50495
-3.50616
-3.50647
-3.50707
-3.50783
-3.50903
-3.50948
-3.50827
-3.50721
-3.50646
-3.50707
-3.50798
-3.50798
-3.50828
-3.50858
-3.50874
-3.50843
-3.50949
-3.50904
-3.50919
-3.50994
-3.5107
-3.51115
-3.51054
-3.511
-3.51115
-3.51069
-3.51114
-3.51069
-3.50993
-3.50903
-3.50858
-3.50812
-3.50676
-3.50707
-3.50692
-3.50797
-3.50813
-3.50934
-3.50949
-3.50919
-3.50919
-3.50889
-3.50949
-3.50933
-3.50842
-3.50858
-3.50782
-3.50843
-3.50738
-3.50874
-3.50813
-3.50798
-3.50949
-3.50994
-3.50903
-3.50933
-3.51008
-3.51099
-3.51114
-3.51069
-3.5113
-3.51084
-3.511
-3.51115
-3.51145
-3.51191
-3.51115
-3.51145
-3.51024
-3.51024
-3.50888
-3.50948
-3.50903
-3.50888
-3.50964
-3.50964
-3.50904
-3.50858
-3.50858
-3.50933
-3.50963
-3.51009
-3.50948
-3.5113
-3.51039
-3.51024
-3.51039
-3.51115
-3.51145
-3.5119
-3.51159
-3.5119
-3.51205
-3.51145
-3.51175
-3.5113
-3.51175
-3.5113
-3.51115
-3.51205
-3.51295
-3.51295
-3.51189
-3.51129
-3.51114
-3.51008
-3.50948
-3.50978
-3.51009
-3.51009
-3.51039
-3.51024
-3.511
-3.51099
-3.5116
-3.51009
-3.51054
-3.51114
-3.51205
-3.51175
-3.51235
-3.5125
-3.51129
-3.51144
-3.5119
-3.51281
-3.51326
-3.51341
-3.51371
-3.51387
-3.51371
-3.51371
-3.51296
-3.51281
-3.51236
-3.5119
-3.51281
-3.5122
-3.51281
-3.5119
-3.51129
-3.51039
-3.51039
-3.50963
-3.50858
-3.50979
-3.50828
-3.50828
-3.50888
-3.50964
-3.50979
-3.50949
-3.50918
-3.50827
-3.50782
-3.50736
-3.50706
-3.50691
-3.50707
-3.50661
-3.50692
-3.50737
-3.50828
-3.50722
-3.50556
-3.5051
-3.50495
-3.50706
-3.50767
-3.50722
-3.50767
-3.50722
-3.50797
-3.50827
-3.50797
-3.50843
-3.50858
-3.50979
-3.50873
-3.50842
-3.50812
-3.50948
-3.51023
-3.51099
-3.51114
-3.51175
-3.51205
-3.51205
-3.51145
-3.5116
-3.5116
-3.51099
-3.51175
-3.51174
-3.51099
-3.51083
-3.51023
-3.51038
-3.51084
-3.51069
-3.51145
-3.51085
-3.5107
-3.51054
-3.5113
-3.5119
-3.51175
-3.51084
-3.50993
-3.50994
-3.50993
-3.50978
-3.50963
-3.50873
-3.50888
-3.50782
-3.50752
-3.50586
-3.50586
-3.50616
-3.50571
-3.50556
-3.5051
-3.50555
-3.5057
-3.50585
-3.50555
-3.50661
-3.50631
-3.50707
-3.50601
-3.5048
-3.5048
-3.50586
-3.50601
-3.5054
-3.50601
-3.50722
-3.50767
-3.50797
-3.50737
-3.50812
-3.50827
-3.50827
-3.50827
-3.50872
-3.50963
-3.50872
-3.50842
-3.50827
-3.50872
-3.51008
-3.51024
-3.51069
-3.51039
-3.51099
-3.51024
-3.51024
-3.50963
-3.50858
-3.50812
-3.50948
-3.50918
-3.50873
-3.50949
-3.50888
-3.50918
-3.50978
-3.51039
-3.50993
-3.50933
-3.50994
-3.50994
-3.50948
-3.50903
-3.50904
-3.50858
-3.50828
-3.50813
-3.50783
-3.50888
-3.50887
-3.50932
-3.50902
-3.50978
-3.50994
-3.5107
-3.5116
-3.51175
-3.51236
-3.51281
-3.51205
-3.5122
-3.51084
-3.51099
-3.51054
-3.511
-3.5116
-3.511
-3.51009
-3.51009
-3.50963
-3.50933
-3.50933
-3.50903
-3.50978
-3.51009
-3.51039
-3.51084
-3.51084
-3.50964
-3.50964
-3.51024
-3.50994
-3.50979
-3.50949
-3.50934
-3.50964
-3.50949
-3.50873
-3.50813
-3.50722
-3.50737
-3.50797
-3.50707
-3.50707
-3.50677
-3.50737
-3.50768
-3.50843
-3.50752
-3.50752
-3.50813
-3.50919
-3.50949
-3.50979
-3.50979
-3.50994
-3.50979
-3.51191
-3.5116
-3.51251
-3.51236
-3.51311
-3.5125
-3.5125
-3.51311
-3.5122
-3.51115
-3.5119
-3.51115
-3.50994
-3.51085
-3.511
-3.5107
-3.5104
-3.51024
-3.51024
-3.5107
-3.51055
-3.51055
-3.51115
-3.51024
-3.51009
-3.50964
-3.50903
-3.50903
-3.50782
-3.50782
-3.50736
-3.50646
-3.50601
-3.50661
-3.50571
-3.50556
-3.50571
-3.50556
-3.50541
-3.50556
-3.50586
-3.50692
-3.50676
-3.50676
-3.50737
-3.5057
-3.50556
-3.50541
-3.50496
-3.50587
-3.50587
-3.50526
-3.50541
-3.50465
-3.50374
-3.50404
-3.50435
-3.50359
-3.50344
-3.50299
-3.50284
-3.50359
-3.5039
-3.5051
-3.50495
-3.5045
-3.50511
-3.50541
-3.50586
-3.50556
-3.50526
-3.50465
-3.50496
-3.50435
-3.50269
-3.50269
-3.50254
-3.50359
-3.50375
-3.50359
-3.50329
-3.50329
-3.50178
-3.50208
-3.50299
-3.50299
-3.50329
-3.5036
-3.50329
-3.50239
-3.5039
-3.5048
-3.50556
-3.50601
-3.50616
-3.50586
-3.50571
-3.50541
-3.50541
-3.5042
-3.5042
-3.50511
-3.5045
-3.5042
-3.50435
-3.5045
-3.5045
-3.5051
-3.50586
-3.50556
-3.50601
-3.50691
-3.50752
-3.50616
-3.50677
-3.50647
-3.50632
-3.50602
-3.50647
-3.50542
-3.50527
-3.50542
-3.50541
-3.50602
-3.50602
-3.50617
-3.50631
-3.50661
-3.50767
-3.50752
-3.50631
-3.50737
-3.50813
-3.50814
-3.50784
-3.50799
-3.50783
-3.50783
-3.50858
-3.50843
-3.50964
-3.50934
-3.50889
-3.50904
-3.50828
-3.50843
-3.50828
-3.50979
-3.50949
-3.50903
-3.50994
-3.51085
-3.511
-3.51055
-3.5104
-3.5107
-3.5107
-3.50965
-3.51025
-3.50995
-3.5101
-3.5101
-3.51161
-3.51085
-3.51176
-3.51221
-3.51297
-3.51251
-3.51206
-3.51236
-3.51266
-3.51282
-3.51282
-3.51237
-3.51161
-3.51237
-3.51282
-3.51282
-3.51296
-3.51266
-3.51327
-3.51357
-3.51282
-3.51343
-3.51327
-3.51433
-3.51448
-3.51554
-3.51494
-3.51539
-3.51524
-3.51539
-3.51508
-3.51508
-3.51553
-3.51463
-3.51478
-3.51448
-3.51373
-3.51418
-3.51373
-3.51252
-3.51297
-3.51373
-3.51267
-3.51191
-3.51161
-3.51161
-3.51221
-3.51131
-3.51101
-3.51131
-3.51176
-3.51161
-3.51101
-3.51085
-3.51146
-3.51085
-3.5107
-3.511
-3.51176
-3.5101
-3.50965
-3.5098
-3.5089
-3.50874
-3.50859
-3.50949
-3.50934
-3.50874
-3.50783
-3.50723
-3.50768
-3.50814
-3.50769
-3.50738
-3.50799
-3.50798
-3.50783
-3.50904
-3.5095
-3.5092
-3.5098
-3.50935
-3.51025
-3.51086
-3.51101
-3.51071
-3.5098
-3.50935
-3.50995
-3.51085
-3.51131
-3.51267
-3.51327
-3.51342
-3.51252
-3.51327
-3.51297
-3.51236
-3.51312
-3.51342
-3.51372
-3.51388
-3.51343
-3.51373
-3.51373
-3.51418
-3.51418
-3.51358
-3.51252
-3.51207
-3.51222
-3.51207
-3.51207
-3.51161
-3.51161
-3.51146
-3.51207
-3.51297
-3.51237
-3.51101
-3.51101
-3.5107
-3.5104
-3.5098
-3.5098
-3.50965
-3.5098
-3.51025
-3.5098
-3.51055
-3.50995
-3.51025
-3.50965
-3.50844
-3.50859
-3.50859
-3.50769
-3.50738
-3.50708
-3.50708
-3.50678
-3.50663
-3.50708
-3.50693
-3.50723
-3.50662
-3.50707
-3.50707
-3.50798
-3.50798
-3.50768
-3.50799
-3.50784
-3.50799
-3.50754
-3.50859
-3.5092
-3.50889
-3.5095
-3.5095
-3.5095
-3.50874
-3.50934
-3.50904
-3.50979
-3.50949
-3.50964
-3.51025
-3.51085
-3.5104
-3.50934
-3.50874
-3.50859
-3.50829
-3.50814
-3.50919
-3.50904
-3.50814
-3.50874
-3.50798
-3.50753
-3.50707
-3.50692
-3.50602
-3.50663
-3.50632
-3.50648
-3.50708
-3.50783
-3.50813
-3.50934
-3.51009
-3.50979
-3.50979
-3.50949
-3.50979
-3.50994
-3.51009
-3.51055
-3.5104
-3.5104
-3.5098
-3.50965
-3.51101
-3.51086
-3.51191
-3.51116
-3.5098
-3.50844
-3.50874
-3.50844
-3.50874
-3.50874
-3.50904
-3.50979
-3.50979
-3.50934
-3.50874
-3.50889
-3.50904
-3.50844
-3.50769
-3.50859
-3.50723
-3.50784
-3.50814
-3.50768
-3.50798
-3.50858
-3.50888
-3.50858
-3.50813
-3.50783
-3.50798
-3.50874
-3.5092
-3.50905
-3.5095
-3.50965
-3.51025
-3.5101
-3.50965
-3.50919
-3.50995
-3.51085
-3.5104
-3.51161
-3.51146
-3.51146
-3.51086
-3.51086
-3.51025
-3.51025
-3.5107
-3.51009
-3.50979
-3.51054
-3.511
-3.5104
-3.50995
-3.5095
-3.5104
-3.51192
-3.51252
-3.51131
-3.51237
-3.51252
-3.51236
-3.51236
-3.51191
-3.51236
-3.51191
-3.511
-3.51161
-3.51131
-3.51086
-3.51146
-3.51086
-3.5104
-3.5104
-3.51086
-3.51101
-3.51026
-3.51041
-3.5104
-3.5101
-3.5101
-3.50934
-3.50934
-3.50994
-3.50919
-3.50843
-3.50844
-3.50814
-3.50754
-3.50784
-3.50724
-3.50784
-3.50875
-3.5089
-3.5101
-3.51101
-3.51161
-3.51176
-3.51116
-3.51146
-3.51207
-3.51206
-3.51176
-3.51146
-3.51056
-3.5101
-3.51055
-3.51055
-3.50995
-3.5092
-3.5095
-3.5095
-3.51056
-3.51086
-3.5104
-3.51085
-3.51025
-3.5104
-3.5101
-3.50995
-3.51071
-3.51025
-3.51041
-3.5092
-3.5095
-3.51041
-3.5098
-3.50905
-3.50829
-3.50844
-3.50874
-3.50844
-3.50889
-3.50829
-3.50798
-3.50753
-3.50754
-3.50648
-3.50678
-3.50663
-3.50693
-3.50784
-3.50738
-3.50693
-3.50829
-3.50905
-3.50889
-3.50874
-3.5092
-3.50905
-3.50799
-3.50769
-3.50724
-3.50754
-3.50754
-3.50678
-3.50633
-3.50557
-3.50602
-3.50557
-3.50678
-3.50647
-3.50602
-3.50692
-3.50768
-3.50814
-3.50723
-3.50769
-3.50814
-3.50935
-3.5092
-3.5092
-3.50859
-3.50889
-3.50753
-3.50708
-3.50557
-3.50542
-3.50452
-3.50376
-3.50497
-3.50527
-3.50436
-3.50405
-3.50496
-3.50541
-3.50481
-3.50527
-3.50633
-3.50648
-3.50588
-3.50633
-3.50663
-3.50693
-3.50602
-3.50632
-3.50557
-3.50587
-3.50617
-3.50693
-3.50708
-3.50588
-3.50618
-3.50723
-3.50648
-3.50648
-3.50588
-3.50512
-3.50588
-3.50602
-3.50768
-3.50844
-3.50859
-3.50874
-3.50769
-3.50769
-3.50648
-3.50543
-3.50512
-3.50497
-3.50512
-3.50481
-3.50572
-3.50511
-3.50541
-3.50572
-3.50481
-3.50481
-3.50542
-3.50451
-3.50497
-3.50451
-3.50497
-3.50482
-3.50527
-3.50557
-3.50617
-3.50587
-3.50572
-3.50587
-3.50603
-3.50557
-3.50633
-3.50542
-3.50557
-3.50526
-3.50542
-3.50648
-3.50663
-3.50753
-3.50708
-3.50678
-3.50632
-3.50617
-3.50557
-3.50693
-3.50814
-3.50814
-3.50859
-3.50814
-3.50814
-3.50814
-3.50874
-3.50859
-3.5101
-3.50979
-3.50934
-3.50904
-3.50919
-3.50738
-3.50859
-3.50829
-3.5092
-3.51025
-3.51116
-3.51085
-3.51266
-3.51206
-3.51236
-3.51221
-3.51206
-3.51191
-3.51207
-3.51297
-3.51237
-3.51282
-3.51327
-3.51403
-3.51342
-3.51312
-3.51297
-3.51251
-3.51191
-3.51267
-3.51236
-3.51237
-3.51252
-3.51312
-3.51222
-3.51252
-3.51267
-3.51357
-3.51312
-3.51221
-3.51267
-3.51267
-3.51312
-3.51312
-3.51252
-3.51237
-3.51312
-3.51297
-3.51327
-3.51327
-3.51252
-3.51192
-3.51267
-3.51177
-3.51207
-3.51222
-3.51162
-3.51086
-3.51025
-3.51146
-3.51101
-3.50995
-3.51025
-3.50965
-3.50965
-3.5092
-3.50844
-3.50859
-3.50935
-3.5101
-3.51086
-3.51071
-3.5101
-3.5104
-3.5098
-3.5098
-3.5095
-3.5092
-3.50996
-3.51071
-3.51192
-3.51178
-3.51253
-3.51208
-3.51147
-3.51283
-3.51343
-3.51313
-3.51298
-3.51237
-3.51056
-3.51041
-3.50996
-3.51011
-3.5092
-3.50995
-3.50965
-3.5098
-3.50935
-3.50859
-3.5086
-3.50965
-3.5095
-3.5095
-3.5101
-3.51011
-3.51026
-3.51238
-3.51208
-3.51208
-3.51162
-3.51147
-3.51177
-3.51222
-3.51162
-3.51116
-3.51252
-3.51297
-3.51297
-3.51328
-3.51298
-3.51237
-3.51192
-3.51162
-3.51162
-3.51147
-3.51192
-3.51177
-3.51192
-3.51192
-3.51268
-3.51313
-3.51374
-3.51404
-3.51419
-3.51403
-3.51448
-3.51433
-3.51448
-3.51358
-3.51358
-3.51343
-3.51419
-3.51358
-3.51328
-3.51223
-3.51208
-3.51223
-3.51208
-3.51223
-3.51177
-3.51162
-3.51191
-3.51176
-3.51207
-3.51086
-3.50966
-3.50966
-3.51072
-3.51117
-3.51087
-3.51102
-3.51147
-3.51146
-3.51101
-3.51116
-3.51177
-3.51252
-3.51283
-3.51162
-3.50996
-3.50921
-3.50906
-3.50845
-3.50845
-3.50845
-3.5083
-3.50815
-3.50769
-3.50754
-3.50799
-3.50679
-3.50754
-3.50694
-3.50755
-3.5074
-3.50876
-3.50845
-3.5077
-3.50724
-3.50814
-3.50829
-3.50904
-3.50814
-3.50678
-3.50784
-3.50724
-3.5074
-3.50725
-3.5077
-3.50725
-3.508
-3.50875
-3.50875
-3.50875
-3.5083
-3.50739
-3.50649
-3.50709
-3.5077
-3.508
-3.50876
-3.50891
-3.50876
-3.50906
-3.50861
-3.50815
-3.5077
-3.50755
-3.50815
-3.50739
-3.50679
-3.50634
-3.50634
-3.5071
-3.50725
-3.5071
-3.50694
-3.50785
-3.508
-3.50815
-3.50739
-3.50649
-3.50574
-3.50544
-3.50559
-3.50604
-3.5065
-3.50785
-3.508
-3.50846
-3.50785
-3.508
-3.5089
-3.50966
-3.51026
-3.50966
-3.50921
-3.50936
-3.50785
-3.50831
-3.50816
-3.5077
-3.50801
-3.50725
-3.5074
-3.508
-3.50875
-3.5089
-3.5095
-3.5092
-3.50875
-3.50891
-3.5083
-3.5074
-3.508
-3.50694
-3.50679
-3.50679
-3.50679
-3.50679
-3.50724
-3.50755
-3.50664
-3.50619
-3.50619
-3.50604
-3.50679
-3.50664
-3.5077
-3.50694
-3.50755
-3.50694
-3.50694
-3.50634
-3.50634
-3.50634
-3.50664
-3.50633
-3.50694
-3.50785
-3.50875
-3.5089
-3.50875
-3.50799
-3.508
-3.50815
-3.508
-3.50769
-3.50739
-3.50769
-3.50649
-3.50589
-3.50664
-3.50574
-3.50604
-3.50755
-3.50664
-3.50588
-3.50558
-3.50604
-3.50513
-3.50559
-3.50544
-3.50574
-3.50559
-3.50529
-3.50529
-3.50453
-3.50664
-3.50679
-3.508
-3.50876
-3.50831
-3.50816
-3.50816
-3.50755
-3.50755
-3.50786
-3.50816
-3.5077
-3.50784
-3.50799
-3.5083
-3.50861
-3.50771
-3.50741
-3.50681
-3.50771
-3.5071
-3.50725
-3.50755
-3.5077
-3.50845
-3.50845
-3.5089
-3.50951
-3.50936
-3.50875
-3.50785
-3.50845
-3.50906
-3.50921
-3.5086
-3.50815
-3.50785
-3.50664
-3.50694
-3.50724
-3.50679
-3.50709
-3.50664
-3.50755
-3.50785
-3.5071
-3.50679
-3.50618
-3.50603
-3.50512
-3.50512
-3.50467
-3.50437
-3.50407
-3.50377
-3.50437
-3.50347
-3.50256
-3.5012
-3.50135
-3.5012
-3.5018
-3.50211
-3.50241
-3.50286
-3.50286
-3.50362
-3.50392
-3.50422
-3.50392
-3.50437
-3.50362
-3.50331
-3.50301
-3.50422
-3.50452
-3.50422
-3.50407
-3.50452
-3.50498
-3.50528
-3.50529
-3.50513
-3.50574
-3.50574
-3.50528
-3.50513
-3.50573
-3.50603
-3.50648
-3.50784
-3.50694
-3.50679
-3.50558
-3.50573
-3.50619
-3.50558
-3.50543
-3.50544
-3.50604
-3.50649
-3.50559
-3.50513
-3.50528
-3.50528
-3.50664
-3.50709
-3.50739
-3.50845
-3.50921
-3.50906
-3.50861
-3.50906
-3.50891
-3.50846
-3.5071
-3.50559
-3.50634
-3.50634
-3.50558
-3.50528
-3.50513
-3.50468
-3.50513
-3.50604
-3.50604
-3.5074
-3.50725
-3.50694
-3.50694
-3.50709
-3.50664
-3.50634
-3.50603
-3.50603
-3.50483
-3.50483
-3.50543
-3.50589
-3.50634
-3.50695
-3.50695
-3.5074
-3.5077
-3.50724
-3.50755
-3.50709
-3.50618
-3.50618
-3.50588
-3.50664
-3.50754
-3.50694
-3.508
-3.50845
-3.50755
-3.50785
-3.5077
-3.50709
-3.50588
-3.50739
-3.50739
-3.50694
-3.50785
-3.50725
-3.5074
-3.50725
-3.50846
-3.508
-3.50861
-3.50936
-3.50891
-3.5077
-3.5077
-3.50755
-3.5074
-3.5077
-3.50709
-3.50664
-3.50694
-3.50725
-3.5071
-3.50619
-3.50679
-3.508
-3.5074
-3.50694
-3.50679
-3.50619
-3.50558
-3.50664
-3.50664
-3.50679
-3.50694
-3.50709
-3.50649
-3.50694
-3.50679
-3.508
-3.508
-3.50679
-3.50634
-3.50664
-3.50604
-3.50543
-3.50513
-3.50513
-3.50634
-3.50619
-3.50558
-3.50543
-3.50558
-3.50542
-3.50542
-3.50633
-3.50633
-3.50648
-3.50694
-3.5074
-3.50664
-3.50589
-3.50665
-3.5065
-3.5068
-3.50785
-3.50831
-3.5074
-3.50679
-3.508
-3.50724
-3.5077
-3.50891
-3.50845
-3.50769
-3.50784
-3.50754
-3.50815
-3.50769
-3.508
-3.5077
-3.50739
-3.50634
-3.5077
-3.50815
-3.50815
-3.5086
-3.51011
-3.50951
-3.50891
-3.50815
-3.508
-3.50694
-3.5077
-3.508
-3.50845
-3.50906
-3.50951
-3.50996
-3.50996
-3.51011
-3.51011
-3.51087
-3.51147
-3.51056
-3.51132
-3.51101
-3.51162
-3.51192
-3.51162
-3.51147
-3.51162
-3.51117
-3.51056
-3.51056
-3.51101
-3.51147
-3.51147
-3.51207
-3.51192
-3.51208
-3.51253
-3.51223
-3.51132
-3.51102
-3.51056
-3.51071
-3.51117
-3.51071
-3.51086
-3.51117
-3.51026
-3.51026
-3.5095
-3.51041
-3.5098
-3.51056
-3.51026
-3.51072
-3.51117
-3.51147
-3.51132
-3.51011
-3.51041
-3.50996
-3.50981
-3.51011
-3.5095
-3.50965
-3.5095
-3.50934
-3.50965
-3.50889
-3.50844
-3.5083
-3.50845
-3.50905
-3.5083
-3.50785
-3.50785
-3.50875
-3.50845
-3.5077
-3.5086
-3.5083
-3.5083
-3.5086
-3.50874
-3.50829
-3.50859
-3.50844
-3.50829
-3.50753
-3.50723
-3.50678
-3.50754
-3.50829
-3.50754
-3.50814
-3.50905
-3.50875
-3.50951
-3.51026
-3.5089
-3.50905
-3.5095
-3.5092
-3.50859
-3.5092
-3.51026
-3.50965
-3.50935
-3.50799
-3.50708
-3.50814
-3.5092
-3.50995
-3.5095
-3.51071
-3.51056
-3.51056
-3.51071
-3.51025
-3.5098
-3.50995
-3.5095
-3.5089
-3.50844
-3.50829
-3.5086
-3.50799
-3.50603
-3.50542
-3.50497
-3.50466
-3.50527
-3.50588
-3.50618
-3.50618
-3.50845
-3.508
-3.50875
-3.50905
-3.5089
-3.5095
-3.50965
-3.5101
-3.5095
-3.5095
-3.50815
-3.5089
-3.5092
-3.50905
-3.50905
-3.50935
-3.51025
-3.51025
-3.51146
-3.51252
-3.51268
-3.51237
-3.51192
-3.51132
-3.51071
-3.51071
-3.5095
-3.51011
-3.50966
-3.51056
-3.5089
-3.50859
-3.50874
-3.5092
-3.50875
-3.50769
-3.50724
-3.50693
-3.50603
-3.50573
-3.50573
-3.50618
-3.50603
-3.50482
-3.50512
-3.50542
-3.50527
-3.50436
-3.50346
-3.50331
-3.50391
-3.50482
-3.50467
-3.50407
-3.50391
-3.50452
-3.50467
-3.50542
-3.50618
-3.50603
-3.50663
-3.50694
-3.50648
-3.50603
-3.50618
-3.50663
-3.50618
-3.50633
-3.50679
-3.50694
-3.50649
-3.50634
-3.50573
-3.50527
-3.50617
-3.50663
-3.50572
-3.50557
-3.50603
-3.50633
-3.50633
-3.50709
-3.50754
-3.508
-3.50845
-3.5086
-3.5086
-3.5089
-3.50889
-3.50829
-3.50829
-3.50799
-3.50875
-3.5086
-3.50845
-3.50739
-3.50724
-3.50724
-3.50724
-3.50588
-3.50618
-3.50618
-3.50634
-3.50694
-3.50785
-3.50875
-3.5089
-3.51011
-3.51011
-3.51071
-3.5098
-3.51026
-3.5098
-3.50905
-3.50844
-3.50693
-3.50648
-3.50663
-3.50572
-3.50467
-3.50497
-3.50406
-3.50361
-3.50361
-3.50392
-3.50422
-3.50361
-3.50437
-3.50497
-3.50391
-3.50421
-3.50391
-3.50421
-3.50437
-3.50421
-3.50452
-3.50527
-3.50527
-3.50558
-3.50527
-3.50422
-3.50316
-3.50316
-3.50286
-3.50346
-3.50346
-3.50316
-3.5024
-3.5024
-3.50301
-3.50331
-3.50301
-3.50316
-3.50376
-3.50391
-3.50346
-3.50542
-3.50572
-3.50467
-3.50391
-3.50376
-3.50301
-3.50286
-3.50346
-3.50346
-3.50498
-3.50573
-3.50603
-3.50558
-3.50467
-3.50467
-3.50437
-3.50452
-3.50467
-3.50558
-3.50663
-3.50664
-3.50543
-3.50543
-3.50513
-3.50603
-3.50603
-3.50634
-3.50619
-3.50528
-3.50513
-3.50558
-3.50679
-3.5071
-3.50755
-3.5074
-3.50694
-3.50754
-3.50799
-3.50739
-3.50739
-3.50754
-3.50785
-3.50769
-3.50754
-3.50739
-3.5074
-3.50725
-3.50634
-3.50634
-3.50634
-3.50634
-3.50603
-3.50634
-3.50679
-3.50694
-3.50633
-3.50633
-3.50603
-3.50648
-3.50754
-3.50754
-3.508
-3.50861
-3.50921
-3.50921
-3.50966
-3.50996
-3.5092
-3.5086
-3.50769
-3.50754
-3.50769
-3.50844
-3.50799
-3.50769
-3.50724
-3.50769
-3.50739
-3.50648
-3.50693
-3.50693
-3.50678
-3.50678
-3.50829
-3.50935
-3.5086
-3.50845
-3.50875
-3.50875
-3.50799
-3.50724
-3.50814
-3.50814
-3.50965
-3.50935
-3.50874
-3.50844
-3.5098
-3.51071
-3.51116
-3.51101
-3.51177
-3.51207
-3.51191
-3.51222
-3.51282
-3.51313
-3.51132
-3.51147
-3.51102
-3.51071
-3.51116
-3.51131
-3.51222
-3.51237
-3.51237
-3.51192
-3.51207
-3.51147
-3.51086
-3.51101
-3.51041
-3.51041
-3.51056
-3.5092
-3.5092
-3.50995
-3.5098
-3.50904
-3.50814
-3.50768
-3.50799
-3.50829
-3.50859
-3.5086
-3.50845
-3.5086
-3.50936
-3.50875
-3.50799
-3.50814
-3.50829
-3.50753
-3.50738
-3.50753
-3.50708
-3.50632
-3.50587
-3.50557
-3.50452
-3.50572
-3.50587
-3.50542
-3.50678
-3.50693
-3.50662
-3.50572
-3.50647
-3.50707
-3.50692
-3.50602
-3.50723
-3.50708
-3.50753
-3.50784
-3.50844
-3.50754
-3.50874
-3.50965
-3.5098
-3.50934
-3.50949
-3.50919
-3.50964
-3.511
-3.5107
-3.51055
-3.50949
-3.50995
-3.50965
-3.5104
-3.5107
-3.51146
-3.5098
-3.5095
-3.50965
-3.50919
-3.50919
-3.5104
-3.5107
-3.51039
-3.51054
-3.51039
-3.51085
-3.51025
-3.50964
-3.50844
-3.50874
-3.50949
-3.5104
-3.5113
-3.511
-3.5101
-3.5104
-3.51146
-3.51055
-3.51025
-3.5104
-3.50995
-3.5101
-3.50949
-3.50949
-3.50844
-3.50828
-3.50753
-3.50798
-3.50874
-3.50843
-3.50843
-3.50843
-3.50844
-3.50874
-3.50859
-3.50844
-3.50859
-3.50783
-3.50647
-3.50632
-3.50602
-3.50572
-3.50693
-3.50738
-3.50693
-3.50708
-3.50723
-3.50587
-3.50572
-3.50496
-3.50602
-3.50602
-3.50587
-3.50556
-3.50451
-3.50375
-3.5036
-3.5036
-3.50436
-3.50421
-3.50466
-3.50451
-3.50527
-3.50481
-3.50511
-3.50527
-3.50512
-3.50542
-3.50466
-3.50481
-3.50527
-3.50466
-3.50481
-3.50375
-3.5036
-3.50466
-3.50466
-3.50542
-3.50602
-3.50542
-3.50557
-3.50663
-3.50603
-3.50588
-3.50557
-3.50587
-3.50572
-3.50617
-3.50708
-3.50799
-3.50724
-3.50739
-3.50754
-3.50784
-3.50874
-3.50889
-3.50995
-3.51026
-3.51071
-3.51162
-3.50996
-3.5095
-3.50935
-3.5092
-3.5089
-3.50905
-3.50965
-3.50799
-3.50618
-3.50527
-3.50452
-3.50467
-3.50497
-3.50497
-3.50542
-3.50467
-3.50482
-3.50497
-3.50452
-3.50467
-3.50407
-3.50331
-3.50331
-3.50256
-3.50241
-3.50165
-3.50331
-3.50376
-3.50422
-3.50451
-3.50481
-3.50512
-3.50482
-3.50452
-3.50467
-3.50588
-3.50512
-3.50482
-3.50618
-3.50498
-3.50452
-3.50467
-3.50573
-3.50543
-3.50497
-3.50557
-3.50481
-3.50466
-3.50406
-3.50422
-3.50376
-3.50482
-3.50497
-3.50572
-3.50572
-3.50557
-3.50587
-3.50663
-3.50693
-3.50648
-3.50617
-3.50527
-3.50632
-3.50602
-3.50527
-3.50482
-3.50497
-3.50542
-3.50573
-3.50437
-3.50527
-3.50497
-3.50452
-3.50391
-3.50452
-3.50497
-3.50557
-3.50633
-3.50648
-3.50723
-3.50678
-3.50678
-3.50678
-3.50754
-3.50845
-3.50875
-3.50905
-3.50966
-3.50981
-3.51011
-3.50981
-3.51011
-3.51011
-3.5092
-3.5086
-3.50965
-3.51026
-3.50935
-3.5092
-3.51011
-3.51117
-3.51086
-3.51056
-3.51117
-3.51056
-3.51011
-3.51041
-3.51056
-3.50981
-3.51041
-3.50966
-3.50936
-3.50905
-3.5089
-3.50905
-3.508
-3.508
-3.50754
-3.5077
-3.50739
-3.5077
-3.5077
-3.5086
-3.50845
-3.5077
-3.5086
-3.50936
-3.5089
-3.50966
-3.50845
-3.5086
-3.50905
-3.5086
-3.50784
-3.50769
-3.50785
-3.50845
-3.50815
-3.50921
-3.51042
-3.51041
-3.51011
-3.51042
-3.51087
-3.51057
-3.51042
-3.51118
-3.51057
-3.51193
-3.51283
-3.51147
-3.51162
-3.51101
-3.51132
-3.51071
-3.50951
-3.50966
-3.50981
-3.50906
-3.50876
-3.50906
-3.50861
-3.50891
-3.50891
-3.50982
-3.50906
-3.50876
-3.508
-3.508
-3.50845
-3.50845
-3.50891
-3.50936
-3.50906
-3.5089
-3.50905
-3.51011
-3.50996
-3.50966
-3.50876
-3.5083
-3.50891
-3.50951
-3.51012
-3.51027
-3.51102
-3.51162
-3.51208
-3.51147
-3.51208
-3.51162
-3.51147
-3.51178
-3.51344
-3.51283
-3.51087
-3.50966
-3.51012
-3.51042
-3.51057
-3.51012
-3.50996
-3.51011
-3.51072
-3.51163
-3.51057
-3.51072
-3.51072
-3.51011
-3.51026
-3.51026
-3.51087
-3.51178
-3.51148
-3.51208
-3.51163
-3.51133
-3.51193
-3.51208
-3.51163
-3.51253
-3.51374
-3.51268
-3.51208
-3.51178
-3.51073
-3.51118
-3.51058
-3.50998
-3.50892
-3.50937
-3.50846
-3.5071
-3.5071
-3.5068
-3.50786
-3.50891
-3.50936
-3.50951
-3.50891
-3.50906
-3.50846
-3.50831
-3.50846
-3.50937
-3.50907
-3.50846
-3.50876
-3.50951
-3.50951
-3.50966
-3.50997
-3.51012
-3.50936
-3.50921
-3.50891
-3.50846
-3.50771
-3.50846
-3.50816
-3.50801
-3.50831
-3.50952
-3.50951
-3.50755
-3.50921
-3.50952
-3.51042
-3.50997
-3.51132
-3.51102
-3.51102
-3.50936
-3.5086
-3.50891
-3.50861
-3.50846
-3.50906
-3.50816
-3.50831
-3.50756
-3.50816
-3.50816
-3.50771
-3.50861
-3.50755
-3.50725
-3.508
-3.50876
-3.50861
-3.50815
-3.50861
-3.50876
-3.508
-3.50695
-3.5068
-3.5068
-3.50649
-3.50665
-3.50861
-3.5077
-3.50846
-3.50815
-3.508
-3.50785
-3.508
-3.508
-3.50831
-3.50831
-3.50891
-3.50816
-3.50922
-3.50906
-3.51088
-3.51027
-3.50966
-3.51072
-3.51027
-3.51072
-3.51027
-3.50891
-3.50937
-3.51012
-3.50922
-3.50952
-3.50921
-3.50921
-3.50981
-3.51042
-3.51012
-3.50997
-3.50815
-3.50861
-3.50967
-3.50982
-3.50921
-3.50876
-3.50816
-3.50831
-3.50921
-3.50846
-3.50906
-3.50876
-3.508
-3.5083
-3.50861
-3.50921
-3.50921
-3.51012
-3.50921
-3.50966
-3.51012
-3.51072
-3.51012
-3.51118
-3.51148
-3.51148
-3.51118
-3.51103
-3.51208
-3.51208
-3.51102
-3.51072
-3.50966
-3.50936
-3.50996
-3.51117
-3.51072
-3.51132
-3.51027
-3.51057
-3.51087
-3.51148
-3.51163
-3.51102
-3.51087
-3.51147
-3.51057
-3.51102
-3.51027
-3.50951
-3.50906
-3.51027
-3.51012
-3.50906
-3.51012
-3.51027
-3.51011
-3.50996
-3.50951
-3.50861
-3.50846
-3.50831
-3.50861
-3.508
-3.50831
-3.50755
-3.50966
-3.50861
-3.50831
-3.50861
-3.50937
-3.51073
-3.51133
-3.50936
-3.50981
-3.51072
-3.51192
-3.51192
-3.51268
-3.51177
-3.51147
-3.51117
-3.51118
-3.51178
-3.51284
-3.51329
-3.51314
-3.51359
-3.51344
-3.51284
-3.51238
-3.51208
-3.51193
-3.51147
-3.51208
-3.51117
-3.51102
-3.51072
-3.51042
-3.51042
-3.51148
-3.51072
-3.51057
-3.51087
-3.51057
-3.51087
-3.51208
-3.51177
-3.51072
-3.51072
-3.51042
-3.51027
-3.50951
-3.50906
-3.50891
-3.50906
-3.50997
-3.50952
-3.50831
-3.5077
-3.5077
-3.50739
-3.50784
-3.50769
-3.50754
-3.50769
-3.508
-3.5086
-3.5083
-3.5077
-3.50845
-3.5083
-3.508
-3.50815
-3.5071
-3.50785
-3.50755
-3.50815
-3.50755
-3.50739
-3.50694
-3.5077
-3.5077
-3.50845
-3.50951
-3.51057
-3.51087
-3.51178
-3.51162
-3.51178
-3.51148
-3.51102
-3.51057
-3.51087
-3.51027
-3.50951
-3.50951
-3.50982
-3.51012
-3.50936
-3.50981
-3.51042
-3.50906
-3.50966
-3.50921
-3.50906
-3.50876
-3.50875
-3.50815
-3.508
-3.5083
-3.5083
-3.50815
-3.50709
-3.50785
-3.50815
-3.5077
-3.5074
-3.508
-3.50755
-3.5077
-3.5077
-3.50725
-3.50785
-3.50755
-3.50724
-3.50709
-3.50634
-3.50543
-3.50513
-3.50543
-3.50362
-3.50438
-3.50453
-3.50528
-3.50574
-3.50574
-3.5074
-3.50845
-3.5083
-3.5074
-3.5077
-3.5074
-3.5074
-3.50846
-3.50831
-3.50785
-3.50755
-3.50785
-3.508
-3.50815
-3.5077
-3.50846
-3.50861
-3.50891
-3.50891
-3.50891
-3.50891
-3.50982
-3.50952
-3.50982
-3.50921
-3.50891
-3.50876
-3.50845
-3.5077
-3.50664
-3.50679
-3.50695
-3.50559
-3.50589
-3.50635
-3.50589
-3.50544
-3.50528
-3.50604
-3.50679
-3.50619
-3.50634
-3.5068
-3.5068
-3.50665
-3.5071
-3.50801
-3.50861
-3.50921
-3.50921
-3.51026
-3.51072
-3.51132
-3.51133
-3.51178
-3.51148
-3.51133
-3.51148
-3.51087
-3.51057
-3.51042
-3.51057
-3.50981
-3.51026
-3.50921
-3.5089
-3.50921
-3.50936
-3.50951
-3.50951
-3.50936
-3.50936
-3.50891
-3.50936
-3.50996
-3.50981
-3.50981
-3.50981
-3.50996
-3.50996
-3.50951
-3.51011
-3.51072
-3.51102
-3.51117
-3.51132
-3.51087
-3.51102
-3.51178
-3.51208
-3.51162
-3.51117
-3.51117
-3.51072
-3.51011
-3.50951
-3.50845
-3.50769
-3.50739
-3.50739
-3.5083
-3.50739
-3.50709
-3.50755
-3.50709
-3.5077
-3.508
-3.50725
-3.5077
-3.50755
-3.50785
-3.50785
-3.508
-3.50936
-3.50996
-3.50966
-3.50906
-3.5083
-3.508
-3.50875
-3.50936
-3.50906
-3.5077
-3.508
-3.5077
-3.5077
-3.5077
-3.50785
-3.50679
-3.50649
-3.50664
-3.50619
-3.50725
-3.5077
-3.5086
-3.508
-3.508
-3.50921
-3.51012
-3.51057
-3.50951
-3.50996
-3.51026
-3.50981
-3.51041
-3.51026
-3.50996
-3.51027
-3.51042
-3.51012
-3.50906
-3.50906
-3.50891
-3.51012
-3.51027
-3.50937
-3.50937
-3.51027
-3.51042
-3.51087
-3.51057
-3.51087
-3.51102
-3.51087
-3.51088
-3.51133
-3.51148
-3.51133
-3.51042
-3.51027
-3.51072
-3.51208
-3.51238
-3.51223
-3.51359
-3.51344
-3.51344
-3.51344
-3.51298
-3.51298
-3.51208
-3.51057
-3.50996
-3.51057
-3.51208
-3.51238
-3.51314
-3.51299
-3.51329
-3.51329
-3.51269
-3.51284
-3.51223
-3.51163
-3.51072
-3.51117
-3.51177
-3.51178
-3.51147
-3.51117
-3.51042
-3.51012
-3.51027
-3.51178
-3.51147
-3.51117
-3.51041
-3.5095
-3.50996
-3.5089
-3.50785
-3.50845
-3.50981
-3.50981
-3.51026
-3.51011
-3.50981
-3.50981
-3.50966
-3.508
-3.508
-3.5077
-3.5077
-3.5083
-3.50815
-3.50815
-3.508
-3.50649
-3.50648
-3.50573
-3.50573
-3.50618
-3.50573
-3.50512
-3.50603
-3.50603
-3.50634
-3.50634
-3.50634
-3.5083
-3.5077
-3.5074
-3.5086
-3.50845
-3.50921
-3.50905
-3.5089
-3.50829
-3.50829
-3.50799
-3.50738
-3.50723
-3.50739
-3.50724
-3.50679
-3.50649
-3.50679
-3.50664
-3.50649
-3.50679
-3.50694
-3.50694
-3.50799
-3.50784
-3.5086
-3.50829
-3.5089
-3.5089
-3.50905
-3.5089
-3.50724
-3.50693
-3.50663
-3.50754
-3.5083
-3.5083
-3.50875
-3.50785
-3.50875
-3.50845
-3.50875
-3.50875
-3.50829
-3.50875
-3.5092
-3.5092
-3.5089
-3.5086
-3.5089
-3.50814
-3.50829
-3.50708
-3.50663
-3.50633
-3.50678
-3.50558
-3.50558
-3.50618
-3.50663
-3.50618
-3.50618
-3.50618
-3.50663
-3.50618
-3.50739
-3.50784
-3.50769
-3.50829
-3.5092
-3.50935
-3.5095
-3.50965
-3.5098
-3.51071
-3.51087
-3.51026
-3.50966
-3.51011
-3.51101
-3.51147
-3.51162
-3.51146
-3.51146
-3.51056
-3.51101
-3.51132
-3.51087
-3.51117
-3.51162
-3.51162
-3.51147
-3.51102
-3.51041
-3.51011
-3.51025
-3.51071
-3.5098
-3.50875
-3.5089
-3.50875
-3.51026
-3.50995
-3.51086
-3.51041
-3.51101
-3.51056
-3.51086
-3.51041
-3.51056
-3.50814
-3.50784
-3.5086
-3.50966
-3.51011
-3.5095
-3.5092
-3.50934
-3.50874
-3.50844
-3.50844
-3.5089
-3.50996
-3.51011
-3.50996
-3.51011
-3.50965
-3.5092
-3.50874
-3.50874
-3.50799
-3.50754
-3.50739
-3.50769
-3.50799
-3.50829
-3.50935
-3.50799
-3.50799
-3.5077
-3.50754
-3.50769
-3.50709
-3.50889
-3.50874
-3.50919
-3.50859
-3.50859
-3.50829
-3.50784
-3.5083
-3.50755
-3.50921
-3.5083
-3.50785
-3.50709
-3.50769
-3.50845
-3.50814
-3.5089
-3.5086
-3.50905
-3.50784
-3.50799
-3.50769
-3.50754
-3.50814
-3.50814
-3.50784
-3.50844
-3.5089
-3.5095
-3.5095
-3.50951
-3.51011
-3.51041
-3.51087
-3.51087
-3.51056
-3.51086
-3.51101
-3.51071
-3.51026
-3.51071
-3.51026
-3.51041
-3.50995
-3.50965
-3.50965
-3.5095
-3.5089
-3.50966
-3.51011
-3.51011
-3.51056
-3.5095
-3.50934
-3.50874
-3.50905
-3.5098
-3.5095
-3.50935
-3.50965
-3.50995
-3.5092
-3.5101
-3.5101
-3.5095
-3.5095
-3.5098
-3.50814
-3.50798
-3.50813
-3.50829
-3.50813
-3.50798
-3.50783
-3.50799
-3.50738
-3.50678
-3.50678
-3.50694
-3.50724
-3.50754
-3.5086
-3.50905
-3.50738
-3.50662
-3.50662
-3.50602
-3.50572
-3.50602
-3.50602
-3.50602
-3.50542
-3.50557
-3.50617
-3.50602
-3.50497
-3.50497
-3.50542
-3.50648
-3.50542
-3.50466
-3.50451
-3.50436
-3.50451
-3.50436
-3.50451
-3.50496
-3.50587
-3.50572
-3.50602
-3.50708
-3.50874
-3.50814
-3.50874
-3.50738
-3.50723
-3.50859
-3.50829
-3.50844
-3.50814
-3.50738
-3.50678
-3.50768
-3.50874
-3.50844
-3.50768
-3.50798
-3.50813
-3.50844
-3.50829
-3.50723
-3.50829
-3.50965
-3.5101
-3.5092
-3.5095
-3.50829
-3.50905
-3.5092
-3.5095
-3.50753
-3.50723
-3.50738
-3.50768
-3.50844
-3.50814
-3.50889
-3.50784
-3.50889
-3.50995
-3.5092
-3.5098
-3.51056
-3.51071
-3.51086
-3.51041
-3.5095
-3.51026
-3.51041
-3.5089
-3.50814
-3.50814
-3.50829
-3.50768
-3.50783
-3.50829
-3.50769
-3.50829
-3.50905
-3.5092
-3.50799
-3.5089
-3.50814
-3.5095
-3.50874
-3.50844
-3.50844
-3.50829
-3.50995
-3.51041
-3.51056
-3.51026
-3.51041
-3.51086
-3.51116
-3.51162
-3.51132
-3.51086
-3.51086
-3.51071
-3.51071
-3.5098
-3.5095
-3.50935
-3.50859
-3.50935
-3.5095
-3.5095
-3.50935
-3.5089
-3.50951
-3.5092
-3.50981
-3.50996
-3.5092
-3.50874
-3.50844
-3.50904
-3.50843
-3.50889
-3.50919
-3.5089
-3.50829
-3.50799
-3.50814
-3.50784
-3.50889
-3.50799
-3.50754
-3.50739
-3.50814
-3.50769
-3.50663
-3.50799
-3.50814
-3.50738
-3.50844
-3.50768
-3.50798
-3.50708
-3.50693
-3.50753
-3.50753
-3.50799
-3.50708
-3.50754
-3.50678
-3.50693
-3.50723
-3.50783
-3.50723
-3.50693
-3.50723
-3.50678
-3.50617
-3.50618
-3.50466
-3.50436
-3.5033
-3.50375
-3.5033
-3.50163
-3.50194
-3.50164
-3.50164
-3.5033
-3.50466
-3.50512
-3.50481
-3.50512
-3.50497
-3.50436
-3.50481
-3.50542
-3.50481
-3.50481
-3.50421
-3.50421
-3.50376
-3.50436
-3.50527
-3.50512
-3.50602
-3.50587
-3.50542
-3.50587
-3.50647
-3.50602
-3.50632
-3.50557
-3.50587
-3.50753
-3.50844
-3.50844
-3.50814
-3.50769
-3.50799
-3.50754
-3.50754
-3.50603
-3.50588
-3.50663
-3.50663
-3.50693
-3.50633
-3.50693
-3.50769
-3.50633
-3.50603
-3.50678
-3.50648
-3.50663
-3.50678
-3.50739
-3.50709
-3.50678
-3.50573
-3.50512
-3.50543
-3.50512
-3.50512
-3.50452
-3.50421
-3.50497
-3.50512
-3.50557
-3.50512
-3.50467
-3.50618
-3.50573
-3.50633
-3.50648
-3.50754
-3.50708
-3.50859
-3.50663
-3.50648
-3.50739
-3.50694
-3.50709
-3.50799
-3.50799
-3.50769
-3.50724
-3.50678
-3.50557
-3.50572
-3.50693
-3.50738
-3.50723
-3.50738
-3.50814
-3.50784
-3.50738
-3.50693
-3.50709
-3.50814
-3.50875
-3.5092
-3.5086
-3.50754
-3.50754
-3.50708
-3.50693
-3.50663
-3.50663
-3.50648
-3.50572
-3.50648
-3.50573
-3.50557
-3.50587
-3.50693
-3.50678
-3.50602
-3.50542
-3.50678
-3.50678
-3.50572
-3.50587
-3.50542
-3.50542
-3.50557
-3.50632
-3.50633
-3.50572
-3.50557
-3.50633
-3.50693
-3.50754
-3.50829
-3.50844
-3.50904
-3.51025
-3.51025
-3.5101
-3.50995
-3.50964
-3.50858
-3.50813
-3.50798
-3.50934
-3.5104
-3.51011
-3.51056
-3.51011
-3.50995
-3.51041
-3.51056
-3.51116
-3.5104
-3.51025
-3.50995
-3.5104
-3.50964
-3.50995
-3.50995
-3.50949
-3.50934
-3.50949
-3.50919
-3.5098
-3.50995
-3.50995
-3.51116
-3.51056
-3.51101
-3.51131
-3.51116
-3.51176
-3.5113
-3.51024
-3.50964
-3.50994
-3.50949
-3.50949
-3.50844
-3.50844
-3.50904
-3.50965
-3.51071
-3.51131
-3.51101
-3.51191
-3.51176
-3.511
-3.5107
-3.51115
-3.51115
-3.51025
-3.5101
-3.50904
-3.50904
-3.50904
-3.50828
-3.50768
-3.50753
-3.50692
-3.50723
-3.50768
-3.50647
-3.50617
-3.50798
-3.50828
-3.50752
-3.50768
-3.50859
-3.50813
-3.50829
-3.50859
-3.50934
-3.5104
-3.50994
-3.50994
-3.511
-3.5113
-3.51161
-3.511
-3.5107
-3.5104
-3.51085
-3.51115
-3.51221
-3.51312
-3.51296
-3.51266
-3.51206
-3.51191
-3.51206
-3.51115
-3.50995
-3.50919
-3.50843
-3.50828
-3.50828
-3.50859
-3.50844
-3.50844
-3.50692
-3.50753
-3.50738
-3.50753
-3.50768
-3.50768
-3.50888
-3.50919
-3.50949
-3.51085
-3.51115
-3.51055
-3.50964
-3.50934
-3.50843
-3.50798
-3.50859
-3.50798
-3.50723
-3.50693
-3.50738
-3.50678
-3.50678
-3.50753
-3.50768
-3.50829
-3.50874
-3.50813
-3.50813
-3.50782
-3.50798
-3.50737
-3.50677
-3.50692
-3.50631
-3.50647
-3.50722
-3.50828
-3.50814
-3.50859
-3.50935
-3.50965
-3.50904
-3.50859
-3.50768
-3.50693
-3.50692
-3.50723
-3.50677
-3.50617
-3.50632
-3.50662
-3.50723
-3.50753
-3.50768
-3.50708
-3.50844
-3.50874
-3.50889
-3.50768
-3.50858
-3.50858
-3.50843
-3.50783
-3.50663
-3.50648
-3.50557
-3.50527
-3.50557
-3.50405
-3.50269
-3.50239
-3.50314
-3.5036
-3.5033
-3.50375
-3.50345
-3.5039
-3.5045
-3.50435
-3.5039
-3.50436
-3.50556
-3.50602
-3.50647
-3.50783
-3.50828
-3.50783
-3.50858
-3.50828
-3.50798
-3.50844
-3.50874
-3.50814
-3.50844
-3.50814
-3.50829
-3.50723
-3.50783
-3.50783
-3.50828
-3.50783
-3.50737
-3.50571
-3.50556
-3.50526
-3.50526
-3.50541
-3.50632
-3.50602
-3.50587
-3.50602
-3.50632
-3.50617
-3.50526
-3.50541
-3.5039
-3.5036
-3.50209
-3.50269
-3.50239
-3.50239
-3.50254
-3.50284
-3.50345
-3.50405
-3.50435
-3.50496
-3.50481
-3.50481
-3.50436
-3.50405
-3.50436
-3.50481
-3.50496
-3.50572
-3.50421
-3.50421
-3.50436
-3.50541
-3.50602
-3.50632
-3.50541
-3.50526
-3.50526
-3.50495
-3.50511
-3.50541
-3.50602
-3.50572
-3.50677
-3.50753
-3.50738
-3.50798
-3.50949
-3.50919
-3.50934
-3.50904
-3.50949
-3.5101
-3.50874
-3.50859
-3.50829
-3.50814
-3.50829
-3.50799
-3.50919
-3.50904
-3.50889
-3.50858
-3.50858
-3.50919
-3.50995
-3.50919
-3.50829
-3.50678
-3.50542
-3.50527
-3.50527
-3.50572
-3.50632
-3.50632
-3.50632
-3.50738
-3.50783
-3.50798
-3.50798
-3.50829
-3.50904
-3.50995
-3.5101
-3.5095
-3.50859
-3.50874
-3.50814
-3.50708
-3.50647
-3.50708
-3.50693
-3.50677
-3.50708
-3.50829
-3.5095
-3.50905
-3.5089
-3.5086
-3.50829
-3.50738
-3.50814
-3.50677
-3.50556
-3.50556
-3.5045
-3.50496
-3.50481
-3.50526
-3.50496
-3.50467
-3.50512
-3.50573
-3.50573
-3.50542
-3.50557
-3.50557
-3.50542
-3.50482
-3.50527
-3.50451
-3.50466
-3.5039
-3.50451
-3.50511
-3.50556
-3.50632
-3.50587
-3.50587
-3.50588
-3.50693
-3.50588
-3.50557
-3.50512
-3.50542
-3.50572
-3.50557
-3.50707
-3.50602
-3.50617
-3.50647
-3.50541
-3.50572
-3.50617
-3.50677
-3.50632
-3.50587
-3.50617
-3.50586
-3.50602
-3.50647
-3.50481
-3.5039
-3.50421
-3.50541
-3.50496
-3.50451
-3.50511
-3.50496
-3.50526
-3.50541
-3.50526
-3.50571
-3.50587
-3.50587
-3.50632
-3.50647
-3.50723
-3.50677
-3.50662
-3.50662
-3.50602
-3.50602
-3.50557
-3.50421
-3.50436
-3.50526
-3.50511
-3.50571
-3.50587
-3.50707
-3.50647
-3.50632
-3.50572
-3.50541
-3.50557
-3.50572
-3.50617
-3.50632
-3.50587
-3.50466
-3.50572
-3.50511
-3.5039
-3.50572
-3.50677
-3.50737
-3.50722
-3.50722
-3.50828
-3.50843
-3.50798
-3.50707
-3.50723
-3.50738
-3.50783
-3.50859
-3.50995
-3.5095
-3.50904
-3.50844
-3.50859
-3.50874
-3.50799
-3.50904
-3.50904
-3.50859
-3.50707
-3.50767
-3.50767
-3.50858
-3.50858
-3.50842
-3.50707
-3.50783
-3.50738
-3.50768
-3.50798
-3.50829
-3.50723
-3.50678
-3.50678
-3.50723
-3.50647
-3.50632
-3.50738
-3.50768
-3.50678
-3.50814
-3.50859
-3.5098
-3.50964
-3.50949
-3.51024
-3.50994
-3.51024
-3.5104
-3.51085
-3.51116
-3.50995
-3.50995
-3.50904
-3.50889
-3.50874
-3.50889
-3.50813
-3.50677
-3.50662
-3.50662
-3.50571
-3.50616
-3.50526
-3.5042
-3.50556
-3.50466
-3.50511
-3.50541
-3.50602
-3.50481
-3.50451
-3.50511
-3.50421
-3.50254
-3.50285
-3.50284
-3.50224
-3.50254
-3.5039
-3.50526
-3.50586
-3.50571
-3.50632
-3.50723
-3.50617
-3.50511
-3.50466
-3.50451
-3.50391
-3.50481
-3.50466
-3.50497
-3.50527
-3.50511
-3.50587
-3.50526
-3.50511
-3.50496
-3.50572
-3.50662
-3.50723
-3.50617
-3.50526
-3.50526
-3.50572
-3.50496
-3.50481
-3.50527
-3.50482
-3.50497
-3.50557
-3.50648
-3.50602
-3.50617
-3.50572
-3.50557
-3.50618
-3.50693
-3.50603
-3.50663
-3.50602
-3.50647
-3.50632
-3.50662
-3.50828
-3.50919
-3.5107
-3.51055
-3.5104
-3.50965
-3.50829
-3.50829
-3.50814
-3.50875
-3.5089
-3.50889
-3.50874
-3.50874
-3.50843
-3.50813
-3.50783
-3.50662
-3.50677
-3.50617
-3.50587
-3.50587
-3.50572
-3.50572
-3.50617
-3.50617
-3.50542
-3.50406
-3.50375
-3.50375
-3.50345
-3.50391
-3.5033
-3.50375
-3.5036
-3.50406
-3.50436
-3.5036
-3.50315
-3.503
-3.5033
-3.50345
-3.503
-3.50284
