1.10665
1.10586
1.09675
1.08126
1.06358
1.04888
1.04118
1.04175
1.04938
1.06154
1.07548
1.08893
1.10034
1.10895
1.11458
1.11763
1.11904
1.11989
1.12074
1.12125
1.1202
1.11622
1.10844
1.09676
1.0818
1.0648
1.04748
1.03201
1.02052
1.01414
1.01236
1.01342
1.01541
1.01725
1.01883
1.02063
1.02325
1.02692
1.03116
1.03488
1.03685
1.03632
1.03334
1.02876
1.02386
1.01979
1.01707
1.0153
1.01343
1.01031
1.00533
0.998853
0.992307
0.987749
0.986966
0.990555
0.997622
1.00639
1.01515
1.02294
1.02972
1.036
1.04254
1.04985
1.05797
1.0664
1.07418
1.08002
1.08253
1.08037
1.07253
1.05873
1.0399
1.01832
0.99708
0.978888
0.96498
0.955119
0.948549
0.9449
0.944436
0.947478
0.953837
0.962608
0.972559
0.982637
0.992304
1.00149
1.01045
1.01964
1.02945
1.03988
1.05034
1.05965
1.06641
1.06952
1.06847
1.06355
1.05572
1.04647
1.0375
1.03038
1.0262
1.02523
1.02688
1.02971
1.03185
1.03158
1.02806
1.02173
1.01434
1.00819
1.00523
1.0063
1.01095
1.0179
1.0255
1.03214
1.03644
1.03756
1.03525
1.0299
1.02227
1.01341
1.00472
0.998231
0.996228
0.999994
1.00866
1.01982
1.03118
1.04152
1.05041
1.0577
1.06296
1.06558
1.06511
1.0616
1.05576
1.04893
1.04268
1.03824
1.0361
1.03606
1.03756
1.03968
1.04113
1.04041
1.03636
1.02882
1.01913
1.00995
1.00437
1.0048
1.0123
1.02625
1.04444
1.06361
1.08041
1.09234
1.09813
1.09761
1.09143
1.08057
1.06609
1.04887
1.02976
1.00985
0.990845
0.974824
0.963626
0.958289
0.959077
0.965596
0.976799
0.991231
1.0077
1.02548
1.04356
1.05998
1.07237
1.07903
1.07926
1.07308
1.06079
1.04313
1.02153
0.998352
0.976791
0.960252
0.951576
0.952337
0.962386
0.979845
1.00178
1.02516
1.04756
1.06717
1.08258
1.09249
1.09589
1.09227
1.0817
1.06502
1.04378
1.02012
0.996573
0.975827
0.960439
0.952467
0.953285
0.963462
0.982755
1.01001
1.04298
1.07855
1.11319
1.14383
1.16839
1.18604
1.19703
1.20229
1.20307
1.20052
1.19547
1.18826
1.17869
1.16619
1.15008
1.13017
1.1071
1.08247
1.05861
1.03825
1.02373
1.01599
1.01403
1.01565
1.01892
1.02295
1.02788
1.03442
1.04332
1.05491
1.0688
1.08396
1.09904
1.11293
1.12506
1.13535
1.14385
1.15036
1.15452
1.15608
1.15515
1.15215
1.14755
1.14156
1.13413
1.125
1.11393
1.10089
1.08623
1.07072
1.05566
1.0428
1.0341
1.03104
1.03398
1.04187
1.05262
1.0639
1.07391
1.08177
1.08756
1.09206
1.09621
1.10056
1.105
1.10892
1.11155
1.1124
1.1114
1.10878
1.10483
1.09969
1.09336
1.08591
1.07752
1.06854
1.05923
1.04957
1.0393
1.02813
1.01611
1.00391
0.992847
0.984576
0.980589
0.981734
0.988037
0.998821
1.01301
1.0294
1.04696
1.06491
1.08272
1.09989
1.11569
1.12913
1.13907
1.14448
1.14486
1.14064
1.13326
1.1249
1.11768
1.11268
1.1093
1.10538
1.09809
1.08544
1.06749
1.04656
1.02641
1.01071
1.00208
1.00166
1.00931
1.02406
1.04422
1.06751
1.09146
1.11403
1.13392
1.15035
1.16277
1.17066
1.17363
1.17164
1.16522
1.15547
1.14352
1.12993
1.11443
1.09661
1.0768
1.05644
1.03773
1.02279
1.01285
1.00791
1.00728
1.0103
1.01677
1.02647
1.03864
1.05194
1.06475
1.07558
1.0834
1.08784
1.08911
1.08759
1.08339
1.07627
1.0659
1.05224
1.0359
1.01823
1.00119
0.986921
0.977206
0.972981
0.974152
0.979631
0.987726
0.996609
1.00474
1.01125
1.01597
1.01951
1.0229
1.0273
1.03382
1.04336
1.05623
1.07178
1.08845
1.10433
1.11769
1.12727
1.13226
1.1323
1.12744
1.11819
1.10556
1.09118
1.077
1.06494
1.05631
1.05152
1.05006
1.05088
1.05277
1.05455
1.05512
1.0535
1.04899
1.04165
1.03233
1.0224
1.01323
1.00579
1.00032
0.996035
0.991361
0.985084
0.977348
0.969676
0.964118
0.962342
0.965097
0.972066
0.981941
0.99287
1.00333
1.01297
1.02284
1.03469
1.04978
1.06824
1.08905
1.11045
1.13037
1.14675
1.15808
1.16376
1.1641
1.15991
1.15183
1.14015
1.12516
1.10759
1.08872
1.06986
1.05187
1.0351
1.01959
1.00551
0.993306
0.983604
0.977083
0.974394
0.976155
0.982922
0.994958
1.01196
1.03281
1.05555
1.07764
1.09651
1.11018
1.11751
1.11819
1.1126
1.10162
1.08663
1.06938
1.05169
1.03495
1.0197
1.00567
0.992183
0.978813
0.96582
0.9545
0.947324
0.947293
0.956162
0.972684
0.992982
1.01269
1.0287
1.03964
1.0457
1.04836
1.04968
1.0513
1.05362
1.0558
1.05639
1.05378
1.04658
1.03413
1.01685
0.996384
0.975483
0.957495
0.94556
0.94168
0.946102
0.957458
0.973379
0.991166
1.00811
1.02172
1.03005
1.03226
1.02891
1.02181
1.01345
1.00643
1.00277
1.00367
1.00925
1.01857
1.02984
1.041
1.05034
1.05689
1.06041
1.06114
1.05956
1.05607
1.05095
1.04429
1.03615
1.02668
1.0163
1.00555
0.994917
0.984689
0.974952
0.965763
0.957441
0.950648
0.946109
0.944037
0.94389
0.944944
0.947282
0.952175
0.961307
0.97536
0.99325
1.01265
1.03116
1.04716
1.06001
1.06977
1.07683
1.08155
1.0841
1.08445
1.08253
1.07859
1.07334
1.06781
1.06299
1.05924
1.05611
1.05239
1.04674
1.03838
1.02763
1.01597
1.00578
0.999572
0.999356
1.00595
1.01873
1.0359
1.05516
1.07441
1.09207
1.10707
1.11855
1.12583
1.1285
1.12661
1.12083
1.11239
1.10298
1.09435
1.088
1.08501
1.086
1.0911
1.09989
1.11109
1.12271
1.13268
1.13949
1.14253
1.14208
1.13908
1.13464
1.12973
1.12483
1.11993
1.11471
1.10875
1.10181
1.09387
1.08536
1.07717
1.07039
1.06565
1.06299
1.0622
1.06347
1.06735
1.07435
1.08435
1.09624
1.10837
1.11926
1.12807
1.13464
1.13922
1.14227
1.14436
1.14606
1.14788
1.15012
1.15279
1.15565
1.15817
1.15968
1.15944
1.15674
1.15097
1.14176
1.12907
1.11334
1.09553
1.07709
1.05988
1.04591
1.03693
1.03395
1.0368
1.04425
1.05461
1.06668
1.08006
1.09469
1.11006
1.1249
1.13773
1.14762
1.15467
1.15979
1.16405
1.16805
1.17148
1.17331
1.1722
1.16715
1.15783
1.14476
1.12926
1.11293
1.09684
1.08115
1.06548
1.04984
1.03519
1.02307
1.0148
1.01087
1.01082
1.01364
1.01817
1.02335
1.02826
1.03209
1.03431
1.03494
1.03466
1.03468
1.03634
1.04066
1.04817
1.05895
1.0726
1.0881
1.10387
1.11812
1.12929
1.13629
1.13861
1.13625
1.1295
1.11878
1.10444
1.08706
1.06778
1.04867
1.03252
1.0221
1.0194
1.02505
1.03824
1.05682
1.07765
1.09718
1.11227
1.12093
1.1227
1.11869
1.11103
1.10209
1.09363
1.08668
1.08178
1.07885
1.07671
1.07316
1.06614
1.05497
1.04102
1.02709
1.01604
1.00933
1.00664
1.0066
1.00776
1.00907
1.00985
1.00996
1.00993
1.01087
1.01395
1.01984
1.02854
1.0396
1.05236
1.06605
1.07957
1.09139
1.09973
1.10301
1.10028
1.09143
1.07729
1.05977
1.04163
1.02594
1.01508
1.00956
1.0078
1.00704
1.00512
1.00145
0.996842
0.992798
0.990652
0.990964
0.993421
0.99716
1.00126
1.00518
1.00879
1.01232
1.01617
1.0208
1.02667
1.03414
1.04329
1.05375
1.06493
1.07624
1.08724
1.09761
1.10705
1.11511
1.12103
1.12392
1.12296
1.11781
1.1089
1.09741
1.08486
1.07243
1.06055
1.04936
1.03922
1.03095
1.02533
1.02259
1.02217
1.02311
1.02446
1.02544
1.0255
1.02403
1.02038
1.01393
1.00444
0.992514
0.979988
0.969917
0.965727
0.969602
0.98147
0.999384
1.02076
1.04316
1.06431
1.08209
1.09477
1.10141
1.10208
1.09784
1.09041
1.08173
1.07356
1.06712
1.06291
1.06085
1.06046
1.06109
1.06206
1.06272
1.06255
1.06138
1.05942
1.05719
1.05538
1.05471
1.05579
1.05891
1.06398
1.07061
1.07821
1.08621
1.09412
1.10141
1.10744
1.11142
1.11254
1.11039
1.10514
1.09772
1.08952
1.08182
1.0755
1.07096
1.06844
1.06803
1.06962
1.07259
1.07582
1.07786
1.07731
1.07335
1.06605
1.05654
1.04661
1.03841
1.03396
1.03447
1.03947
1.04683
1.05399
1.05926
1.06242
1.06424
1.06544
1.06594
1.06498
1.06193
1.05714
1.05197
1.04811
1.04656
1.04709
1.04836
1.04873
1.04685
1.04182
1.03321
1.02107
1.00603
0.989501
0.973667
0.961094
0.953923
0.95309
0.958134
0.967663
0.980188
0.994618
1.01017
1.02607
1.04132
1.05469
1.0649
1.07091
1.0722
1.06899
1.06243
1.05448
1.04728
1.0421
1.0389
1.03662
1.03405
1.0306
1.02642
1.02211
1.01822
1.01473
1.01111
1.00683
1.00177
0.996458
0.99211
0.990631
0.994035
1.00313
1.01637
1.03029
1.04127
1.04717
1.04799
1.04563
1.04291
1.04216
1.04417
1.04804
1.05201
1.05447
1.05464
1.05263
1.04929
1.04579
1.04311
1.04169
1.0411
1.04024
1.03777
1.0327
1.02488
1.01523
1.00591
0.99987
0.999718
1.00634
1.0185
1.0339
1.05048
1.06692
1.08219
1.09508
1.1042
1.10831
1.10676
1.09979
1.08862
1.07523
1.06192
1.05083
1.04339
1.04014
1.04082
1.04467
1.05083
1.05857
1.06719
1.07591
1.08384
1.09011
1.09422
1.09627
1.09685
1.09671
1.09635
1.09595
1.09568
1.09597
1.09732
1.10001
1.10429
1.1111
1.12196
1.13741
1.15575
1.17382
1.1889
1.19944
1.20469
1.2039
1.19606
1.18028
1.15658
1.12673
1.0943
1.06397
1.04005
1.02513
1.01968
1.02269
1.03243
1.04698
1.06433
1.08235
1.09905
1.11277
1.12252
1.12785
1.12873
1.12535
1.11794
1.10687
1.0928
1.0768
1.06022
1.04457
1.03124
1.02142
1.0159
1.01491
1.01796
1.02399
1.03163
1.03958
1.0468
1.05261
1.05663
1.05878
1.05922
1.05835
1.05662
1.05441
1.05199
1.04955
1.04733
1.04558
1.04456
1.04445
1.04516
1.04626
1.0469
1.04602
1.04268
1.03641
1.02741
1.01646
1.00484
0.994261
0.986596
0.983382
0.985487
0.993027
1.0054
1.02124
1.03837
1.05406
1.06547
1.07029
1.06746
1.05768
1.04375
1.02981
1.01958
1.01447
1.01337
1.01396
1.0142
1.01312
1.01074
1.00786
1.00556
1.00478
1.00613
1.00973
1.01527
1.02204
1.02903
1.03511
1.03927
1.04085
1.03964
1.03584
1.02995
1.02267
1.01488
1.00768
1.00237
1.00032
1.00266
1.00991
1.02166
1.03664
1.053
1.06894
1.08298
1.09401
1.10101
1.10298
1.09908
1.08905
1.07352
1.05417
1.03367
1.01532
1.00244
0.997428
1.00098
1.01161
1.02595
1.03968
1.0489
1.0512
1.04633
1.03599
1.02308
1.01048
1.00019
0.993065
0.988963
0.98726
0.987166
0.987941
0.989092
0.990395
0.991855
0.993685
0.996522
1.00152
1.00989
1.0221
1.03733
1.05363
1.06832
1.07851
1.08159
1.07583
1.06089
1.03823
1.01087
0.982713
0.957368
0.937114
0.922696
0.913914
0.910345
0.911695
0.917569
0.927165
0.939149
0.951919
0.964082
0.974794
0.98384
0.991464
0.99816
1.00466
1.01212
1.02212
1.03613
1.05467
1.07683
1.1006
1.12373
1.14425
1.16044
1.17085
1.17456
1.17168
1.16362
1.15291
1.14248
1.1347
1.13065
1.13005
1.1316
1.13356
1.13416
1.13186
1.12566
1.1155
1.10247
1.08886
1.07761
1.07107
1.06984
1.07263
1.07711
1.08108
1.08293
1.08161
1.0764
1.06707
1.05388
1.03768
1.01974
1.00156
0.984635
0.970372
0.959963
0.954317
0.95394
0.95884
0.968522
0.982051
0.998178
1.01545
1.03237
1.04755
1.05986
1.06854
1.07332
1.07434
1.07213
1.06738
1.06091
1.05349
1.04561
1.03736
1.02845
1.01852
1.00754
0.995961
0.984838
0.975649
0.970029
0.969465
0.974892
0.986434
1.0033
1.02382
1.04566
1.06619
1.08302
1.0945
1.09986
1.09924
1.0935
1.08399
1.07237
1.06044
1.04988
1.0421
1.03791
1.03727
1.03922
1.04214
1.04415
1.04359
1.03946
1.03172
1.02143
1.01056
1.00141
0.995736
0.993977
0.995253
0.997923
1.00039
1.00141
1.00021
0.996699
0.991365
0.985288
0.979866
0.976567
0.976459
0.979831
0.98602
0.993641
1.0012
1.00784
1.01369
1.01965
1.02666
1.03501
1.04419
1.05334
1.0617
1.06876
1.07412
1.07734
1.07805
1.07631
1.07267
1.0679
1.06257
1.05691
1.05116
1.04586
1.04203
1.04083
1.04299
1.04851
1.05651
1.06529
1.07288
1.07753
1.07841
1.07597
1.07195
1.06869
1.06805
1.07037
1.07422
1.07701
1.07618
1.07016
1.05858
1.04216
1.02239
1.00149
0.982363
0.96811
0.960952
0.961347
0.968277
0.980209
0.995728
1.01352
1.03223
1.05042
1.06672
1.07993
1.08931
1.09475
1.0969
1.09705
1.09676
1.09722
1.09862
1.10007
1.10024
1.09831
1.09435
1.08931
1.08462
1.08201
1.08328
1.08967
1.10097
1.11529
1.12976
1.14195
1.1508
1.15658
1.16023
1.16257
1.16391
1.16423
1.1637
1.16303
1.16327
1.16516
1.16851
1.17211
1.17425
1.17347
1.16887
1.16036
1.14855
1.1345
1.1193
1.10355
1.08714
1.06934
1.04932
1.027
1.00364
0.981864
0.964833
0.954979
0.953097
0.958402
0.969222
0.983627
0.99973
1.01573
1.03008
1.04168
1.05013
1.05575
1.0595
1.06278
1.06718
1.0739
1.08311
1.09354
1.10289
1.10881
1.1096
1.10447
1.0936
1.0781
1.05989
1.04128
1.02438
1.01059
1.00035
0.993161
0.987997
0.983899
0.980516
0.978216
0.977716
0.979635
0.984096
0.990659
0.998413
1.00618
1.01272
1.0169
1.01772
1.01464
1.00779
0.998221
0.987746
0.978548
0.972673
0.971549
0.975685
0.984639
0.997313
1.0123
1.0282
1.04373
1.05771
1.06924
1.07799
1.08431
1.08882
1.09179
1.09273
1.09066
1.08492
1.07585
1.06524
1.05614
1.0519
1.05439
1.06297
1.07493
1.08718
1.09761
1.10552
1.11123
1.11535
1.11815
1.11943
1.11881
1.11626
1.11249
1.10901
1.10769
1.11002
1.11641
1.12593
1.13664
1.14634
1.15319
1.15614
1.1549
1.1499
1.14221
1.13337
1.12512
1.11886
1.11514
1.1136
1.11333
1.11344
1.11358
1.11377
1.11395
1.1135
1.11123
1.10578
1.09612
1.08195
1.06405
1.04444
1.0261
1.01217
1.00481
1.00436
1.00942
1.01762
1.02658
1.03445
1.04019
1.04347
1.04469
1.0449
1.0454
1.04708
1.0499
1.05266
1.05346
1.05053
1.04296
1.03113
1.01666
1.00191
0.989283
0.980746
0.977387
0.979422
0.986384
0.997344
1.01114
1.02658
1.04261
1.05839
1.07333
1.08688
1.09824
1.1063
1.10987
1.10822
1.10142
1.0906
1.07757
1.06451
1.0535
1.04627
1.04388
1.04637
1.05255
1.0602
1.06679
1.07029
1.06972
1.06532
1.05815
1.04959
1.04094
1.03328
1.02759
1.02469
1.02503
1.02854
1.03488
1.04366
1.05446
1.06662
1.07909
1.09073
1.10073
1.10865
1.11431
1.11759
1.11853
1.11749
1.11512
1.11201
1.10837
1.10386
1.09792
1.09026
1.08104
1.07085
1.06051
1.05093
1.04308
1.03791
1.03596
1.03707
1.04039
1.04465
1.0485
1.05082
1.05078
1.04801
1.04275
1.03596
1.02915
1.02382
1.02078
1.01995
1.02083
1.02322
1.02719
1.0327
1.03913
1.04534
1.05008
1.05259
1.05288
1.05189
1.05106
1.05169
1.05432
1.05853
1.0633
1.06762
1.07081
1.0727
1.07354
1.07385
1.07406
1.07438
1.07477
1.07506
1.07503
1.07454
1.07366
1.07268
1.07199
1.07174
1.0716
1.07067
1.06776
1.06194
1.05293
1.04142
1.02897
1.01768
1.0097
1.0066
1.00893
1.01587
1.02546
1.03534
1.04365
1.0493
1.05199
1.05221
1.05142
1.05189
1.05606
1.06531
1.07914
1.09523
1.11047
1.12225
1.12921
1.13137
1.12984
1.12621
1.1219
1.11763
1.11326
1.10796
1.10057
1.08993
1.07532
1.05689
1.03595
1.01506
0.997454
0.986112
0.982689
0.986946
0.99698
1.01006
1.02356
1.03562
1.0452
1.05179
1.0551
1.05501
1.05182
1.04636
1.03981
1.0333
1.02756
1.02284
1.019
1.01573
1.01251
1.00876
1.00401
0.997984
0.990674
0.982297
0.973225
0.963988
0.95525
0.94794
0.943332
0.942839
0.947443
0.957016
0.970173
0.984826
0.998941
1.01103
1.02036
1.02684
1.03082
1.03274
1.03277
1.03072
1.02615
1.01875
1.00876
0.997222
0.986055
0.977629
0.974008
0.975948
0.982537
0.991766
1.00158
1.01065
1.01848
1.02508
1.03034
1.0338
1.03478
1.03293
1.02878
1.02398
1.02094
1.02161
1.02616
1.033
1.04003
1.0458
1.04985
1.05244
1.05421
1.05597
1.05838
1.06172
1.06553
1.06875
1.07006
1.06863
1.06472
1.05968
1.0556
1.05428
1.05667
1.0626
1.07121
1.0815
1.09262
1.10377
1.11408
1.12265
1.12864
1.13152
1.1309
1.12674
1.11945
1.11018
1.10062
1.09226
1.08567
1.08031
1.07513
1.06933
1.06274
1.056
1.05037
1.04737
1.04826
1.05314
1.0605
1.06761
1.0717
1.07108
1.06562
1.05655
1.04629
1.03805
1.03496
1.03896
1.05005
1.06654
1.08586
1.10532
1.12247
1.13535
1.14258
1.14355
1.13853
1.12876
1.1162
1.10293
1.09039
1.07899
1.06828
1.05781
1.04773
1.03892
1.03263
1.02996
1.03149
1.03707
1.0458
1.05611
1.06587
1.07277
1.07471
1.0704
1.05987
1.04487
1.02861
1.01467
1.00549
1.00126
1.00025
1.00002
0.9987
0.995534
0.990906
0.985921
0.981839
0.979565
0.979299
0.980545
0.982424
0.984166
0.985621
0.987472
0.991005
0.997533
1.00781
1.02166
1.03793
1.05494
1.07086
1.08422
1.09406
1.10007
1.10243
1.1017
1.09872
1.09437
1.08941
1.08438
1.0795
1.07467
1.06947
1.06322
1.05499
1.04374
1.02853
1.00885
0.985025
0.958473
0.931847
0.908604
0.892075
0.884293
0.885308
0.893517
0.906926
0.924217
0.944893
0.968343
0.992758
1.01518
1.03253
1.04288
1.04606
1.04333
1.03665
1.028
1.01908
1.01112
1.00464
0.999641
0.995958
0.993747
0.993568
0.995945
1.00084
1.00723
1.01315
1.01618
1.01423
1.00652
0.994797
0.983941
0.980063
0.986234
1.00006
1.01623
1.03055
1.04124
1.04832
1.0527
1.05548
1.05743
1.05874
1.05889
1.05704
1.05274
1.04681
1.04159
1.0396
1.0415
1.04574
1.05003
1.05301
1.05461
1.05563
1.05706
1.05948
1.0627
1.06597
1.06885
1.07214
1.07767
1.08625
1.09625
1.10464
1.10935
1.11031
1.10894
1.10707
1.10628
1.1075
1.1108
1.11546
1.12028
1.12396
1.1254
1.12368
1.11788
1.10706
1.09045
1.06785
1.04016
1.00959
0.979442
0.953219
0.933875
0.923367
0.922518
0.930886
0.94669
0.967025
0.988596
1.00841
1.02427
1.03489
1.03989
1.03965
1.03519
1.02798
1.01966
1.01168
1.00503
1.00001
0.996344
0.993409
0.990705
0.988317
0.987283
0.989342
0.99583
1.00641
1.01905
1.03118
1.04085
1.04716
1.05006
1.05017
1.04856
1.04641
1.04471
1.04385
1.04345
1.04267
1.04054
1.03645
1.03038
1.02297
1.01542
1.00922
1.00588
1.00638
1.01073
1.01787
1.02605
1.03351
1.03905
1.04214
1.04276
1.04127
1.03855
1.03599
1.03513
1.03709
1.04232
1.05052
1.06059
1.07042
1.07728
1.07883
1.07404
1.06354
1.04926
1.03387
1.02033
1.01148
1.0096
1.01573
1.02922
1.04788
1.06882
1.08935
1.10754
1.12226
1.13302
1.13959
1.14168
1.13862
1.1294
1.11286
1.08888
1.06
1.03249
1.01397
1.00789
1.01147
1.0196
1.02888
1.03797
1.04631
1.05322
1.05778
1.05931
1.05785
1.0544
1.0507
1.04869
1.04974
1.05411
1.0609
1.06847
1.07518
1.08012
1.08338
1.08588
1.08882
1.09309
1.09882
1.10543
1.11197
1.11762
1.12199
1.12509
1.12708
1.12812
1.12842
1.12865
1.12998
1.13361
1.1399
1.14789
1.1556
1.16091
1.16218
1.15847
1.14943
1.1353
1.11694
1.09596
1.07487
1.05672
1.04406
1.03788
1.03725
1.04017
1.04472
1.04958
1.05406
1.05793
1.06112
1.0636
1.06542
1.06664
1.06746
1.06812
1.06887
1.06972
1.07038
1.0703
1.06892
1.06602
1.06198
1.05784
1.05515
1.0554
1.05931
1.06634
1.07476
1.08222
1.08641
1.0857
1.07958
1.06882
1.05527
1.04129
1.02915
1.02039
1.01586
1.01621
1.02212
1.03396
1.05109
1.07153
1.09234
1.11037
1.12291
1.12809
1.12518
1.11463
1.0979
1.07701
1.05377
1.02953
1.00522
0.982081
0.961869
0.946754
0.938812
0.939689
0.950428
0.971083
0.999887
1.03284
1.06477
1.09114
1.10917
1.11786
1.1174
1.10884
1.09377
1.07464
1.05481
1.03827
1.02879
1.0286
1.03747
1.05278
1.07065
1.08732
1.10007
1.10732
1.10832
1.10269
1.09013
1.07055
1.04482
1.01573
0.988359
0.9687
0.96078
0.964406
0.975685
0.989732
1.00289
1.01324
1.02009
1.0236
1.02487
1.02588
1.02865
1.03366
1.03918
1.0425
1.04245
1.04114
1.04325
1.05215
1.06683
1.0831
1.09729
1.10815
1.11606
1.12158
1.1248
1.12547
1.12344
1.11881
1.11213
1.10439
1.09671
1.08993
1.08423
1.07922
1.07433
1.06917
1.06351
1.0573
1.05047
1.04296
1.03479
1.02636
1.01894
1.01474
1.01598
1.02297
1.03339
1.04374
1.05117
1.05438
1.05347
1.04959
1.04452
1.04029
1.03876
1.0411
1.04746
1.05684
1.0673
1.07638
1.08172
1.08169
1.07599
1.06588
1.05411
1.04423
1.03949
1.04171
1.0507
1.06458
1.0806
1.09588
1.10791
1.11473
1.11506
1.10838
1.0948
1.07506
1.0507
1.02422
0.999041
0.979108
0.967765
0.966447
0.974061
0.987537
1.00309
1.01741
1.02823
1.03447
1.036
1.03317
1.02654
1.01673
1.00457
0.991262
0.978271
0.967098
0.95891
0.954277
0.953169
0.955175
0.959734
0.966404
0.974847
0.984641
0.995144
1.00542
1.01439
1.02113
1.02531
1.02736
1.02841
1.02973
1.03211
1.03556
1.03938
1.04265
1.04472
1.04555
1.0458
1.04649
1.0485
1.05212
1.05706
1.06271
1.06844
1.0737
1.07806
1.08098
1.08178
1.07975
1.07433
1.06544
1.05388
1.04131
1.02984
1.02129
1.0166
1.01575
1.01821
1.02327
1.03014
1.03798
1.04587
1.053
1.05883
1.06312
1.06585
1.06704
1.06671
1.06494
1.06192
1.05805
1.05383
1.04967
1.04564
1.04125
1.03563
1.02794
1.01785
1.00586
0.993188
0.9813
0.971339
0.963667
0.957935
0.953758
0.951308
0.951421
0.955081
0.962657
0.973575
0.986691
1.00101
1.01618
1.03243
1.05004
1.06878
1.08763
1.10496
1.11904
1.12853
1.13285
1.13213
1.12695
1.11802
1.10598
1.09148
1.07536
1.0587
1.0425
1.02741
1.01369
1.00158
0.991802
0.985637
0.984409
0.988645
0.997671
1.00985
1.02329
1.03647
1.04853
1.05926
1.0688
1.07727
1.08457
1.09017
1.09325
1.09292
1.08861
1.08032
1.06872
1.05516
1.04149
1.02962
1.021
1.01614
1.01459
1.01524
1.0168
1.01818
1.01861
1.01783
1.01609
1.01426
1.01358
1.01518
1.01959
1.0265
1.03489
1.04328
1.05009
1.05404
1.05462
1.05224
1.04824
1.04446
1.04273
1.04413
1.04862
1.05501
1.06137
1.06559
1.06612
1.06232
1.05471
1.04471
1.03407
1.02422
1.01589
1.00926
1.00431
1.00119
1.00011
1.00111
1.00394
1.00814
1.01323
1.01877
1.02442
1.02991
1.03505
1.03981
1.04414
1.04783
1.05039
1.05106
1.04924
1.04493
1.03921
1.03411
1.03182
1.0336
1.03906
1.0464
1.05352
1.05902
1.06268
1.06522
1.06781
1.07142
1.07658
1.08329
1.09118
1.09964
1.10791
1.11515
1.12039
1.12264
1.12125
1.11629
1.10896
1.10122
1.09457
1.08883
1.08255
1.07442
1.0646
1.05492
1.04819
1.04675
1.05113
1.05946
1.06852
1.07523
1.07779
1.07596
1.07087
1.06447
1.05894
1.05593
1.05607
1.05858
1.06165
1.06307
1.06139
1.05671
1.0508
1.04607
1.04379
1.04332
1.04284
1.04091
1.03731
1.0328
1.02843
1.0249
1.02243
1.02103
1.02072
1.02158
1.02363
1.02677
1.03076
1.03532
1.0402
1.04529
1.0507
1.05671
1.06367
1.07185
1.08124
1.09137
1.10135
1.11006
1.11645
1.11993
1.12052
1.1189
1.11614
1.11341
1.11159
1.11115
1.11193
1.11329
1.11425
1.11395
1.11214
1.10946
1.10716
1.10605
1.10572
1.10463
1.1012
1.09459
1.08486
1.0726
1.0585
1.04323
1.02741
1.01158
0.996491
0.983252
0.973201
0.967509
0.966843
0.971221
0.979993
0.991893
1.00512
1.01758
1.02744
1.03368
1.0364
1.03659
1.03555
1.03417
1.03284
1.03164
1.0306
1.02959
1.02816
1.02583
1.02261
1.01926
1.01701
1.01696
1.01951
1.02427
1.03026
1.03652
1.04242
1.04783
1.05301
1.05839
1.06442
1.07144
1.07924
1.08679
1.09254
1.09515
1.09412
1.08973
1.08258
1.07305
1.06107
1.04623
1.02856
1.00959
0.992796
0.982017
0.978355
0.979318
0.98154
0.98388
0.987914
0.99623
1.01012
1.02837
1.04785
1.06517
1.07777
1.08419
1.08383
1.07681
1.06412
1.0476
1.02981
1.01345
1.00061
0.99232
0.988364
0.987738
0.989289
0.992284
0.996604
1.00249
1.01017
1.01952
1.03003
1.04095
1.05148
1.061
1.06915
1.0759
1.0815
1.08616
1.08981
1.09182
1.09124
1.08717
1.07936
1.06855
1.05651
1.0458
1.03907
1.03842
1.04454
1.05641
1.07161
1.08729
1.10105
1.11155
1.11835
1.12161
1.12167
1.11893
1.1139
1.10731
1.09996
1.09248
1.08519
1.07833
1.07233
1.06778
1.06523
1.06487
1.06638
1.06892
1.07133
1.07236
1.07106
1.06704
1.06069
1.05313
1.04599
1.04101
1.03965
1.04276
1.05031
1.06154
1.07514
1.08963
1.10368
1.11625
1.1267
1.13475
1.14036
1.14382
1.14561
1.14621
1.14598
1.14517
1.14397
1.14286
1.14255
1.1437
1.14655
1.15054
1.15437
1.15648
1.15553
1.15087
1.14283
1.13275
1.12278
1.11542
1.11272
1.1155
1.12294
1.13273
1.14206
1.14854
1.15093
1.1492
1.14433
1.13787
1.13156
1.12708
1.12557
1.12728
1.13117
1.13514
1.13673
1.13402
1.12629
1.11404
1.09876
1.08234
1.0667
1.05356
1.04407
1.03853
1.03629
1.03589
1.03568
1.03444
1.03172
1.02772
1.02285
1.01742
1.01179
1.0068
1.00393
1.00491
1.01079
1.02114
1.03438
1.04836
1.06096
1.07033
1.07509
1.0748
1.07025
1.06309
1.05524
1.0484
1.04374
1.04171
1.04201
1.04368
1.04536
1.0457
1.04379
1.03918
1.03165
1.021
1.00703
0.989968
0.970824
0.951541
0.934905
0.924046
0.921723
0.929393
0.946448
0.970195
0.996717
1.02224
1.04422
1.06159
1.07418
1.08203
1.0849
1.08241
1.07453
1.06204
1.04675
1.03122
1.01825
1.01016
1.00825
1.01248
1.02167
1.03377
1.04645
1.05747
1.06509
1.06837
1.06721
1.06237
1.05507
1.04672
1.03851
1.03135
1.02585
1.02254
1.022
1.02468
1.03041
1.03784
1.04457
1.04833
1.04817
1.04497
1.04089
1.03837
1.03945
1.04529
1.05614
1.07126
1.08906
1.10723
1.1232
1.13458
1.13971
1.13795
1.12993
1.11748
1.10334
1.09068
1.08233
1.07985
1.08299
1.08974
1.09717
1.10242
1.1034
1.09897
1.08891
1.07375
1.05466
1.03321
1.01124
0.990639
0.97309
0.959854
0.951631
0.948673
0.950961
0.958231
0.969801
0.984432
1.0004
1.01591
1.02982
1.04205
1.05346
1.06497
1.07673
1.08784
1.09695
1.10294
1.10532
1.10418
1.09978
1.09236
1.08209
1.06947
1.05563
1.04212
1.03016
1.01999
1.01123
1.00379
0.998391
0.996145
0.997715
1.00277
1.01
1.01763
1.02404
1.02827
1.03019
1.0303
1.02924
1.02736
1.02459
1.02068
1.01554
1.00933
1.00242
0.995446
0.989301
0.984981
0.983256
0.984436
0.988453
0.995229
1.00485
1.01744
1.03295
1.05104
1.07122
1.09284
1.11486
1.1358
1.15389
1.16746
1.17531
1.17699
1.17274
1.16341
1.15015
1.13431
1.11728
1.10048
1.08538
1.07345
1.06587
1.0632
1.06507
1.0701
1.07628
1.08137
1.08358
1.08196
1.07671
1.06915
1.06128
1.05506
1.05144
1.05006
1.04948
1.04806
1.04474
1.03947
1.03307
1.02671
1.02138
1.01759
1.01526
1.01403
1.01346
1.01331
1.01361
1.01465
1.01679
1.02022
1.02491
1.03049
1.03661
1.04317
1.05057
1.0592
1.06891
1.07869
1.08705
1.09278
1.09541
1.0952
1.09257
1.08769
1.08031
1.0701
1.05718
1.04255
1.02799
1.01556
1.0073
1.00487
1.00866
1.01732
1.02878
1.04177
1.05601
1.07132
1.08689
1.10149
1.11385
1.12271
1.12683
1.12508
1.117
1.10329
1.08596
1.06786
1.05177
1.03964
1.03236
1.02982
1.03137
1.0363
1.04402
1.05385
1.06488
1.07595
1.08585
1.09331
1.09721
1.09667
1.09132
1.08141
1.06776
1.05149
1.03383
1.01609
1.00021
0.988928
0.984988
0.989237
0.999292
1.01038
1.01757
1.01757
1.00925
0.993543
0.973176
0.95232
0.93578
0.92761
0.929875
0.942359
0.963136
0.98925
1.01723
1.04334
1.06401
1.07685
1.08173
1.08076
1.07748
1.07524
1.07571
1.07843
1.08178
1.08432
1.08557
1.08589
1.08595
1.08635
1.08738
1.089
1.09091
1.09244
1.09263
1.09028
1.08421
1.07374
1.05915
1.0421
1.0258
1.01451
1.01193
1.01899
1.03319
1.0501
1.06573
1.07747
1.08396
1.08473
1.08008
1.07104
1.05932
1.04695
1.03578
1.02687
1.02028
1.01525
1.01074
1.00595
1.0006
0.995023
0.989966
0.98609
0.983545
0.981719
0.979484
0.97579
0.970253
0.963529
0.95733
0.954014
0.955427
0.961638
0.970845
0.980677
0.989442
0.996268
1.00065
1.00223
1.00104
0.997794
0.993882
0.991012
0.990479
0.992649
0.996829
1.00168
1.00576
1.00801
1.00794
1.00595
1.00363
1.00368
1.00914
1.02175
1.04062
1.06261
1.08396
1.10167
1.11393
1.11991
1.11951
1.11322
1.10214
1.08791
1.0725
1.058
1.04626
1.03859
1.03553
1.03673
1.04088
1.04589
1.04932
1.04915
1.0444
1.03529
1.02295
1.00895
0.99499
0.98296
0.975
0.973305
0.979336
0.992932
1.01202
1.03344
1.05426
1.0726
1.08756
1.09861
1.10536
1.10768
1.10606
1.10146
1.09498
1.08747
1.07937
1.07068
1.06144
1.05209
1.04363
1.03713
1.03299
1.03072
1.02946
1.02879
1.02915
1.03143
1.0364
1.04412
1.05372
1.06343
1.07101
1.07421
1.07152
1.06238
1.0474
1.02812
1.00689
0.986533
0.969959
0.959612
0.957014
0.962465
0.974982
0.992458
1.012
1.03021
1.04386
1.05058
1.04975
1.0429
1.03357
1.02632
1.02514
1.03182
1.04523
1.06193
1.07779
1.08937
1.0948
1.09387
1.08758
1.07765
1.06602
1.05437
1.04391
1.03545
1.02957
1.02686
1.02802
1.03353
1.04344
1.05713
1.07339
1.0906
1.10711
1.12147
1.13249
1.13935
1.14154
1.13893
1.13177
1.12082
1.10733
1.09296
1.07936
1.06753
1.05734
1.04771
1.03747
1.02651
1.01621
1.00892
1.00648
1.00911
1.01538
1.02299
1.02997
1.03533
1.03914
1.04208
1.04498
1.04838
1.0524
1.05678
1.06113
1.06534
1.06974
1.07503
1.08186
1.0904
1.10001
1.10934
1.11673
1.12074
1.12047
1.11542
1.10541
1.09052
1.07135
1.04936
1.02707
1.00768
0.994112
0.987775
0.988153
0.993335
1.00115
1.01002
1.01925
1.02884
1.03894
1.04942
1.05962
1.0685
1.07505
1.07875
1.07974
1.07872
1.0764
1.07315
1.06893
1.0636
1.05728
1.05038
1.04334
1.03638
1.02943
1.02238
1.01534
1.00888
1.00427
1.00346
1.00866
1.02121
1.04061
1.06456
1.0901
1.11464
1.13641
1.1544
1.16835
1.17864
1.18601
1.19116
1.19442
1.19566
1.19426
1.18933
1.18009
1.16618
1.14793
1.1264
1.10312
1.07989
1.0584
1.03996
1.02535
1.01482
1.00824
1.00534
1.00585
1.00936
1.01515
1.02216
1.02928
1.03546
1.03988
1.04208
1.04206
1.04037
1.03783
1.0352
1.03303
1.03155
1.03081
1.0308
1.03127
1.0318
1.03175
1.03047
1.02757
1.02309
1.0176
1.01211
1.00777
1.00539
1.00514
1.00639
1.00795
1.00857
1.00737
1.00392
0.998203
0.990382
0.980718
0.969744
0.958802
0.950489
0.948277
0.954857
0.970553
0.993183
1.01937
1.04577
1.06955
1.08825
1.09991
1.10328
1.09816
1.08538
1.0666
1.04395
1.01959
0.995401
0.972788
0.952744
0.936068
0.923723
0.917002
0.917255
0.924996
0.939118
0.957025
0.975917
0.99413
1.01108
1.02617
1.03811
1.04552
1.04795
1.04616
1.04169
1.03636
1.03178
1.02905
1.02857
1.02988
1.03184
1.03308
1.03255
1.02989
1.02551
1.02044
1.01605
1.01364
1.01405
1.01741
1.02303
1.02966
1.03594
1.04097
1.04454
1.04702
1.04891
1.05046
1.05143
1.05108
1.04834
1.04199
1.03107
1.01513
0.99448
0.970353
0.94509
0.922293
0.906548
0.902229
0.911674
0.933895
0.964801
0.998855
1.03097
1.05762
1.07699
1.0886
1.09283
1.09061
1.08312
1.0717
1.05777
1.04282
1.02845
1.01627
1.00767
1.00356
1.00407
1.0086
1.01605
1.02506
1.03411
1.04172
1.04668
1.0484
1.04715
1.04408
1.04083
1.03883
1.0388
1.04067
1.04403
1.04854
1.05409
1.06058
1.06781
1.0754
1.083
1.0904
1.09736
1.10335
1.10747
1.10876
1.10661
1.10085
1.09163
1.07921
1.06408
1.04726
1.03028
1.01497
1.00299
0.995455
0.992798
0.994918
1.00137
1.01156
1.02475
1.03999
1.05615
1.07214
1.08711
1.1006
1.11248
1.12287
1.13192
1.13965
1.14597
1.15056
1.15301
1.15277
1.14935
1.14251
1.13246
1.12008
1.10688
1.09469
1.085
1.07837
1.07439
1.07228
1.07138
1.07143
1.07246
1.0746
1.07786
1.08194
1.08598
1.08866
1.08843
1.08375
1.07335
1.05662
1.03397
1.00746
0.981205
0.960606
0.949998
0.950015
0.957224
0.966406
0.973313
0.976085
0.975377
0.973945
0.975496
0.982946
0.996996
1.01596
1.0368
1.05647
1.07285
1.08502
1.0929
1.09681
1.09719
1.09447
1.08909
1.08153
1.0724
1.06241
1.05234
1.04297
1.03527
1.0304
1.02965
1.03412
1.04419
1.05889
1.07584
1.09199
1.10465
1.11223
1.11435
1.11138
1.10405
1.09328
1.08019
1.06608
1.05223
1.03954
1.02824
1.01804
1.00844
0.999246
0.990776
0.983886
0.979735
0.97937
0.983363
0.991597
1.00334
1.01739
1.03226
1.04629
1.05789
1.06595
1.07024
1.07157
1.0714
1.07119
1.07161
1.07234
1.07242
1.07092
1.06763
1.06333
1.05961
1.05824
1.06034
1.06578
1.07316
1.08051
1.08602
1.08863
1.0882
1.08543
1.08162
1.07835
1.07698
1.07806
1.08098
1.08421
1.08596
1.08501
1.08108
1.07488
1.06793
1.06207
1.05898
1.05954
1.06359
1.07011
1.07783
1.08566
1.09295
1.09928
1.1042
1.10707
1.10697
1.10309
1.09554
1.08601
1.07763
1.07369
1.07592
1.0837
1.09481
1.1068
1.11778
1.12656
1.13239
1.13468
1.13297
1.12687
1.11628
1.10155
1.08368
1.06416
1.04454
1.02586
1.00847
0.992843
0.980935
0.97613
0.98023
0.990566
1.00165
1.00932
1.01269
1.01323
1.01314
1.01425
1.01777
1.02431
1.03391
1.04584
1.05852
1.06972
1.07714
1.07911
1.07528
1.06699
1.05697
1.04818
1.04231
1.03911
1.03708
1.03459
1.0307
1.02504
1.01764
1.00882
0.999524
0.991252
0.98576
0.984373
0.987394
0.993866
1.00183
1.00904
1.01365
1.01481
1.01289
1.00951
1.00721
1.0087
1.01576
1.02841
1.04498
1.06307
1.08061
1.09632
1.10956
1.11982
1.12646
1.12865
1.12554
1.11643
1.10132
1.08147
1.05976
1.04023
1.02651
1.02035
1.02139
1.02811
1.03875
1.05135
1.06362
1.07305
1.07759
1.07639
1.07008
1.06054
1.05029
1.04201
1.03816
1.04035
1.04877
1.06237
1.07947
1.09816
1.11628
1.13132
1.14079
1.143
1.13758
1.12558
1.1091
1.09079
1.0734
1.05969
1.05205
1.05188
1.05876
1.07042
1.08367
1.09577
1.10509
1.111
1.11341
1.11233
1.10761
1.09894
1.08598
1.06881
1.0482
1.0258
1.00432
0.987444
0.97936
0.983467
1.00022
1.02616
1.05564
1.08348
1.10632
1.12237
1.13078
1.13138
1.12464
1.11185
1.09518
1.07741
1.06147
1.04966
1.043
1.04116
1.04282
1.04651
1.05115
1.05616
1.06114
1.06558
1.06885
1.07065
1.07119
1.07108
1.07059
1.06921
1.06602
1.06044
1.05271
1.0438
1.03508
1.02771
1.02242
1.01929
1.01782
1.01717
1.01657
1.01551
1.01391
1.01213
1.01071
1.01017
1.01083
1.01268
1.01535
1.01827
1.02099
1.02346
1.02609
1.02954
1.03421
1.03987
1.04563
1.0507
1.05517
1.05998
1.06609
1.0736
1.0816
1.08875
1.0939
1.09651
1.09663
1.09466
1.09104
1.08594
1.07912
1.0701
1.05836
1.04382
1.02697
1.00899
0.991515
0.976305
0.964893
0.958304
0.956826
0.959851
0.965884
0.972924
0.97916
0.983712
0.987108
0.991067
0.997596
1.00783
1.02141
1.0367
1.05147
1.06367
1.07215
1.07694
1.07895
1.07904
1.07731
1.07311
1.06593
1.05615
1.04496
1.03386
1.02406
1.01625
1.01065
1.00709
1.00504
1.00371
1.00248
1.00137
1.00111
1.0027
1.00666
1.01249
1.01861
1.023
1.02409
1.02162
1.01662
1.01054
1.00442
0.998989
0.995013
0.993242
0.994236
0.998303
1.00546
1.01529
1.02675
1.03832
1.04856
1.05642
1.06166
1.06464
1.06594
1.06598
1.06481
1.06231
1.05837
1.05302
1.04628
1.03821
1.02898
1.01908
1.00972
1.00274
1.00017
1.00317
1.01119
1.02198
1.03272
1.04128
1.04682
1.04974
1.05134
1.05338
1.05745
1.06432
1.07359
1.084
1.09397
1.1022
1.10782
1.1104
1.10988
1.10656
1.10097
1.09375
1.08549
1.07676
1.06801
1.05982
1.05287
1.04798
1.04595
1.04721
1.05151
1.05782
1.06454
1.07008
1.07355
1.075
1.07534
1.07581
1.07733
1.0802
1.08429
1.08918
1.09454
1.10004
1.10525
1.10956
1.11232
1.11299
1.11132
1.10721
1.10075
1.09233
1.08291
1.07391
1.06688
1.06292
1.06234
1.06475
1.06939
1.07544
1.08215
1.08879
1.0946
1.09885
1.10095
1.10062
1.09791
1.09311
1.08654
1.07851
1.06933
1.05943
1.0495
1.04025
1.03231
1.02611
1.02205
1.02086
1.02377
1.03209
1.04659
1.06674
1.09057
1.11517
1.13744
1.15478
1.16556
1.16937
1.16696
1.16004
1.15078
1.14132
1.13339
1.12798
1.12514
1.12387
1.12245
1.11887
1.11145
1.09914
1.08194
1.06102
1.03884
1.01888
1.00484
0.999458
1.00343
1.01512
1.03125
1.04815
1.06285
1.07345
1.07907
1.0796
1.07557
1.06817
1.05912
1.05036
1.04344
1.03903
1.03663
1.03493
1.03253
1.02871
1.02402
1.02027
1.01988
1.02481
1.03564
1.05124
1.06922
1.08691
1.1022
1.11395
1.12203
1.12696
1.12949
1.13023
1.12942
1.12691
1.12227
1.11511
1.10517
1.09258
1.07802
1.06286
1.04895
1.03809
1.03125
1.0281
1.02714
1.02632
1.02379
1.01877
1.01198
1.00563
1.002
1.00162
1.00274
1.00284
1.00042
0.995507
0.989263
0.983484
0.980126
0.98087
0.986609
0.997179
1.01136
1.02713
1.04217
1.05446
1.06256
1.06581
1.0643
1.05872
1.05023
1.04022
1.03011
1.02107
1.01385
1.00877
1.00586
1.00523
1.00722
1.01244
1.02131
1.03355
1.04796
1.06276
1.076
1.08604
1.0918
1.09275
1.08893
1.08083
1.06948
1.05647
1.0437
1.03271
1.02403
1.0171
1.01122
1.00693
1.00595
1.00978
1.01795
1.02774
1.0357
1.03935
1.03763
1.03074
1.01983
1.00693
0.994572
0.984898
0.978936
0.976622
0.977266
0.979923
0.983634
0.987751
0.992333
0.998216
1.00658
1.01803
1.03185
1.04614
1.05862
1.06742
1.07145
1.07031
1.06414
1.05338
1.03858
1.0204
0.999769
0.978297
0.958905
0.946055
0.944283
0.954965
0.974491
0.996501
1.01568
1.0294
1.03743
1.04083
1.04126
1.0405
1.04022
1.04162
1.0452
1.05046
1.05605
1.06041
1.06221
1.06085
1.05633
1.04912
1.03989
1.02963
1.01971
1.01185
1.0076
1.00765
1.01142
1.01738
1.02368
1.02872
1.03144
1.03137
1.02864
1.02391
1.01828
1.01324
1.01027
1.01049
1.01423
1.02104
1.0299
1.03959
1.04881
1.05643
1.0614
1.06291
1.06052
1.05437
1.04515
1.03405
1.02254
1.01213
1.00423
0.999823
0.999073
1.00102
1.00387
1.00601
1.00674
1.0065
1.00638
1.00753
1.01065
1.01591
1.02294
1.03097
1.0389
1.0454
1.04922
1.04949
1.04597
1.03928
1.0309
1.02296
1.01761
1.01599
1.01781
1.02184
1.02687
1.03208
1.03683
1.0404
1.0419
1.04063
1.03642
1.02985
1.02211
1.0143
1.00703
1.00039
0.994719
0.991058
0.99069
0.994199
1.00096
1.00953
1.01864
1.02789
1.03757
1.04784
1.05804
1.06661
1.07174
1.07235
1.06867
1.06217
1.05481
1.04825
1.04331
1.03985
1.03695
1.03341
1.02824
1.02108
1.01238
1.00325
0.995459
0.991061
0.991906
0.998986
1.01195
1.02919
1.04833
1.06689
1.08272
1.09431
1.10093
1.10271
1.10056
1.09595
1.09038
1.08479
1.07906
1.07228
1.06334
1.05154
1.03698
1.02058
1.00367
0.98766
0.973771
0.962894
0.955523
0.951745
0.951446
0.954548
0.961143
0.971176
0.983959
0.997967
1.01124
1.02205
1.02941
1.03333
1.03464
1.03464
1.03437
1.03433
1.03461
1.03527
1.03667
1.03936
1.04386
1.05018
1.05745
1.06392
1.06746
1.06626
1.05948
1.04749
1.03173
1.01423
0.99708
0.981951
0.97014
0.962722
0.960578
0.964056
0.972568
0.984487
0.997568
1.00966
1.01948
1.02699
1.03325
1.03974
1.04742
1.05596
1.06393
1.06964
1.07197
1.07067
1.06632
1.06008
1.05351
1.04822
1.04553
1.04601
1.04938
1.05466
1.06061
1.06623
1.07105
1.07511
1.07869
1.08191
1.08442
1.08542
1.08424
1.08186
1.08194
1.08904
1.10388
1.12176
1.13628
1.14333
1.14149
1.13105
1.11328
1.09024
1.06452
1.03898
1.0163
0.998751
0.988135
0.985691
0.991778
1.00542
1.0242
1.04466
1.06313
1.07664
1.08361
1.08393
1.07877
1.07005
1.05994
1.05039
1.04281
1.03803
1.03639
1.03816
1.04373
1.05356
1.06757
1.08459
1.10239
1.11826
1.12949
1.13375
1.12941
1.11619
1.09584
1.07288
1.05435
1.04751
1.05588
1.07689
1.10373
1.12943
1.14935
1.16142
1.16528
1.16115
1.14921
1.12976
1.10384
1.07383
1.04354
1.01742
0.999111
0.990057
0.989388
0.994957
1.00434
1.01538
1.02639
1.03637
1.04501
1.05262
1.05994
1.06783
1.07708
1.08803
1.1002
1.11222
1.12199
1.12738
1.12687
1.12008
1.10792
1.09232
1.07578
1.06066
1.04851
1.03962
1.0332
1.02803
1.02338
1.01922
1.01608
1.01432
1.01365
1.013
1.01109
1.00705
1.00082
0.993134
0.985112
0.977763
0.971574
0.966417
0.961667
0.956367
0.9495
0.94046
0.92969
0.919129
0.911974
0.911429
0.918967
0.9335
0.952185
0.972076
0.991307
1.00922
1.02572
1.04068
1.05353
1.0635
1.0701
1.07368
1.07535
1.07655
1.07823
1.08036
1.08208
1.08226
1.08021
1.07591
1.07009
1.06398
1.05903
1.05649
1.05706
1.06082
1.06724
1.07544
1.08436
1.09307
1.10095
1.10774
1.11344
1.11815
1.1219
1.12464
1.12614
1.12592
1.12338
1.11771
1.10821
1.09456
1.07718
1.0572
1.03645
1.01716
1.00164
0.991917
0.989382
0.994494
1.00651
1.02349
1.04264
1.06102
1.07642
1.08778
1.09515
1.09922
1.1007
1.09988
1.0965
1.09004
1.08015
1.06701
1.05148
1.03485
1.01858
1.00383
0.991285
0.98116
0.973376
0.967674
0.963658
0.960868
0.958912
0.95771
0.957739
0.96012
0.966146
0.976384
0.990121
1.00573
1.02163
1.03683
1.05077
1.06286
1.0722
1.07776
1.07879
1.0753
1.0682
1.05912
1.04992
1.04206
1.03639
1.03321
1.03261
1.03464
1.03944
1.04707
1.05738
1.06988
1.08366
1.09751
1.11027
1.12101
1.1293
1.13509
1.13865
1.14039
1.14072
1.13999
1.13846
1.13633
1.1339
1.13165
1.13015
1.13
1.13145
1.1342
1.13748
1.14049
1.1427
1.14414
1.14523
1.14651
1.14845
1.15113
1.15422
1.1571
1.1591
1.15977
1.15899
1.15698
1.15431
1.15176
1.15007
1.14956
1.14991
1.15009
1.14867
1.14422
1.1358
1.12331
1.10749
1.08999
1.07301
1.05867
1.0485
1.04307
1.04229
1.04578
1.05294
1.06267
1.07336
1.08326
1.091
1.09592
1.09803
1.09765
1.09513
1.09073
1.08438
1.07562
1.06367
1.04807
1.0294
1.00967
0.992226
0.980885
0.9786
0.986268
1.00243
1.02403
1.04777
1.07107
1.09245
1.11131
1.1275
1.1409
1.15126
1.15818
1.16127
1.16021
1.15488
1.14544
1.13242
1.11659
1.09899
1.08066
1.06257
1.04541
1.0298
1.01647
1.00655
1.00133
1.0016
1.00701
1.01615
1.02728
1.03915
1.05118
1.06307
1.07414
1.08322
1.08925
1.09197
1.09197
1.09035
1.08815
1.08602
1.08395
1.08146
1.07784
1.07253
1.06511
1.05531
1.04302
1.02842
1.01252
0.997492
0.986141
0.980343
0.979794
0.982587
0.986823
0.991474
0.996104
1.00027
1.00336
1.00484
1.00471
1.00366
1.00316
1.00515
1.01127
1.02212
1.03689
1.0538
1.07106
1.08755
1.10302
1.11767
1.13177
1.14539
1.15843
1.17056
1.18138
1.19043
1.1972
1.20105
1.20123
1.19696
1.18775
1.17378
1.15613
1.13681
1.11829
1.10283
1.09165
1.08463
1.08055
1.07779
1.07526
1.07293
1.07158
1.07209
1.07486
1.07951
1.0853
1.09128
1.09655
1.10022
1.10137
1.09913
1.09272
1.08187
1.06716
1.05025
1.03341
1.01878
1.00767
1.00036
0.996438
0.995126
0.995359
0.995819
0.995193
0.992684
0.988539
0.984072
0.981158
0.981431
0.985699
0.993977
1.00586
1.02079
1.03789
1.05573
1.07249
1.08634
1.09591
1.10053
1.10005
1.09472
1.08505
1.0717
1.05575
1.03892
1.0237
1.01278
1.00745
1.00653
1.00698
1.00576
1.00106
0.992644
0.981735
0.970751
0.962574
0.959133
0.960341
0.964432
0.969521
0.974933
0.981173
0.988718
0.996866
1.00392
1.00815
1.00858
1.00513
0.998605
0.990531
0.982929
0.977801
0.976452
0.979122
0.985189
0.993547
1.00262
1.01014
1.01333
1.00977
0.998236
0.979218
0.954909
0.928986
0.906229
0.891564
0.88839
0.896785
0.913408
0.933461
0.953028
0.970275
0.985228
0.999075
1.01335
1.029
1.04561
1.0611
1.07253
1.0774
1.07449
1.06394
1.04701
1.02627
1.00598
0.990846
0.983224
0.982156
0.985296
0.990556
0.996213
1.00107
1.00476
1.00776
1.01085
1.01444
1.01832
1.022
1.02521
1.02803
1.03054
1.03254
1.03359
1.0331
1.0307
1.02618
1.01959
1.01116
1.00144
0.991322
0.981933
0.974675
0.971164
0.973118
0.981816
0.997375
1.01837
1.0423
1.06642
1.08846
1.10684
1.12069
1.12979
1.13451
1.13574
1.1346
1.13199
1.12821
1.1227
1.11432
1.10186
1.0846
1.06285
1.03812
1.01288
0.990079
0.972409
0.961634
0.95821
0.961317
0.969247
0.980054
0.992092
1.00421
1.01579
1.02661
1.03667
1.04606
1.05471
1.06226
1.06789
1.07061
1.06974
1.06542
1.05865
1.05106
1.04435
1.0396
1.03684
1.03509
1.03276
1.0284
1.02126
1.01169
1.00093
0.990696
0.982615
0.977743
0.976331
0.97792
0.981693
0.986941
0.993405
1.00132
1.01102
1.02226
1.03383
1.04393
1.05072
1.05283
1.04952
1.04084
1.02773
1.01198
0.995989
0.982312
0.973265
0.970501
0.97465
0.985073
0.999793
1.01587
1.03011
1.03981
1.04333
1.04036
1.03203
1.02061
1.00899
1.00007
0.996077
0.998124
1.00601
1.01838
1.03316
1.04835
1.06264
1.07553
1.0869
1.09642
1.10338
1.10697
1.10676
1.10291
1.09607
1.08699
1.07628
1.06441
1.05185
1.03931
1.02781
1.01863
1.01295
1.01148
1.01416
1.02029
1.02891
1.03937
1.05117
1.06362
1.07561
1.08582
1.09303
1.09635
1.09547
1.09076
1.08333
1.07477
1.06668
1.06016
1.05551
1.0524
1.05023
1.04864
1.04766
1.0478
1.04969
1.05372
1.05965
1.06657
1.07323
1.07842
1.08113
1.08081
1.07759
1.07231
1.06637
1.06117
1.05744
1.05507
1.05332
1.05114
1.0474
1.04121
1.03225
1.02095
1.00846
0.99637
0.986356
0.979731
0.977273
0.979278
0.985741
0.996426
1.01083
1.02811
1.04702
1.06611
1.08382
1.09879
1.10992
1.11662
1.11885
1.11724
1.11304
1.10796
1.1037
1.10136
1.10102
1.10169
1.10188
1.10022
1.09583
1.08836
1.07785
1.06469
1.04961
1.0339
1.01955
1.00881
1.00347
1.00393
1.00894
1.01604
1.02244
1.02595
1.02534
1.02054
1.01246
1.00275
0.993551
0.986974
0.984516
0.986411
0.991493
0.997812
1.00359
1.00813
1.01196
1.0163
1.02224
1.03003
1.03888
1.04742
1.05428
1.05858
1.06001
1.05861
1.05457
1.04831
1.04049
1.032
1.02381
1.01673
1.01119
1.00722
1.00437
1.00184
0.998771
0.994434
0.988408
0.980521
0.970946
0.960364
0.95019
0.9424
0.938852
0.940479
0.946912
0.956839
0.968674
0.981193
0.993795
1.00643
1.01939
1.03304
1.04762
1.06322
1.07973
1.09667
1.11313
1.12788
1.13971
1.14771
1.15162
1.15182
1.14925
1.14505
1.14004
1.13433
1.12723
1.11787
1.10597
1.09236
1.07877
1.06685
1.05745
1.05054
1.0458
1.04316
1.04269
1.04421
1.04712
1.05073
1.05483
1.05937
1.06356
1.06568
1.06411
1.05828
1.04891
1.03754
1.02605
1.01631
1.01001
1.00841
1.01181
1.01922
1.02851
1.03712
1.04293
1.04485
1.04282
1.0375
1.02988
1.02128
1.01328
1.00745
1.0049
1.00595
1.01015
1.01646
1.02354
1.02996
1.03445
1.03624
1.03528
1.03228
1.02843
1.02512
1.02364
1.02495
1.02934
1.0364
1.04515
1.05443
1.06318
1.0706
1.07615
1.07951
1.08053
1.07934
1.07667
1.07412
1.07417
1.07895
1.08846
1.09999
1.10977
1.11491
1.11437
1.1088
1.10002
1.09046
1.08247
1.07769
1.0768
1.07944
1.08434
1.08965
1.09338
1.09383
1.09034
1.08375
1.0765
1.07195
1.07287
1.08017
1.09267
1.10785
1.12268
1.1343
1.14053
1.14012
1.1331
1.12075
1.1054
1.08982
1.07646
1.06689
1.06156
1.05989
1.0606
1.06234
1.0643
1.06647
1.06918
1.07191
1.07282
1.06942
1.05994
1.04415
1.02367
1.00184
0.983546
0.97404
0.976737
0.991108
1.01284
1.03611
1.05601
1.06996
1.07813
1.08287
1.08708
1.0921
1.09666
1.09799
1.09383
1.08359
1.0683
1.05013
1.03169
1.01537
1.00284
0.99491
0.991536
0.992121
0.995795
1.00165
1.00902
1.01758
1.02731
1.03827
1.05031
1.06275
1.07448
1.08404
1.08999
1.09118
1.08687
1.07686
1.06152
1.04182
1.01942
0.996749
0.976877
0.963128
0.958131
0.962763
0.975596
0.993496
1.01278
1.0302
1.04334
1.05067
1.05143
1.04579
1.03507
1.02171
1.00874
0.998704
0.992878
0.991069
0.992173
0.994903
0.998413
1.00261
1.00799
1.01514
1.02405
1.03383
1.04302
1.05012
1.05386
1.0536
1.04955
1.04301
1.03633
1.03201
1.03161
1.03544
1.04339
1.05566
1.07237
1.09243
1.11333
1.13201
1.146
1.15381
1.15467
1.14839
1.13532
1.1166
1.09412
1.07025
1.04754
1.02829
1.01429
1.00644
1.00443
1.00659
1.01043
1.01366
1.01509
1.01501
1.01487
1.01622
1.01975
1.02463
1.02889
1.03031
1.02752
1.02068
1.0115
1.0025
0.995906
0.992891
0.993866
0.99961
1.01142
1.02953
1.05171
1.07407
1.0932
1.10736
1.11638
1.12062
1.12032
1.11549
1.10634
1.09376
1.07946
1.06572
1.05473
1.04806
1.0461
1.04796
1.05171
1.05527
1.05722
1.05705
1.0549
1.05099
1.04552
1.03881
1.03163
1.02497
1.01946
1.01486
1.01042
1.00584
1.00201
1.0005
1.00227
1.00689
1.01278
1.01804
1.02105
1.02078
1.01702
1.0103
1.00165
0.992367
0.983625
0.976131
0.969829
0.963927
0.957303
0.949393
0.940941
0.933895
0.930226
0.931037
0.936484
0.94592
0.95785
0.970131
0.980493
0.987181
0.98948
0.987882
0.983949
0.979732
0.977053
0.976949
0.979461
0.983958
0.989557
0.995377
1.00057
1.00437
1.00627
1.00628
1.00491
1.00296
1.00124
1.00029
1.00032
1.00115
1.00234
1.00318
1.003
1.00145
0.998638
0.995118
0.991608
0.988797
0.987295
0.987653
0.990387
0.995666
1.00308
1.01163
1.02019
1.02819
1.03608
1.04504
1.0558
1.0675
1.0777
1.08374
1.08405
1.07867
1.06929
1.05884
1.05067
1.04729
1.04927
1.05519
1.06265
1.06945
1.07407
1.07556
1.07326
1.06669
1.05559
1.04003
1.02058
0.998527
0.976118
0.956542
0.943393
0.939332
0.944586
0.956496
0.970832
0.98376
0.992942
0.997683
0.998574
0.996992
0.994801
0.994037
0.996663
1.00419
1.01717
1.0347
1.05447
1.07354
1.08924
1.09977
1.10428
1.10273
1.0958
1.0849
1.0719
1.05892
1.04805
1.04124
1.0401
1.0456
1.05759
1.07447
1.09344
1.11113
1.12454
1.13164
1.13169
1.1252
1.11394
1.10056
1.08787
1.07771
1.07025
1.06429
1.05831
1.05126
1.04262
1.03208
1.01941
1.00468
0.988884
0.973928
0.961953
0.954368
0.951273
0.951741
0.954503
0.958512
0.963265
0.968664
0.974679
0.981084
0.987369
0.992928
0.997231
1.00011
1.00208
1.00429
1.00833
1.01557
1.0265
1.04048
1.05601
1.07126
1.08453
1.09453
1.10046
1.10215
1.1002
1.09577
1.09006
1.08348
1.07552
1.0656
1.05403
1.0423
1.03246
1.02616
1.02399
1.02528
1.0286
1.03232
1.0352
1.03675
1.03718
1.03739
1.03862
1.04203
1.04816
1.05648
1.06524
1.07192
1.07421
1.07085
1.06213
1.04962
1.03579
1.02369
1.01677
1.01852
1.03115
1.05397
1.08316
1.11325
1.13911
1.15736
1.16693
1.16877
1.1652
1.15884
1.15167
1.14467
1.13802
1.13158
1.1255
1.12026
1.11658
1.11502
1.11567
1.118
1.12105
1.12378
1.12546
1.12584
1.12481
1.12218
1.11757
1.11055
1.10094
1.08906
1.07592
1.06336
1.0538
1.04948
1.05133
1.05833
1.06796
1.07726
1.0838
1.08602
1.08328
1.07575
1.0642
1.04987
1.0341
1.01797
1.00202
0.986332
0.970915
0.956145
0.943002
0.932769
0.926416
0.924091
0.92508
0.928119
0.931791
0.934805
0.936319
0.93642
0.936427
0.938807
0.946417
0.961322
0.983763
1.01189
1.04238
1.0715
1.09614
1.11421
1.12468
1.12729
1.1224
1.11108
1.09509
1.07694
1.05951
1.04536
1.03593
1.03121
1.03011
1.03114
1.03315
1.03552
1.03788
1.03991
1.0412
1.04136
1.04013
1.03741
1.03311
1.02713
1.01918
1.00894
0.996171
0.980969
0.963893
0.946204
0.930143
0.919018
0.916508
0.924959
0.943655
0.968841
0.995605
1.01992
1.03947
1.05338
1.06179
1.06568
1.06684
1.06769
1.07091
1.07845
1.09048
1.10526
1.11988
1.13151
1.1384
1.14015
1.13745
1.13164
1.12428
1.11677
1.11014
1.10484
1.10085
1.09801
1.09616
1.09504
1.09402
1.09214
1.08849
1.08299
1.07653
1.07031
1.06479
1.05946
1.05356
1.04691
1.0401
1.03439
1.03162
1.03412
1.04398
1.06181
1.08573
1.11179
1.13544
1.15333
1.16401
1.16793
1.16675
1.1625
1.15689
1.15088
1.14442
1.13665
1.12642
1.11282
1.09565
1.07559
1.05422
1.03379
1.01671
1.00473
0.998394
0.99689
0.998674
1.00233
1.00718
1.01329
1.02091
1.02991
1.03958
1.04907
1.05783
1.06569
1.07254
1.0781
1.08195
1.08377
1.08367
1.0825
1.08169
1.08242
1.08456
1.08646
1.08605
1.08199
1.0742
1.06368
1.05209
1.04117
1.0325
1.02746
1.02733
1.03292
1.04376
1.0576
1.07111
1.08097
1.08483
1.08177
1.07231
1.05818
1.04192
1.02626
1.01359
1.00531
1.00148
1.00099
1.00207
1.00305
1.00287
1.00121
0.998473
0.995624
0.994071
0.995431
1.00097
1.01103
1.02481
1.04084
1.05734
1.07253
1.08486
1.09359
1.09906
1.10247
1.10521
1.10789
1.11007
1.11088
1.1097
1.10662
1.1021
1.09651
1.08988
1.08221
1.07376
1.06509
1.05676
1.04922
1.04292
1.03853
1.03719
1.04007
1.04761
1.0587
1.07085
1.08133
1.08827
1.09107
1.09016
1.0862
1.0797
1.07108
1.06107
1.05081
1.04151
1.03388
1.02789
1.02301
1.01871
1.01493
1.01236
1.01215
1.01527
1.02201
1.0319
1.04412
1.05786
1.07241
1.08682
1.09979
1.10973
1.11516
1.11507
1.10922
1.09818
1.08355
1.06789
1.05409
1.04433
1.03891
1.03626
1.03411
1.03083
1.02622
1.02131
1.01776
1.01693
1.01921
1.02399
1.03006
1.03623
1.04167
1.04604
1.04927
1.05151
1.05329
1.05586
1.06127
1.07145
1.08678
1.10526
1.12347
1.13803
1.14657
1.14795
1.14209
1.12975
1.11245
1.09238
1.07236
1.05549
1.04437
1.04029
1.04301
1.05102
1.06224
1.07443
1.08543
1.09339
1.09716
1.09654
1.09234
1.08602
1.07929
1.07385
1.07132
1.0733
1.081
1.09468
1.1131
1.13359
1.15287
1.16804
1.17726
1.17994
1.17652
1.16799
1.15538
1.13944
1.1205
1.09869
1.07424
1.04782
1.02073
0.995062
0.973317
0.95788
0.950456
0.951617
0.960556
0.975171
0.992587
1.00998
1.02538
1.03814
1.04903
1.0599
1.07271
1.08828
1.10547
1.12169
1.13409
1.14062
1.14055
1.13454
1.12439
1.11256
1.10146
1.09276
1.08694
1.08334
1.08067
1.07752
1.07289
1.06653
1.05906
1.05184
1.04653
1.04461
1.04691
1.05324
1.06239
1.07254
1.08182
1.08887
1.09308
1.09448
1.09345
1.0904
1.08561
1.07922
1.07142
1.06253
1.05291
1.04276
1.03223
1.02169
1.01224
1.00568
1.00373
1.00697
1.01419
1.02316
1.03173
1.0386
1.04333
1.04562
1.04474
1.0396
1.02994
1.01734
1.00514
0.99686
0.994341
0.99712
1.00332
1.011
1.01884
1.02617
1.03275
1.03845
1.04309
1.04647
1.04843
1.04895
1.04823
1.04673
1.045
1.0437
1.0435
1.04508
1.04887
1.05487
1.06245
1.07053
1.0778
1.08306
1.08549
1.0849
1.08172
1.07695
1.07175
1.06712
1.06344
1.06045
1.05748
1.05407
1.05047
1.04745
1.04569
1.04522
1.04558
1.04605
1.04582
1.04381
1.03888
1.03049
1.01939
1.00796
0.999692
0.997697
1.00314
1.0146
1.02896
1.04296
1.05421
1.06159
1.0649
1.06449
1.06075
1.05392
1.04407
1.03137
1.01637
1.00013
0.983913
0.968768
0.955286
0.943739
0.934444
0.927901
0.924691
0.925238
0.929546
0.937192
0.947535
0.960112
0.974799
0.991505
1.00959
1.02765
1.04376
1.05604
1.06313
1.06451
1.06076
1.05384
1.04713
1.04402
1.04528
1.04816
1.04864
1.04438
1.03524
1.02248
1.00757
0.99197
0.977223
0.965057
0.957233
0.955212
0.959875
0.971259
0.988345
1.00896
1.03027
1.04948
1.06439
1.07352
1.07595
1.07135
1.06041
1.0454
1.03023
1.01938
1.0156
1.01812
1.02358
1.02858
1.03143
1.03228
1.03244
1.03368
1.03745
1.0443
1.05358
1.06363
1.07236
1.07799
1.07965
1.07757
1.07315
1.06858
1.0661
1.06711
1.07157
1.07791
1.08368
1.0864
1.08444
1.07738
1.06606
1.05233
1.03865
1.02749
1.02112
1.02125
1.02856
1.0423
1.06017
1.07904
1.09593
1.10866
1.11596
1.11726
1.11254
1.10241
1.08823
1.07204
1.05597
1.04162
1.02985
1.02106
1.01577
1.01465
1.01802
1.02513
1.03431
1.04384
1.05263
1.06011
1.06588
1.06961
1.07119
1.07098
1.06956
1.06703
1.06269
1.05567
1.04592
1.03472
1.02418
1.01617
1.0115
1.00983
1.01021
1.01176
1.01403
1.01689
1.02001
1.02262
1.02344
1.0212
1.01509
1.00527
0.993016
0.980531
0.970376
0.964547
0.96374
0.96717
0.973037
0.97934
0.984584
0.987979
0.989452
0.989423
0.98852
0.987349
0.986254
0.985293
0.984384
0.983517
0.982808
0.982377
0.9822
0.981993
0.981214
0.979253
0.975704
0.970692
0.965115
0.960551
0.958806
0.961201
0.968038
0.978885
0.992785
1.00818
1.02276
1.03389
1.03966
1.03944
1.03404
1.02525
1.01535
1.00661
1.00109
1.00036
1.00526
1.01552
1.02971
1.04552
1.06041
1.07224
1.07966
1.08226
1.08045
1.07533
1.06824
1.06047
1.05295
1.04626
1.04075
1.03656
1.03341
1.03048
1.02659
1.02087
1.01325
1.00422
0.994108
0.982575
0.969203
0.9545
0.940411
0.929816
0.92518
0.927407
0.935664
0.948125
0.96287
0.978368
0.99363
1.00825
1.02242
1.03663
1.05132
1.06635
1.08092
1.09383
1.10397
1.11078
1.11449
1.11574
1.11517
1.11306
1.10948
1.10477
1.09969
1.0953
1.09247
1.09145
1.09171
1.09212
1.09146
1.08882
1.08388
1.07684
1.0682
1.05851
1.0482
1.03779
1.02809
1.02003
1.01402
1.00936
1.00457
0.998432
0.990894
0.98306
0.976511
0.972508
0.971516
0.973228
0.976942
0.981778
0.986664
0.990301
0.991211
0.988038
0.980074
0.968031
0.954887
0.945873
0.946556
0.959442
0.982302
1.01011
1.03817
1.0635
1.08468
1.10128
1.11346
1.12179
1.12709
1.13009
1.13123
1.13044
1.1273
1.12136
1.11245
1.101
1.08798
1.0747
1.06242
1.05214
1.04441
1.03946
1.03725
1.03752
1.03988
1.04374
1.04836
1.05271
1.05557
1.05575
1.05249
1.04569
1.03597
1.02421
1.01112
0.997073
0.982395
0.967778
0.954487
0.94426
0.938885
0.939519
0.945888
0.956067
0.967437
0.978374
0.989125
1.00104
1.0147
1.02871
1.04041
1.04769
1.05005
1.04842
1.04403
1.03773
1.02978
1.02055
1.01115
1.00346
0.999493
1.00062
1.00721
1.01887
1.03476
1.05372
1.07406
1.09376
1.11087
1.12398
1.13255
1.13681
1.13744
1.13517
1.13042
1.12321
1.11322
1.10004
1.0835
1.06367
1.04097
1.01617
0.990676
0.966966
0.948734
0.940146
0.943738
0.958639
0.980991
1.00608
1.03009
1.05044
1.06557
1.07473
1.0779
1.07596
1.07067
1.06446
1.05996
1.05918
1.06266
1.06916
1.07611
1.08046
1.07962
1.072
1.05733
1.0368
1.01308
0.99002
0.971499
0.959591
0.953479
0.950351
0.947382
0.943251
0.938444
0.934624
0.933561
0.936206
0.942363
0.951048
0.961076
0.971365
0.981047
0.98948
0.996345
1.00169
1.00589
1.00946
1.013
1.01706
1.02191
1.02738
1.03295
1.03815
1.04282
1.04724
1.05195
1.05748
1.06403
1.07114
1.07773
1.08242
1.08422
1.08298
1.07946
1.07487
1.07035
1.06651
1.06331
1.06035
1.05718
1.05359
1.04951
1.04486
1.03943
1.0328
1.02463
1.0149
1.00413
0.993491
0.984581
0.979208
0.979046
0.985388
0.998765
1.01871
1.04379
1.072
1.10112
1.12878
1.15256
1.17019
1.17993
1.18091
1.1733
1.15827
1.1377
1.11379
1.08887
1.0654
1.04618
1.03406
1.03109
1.03729
1.04998
1.06464
1.07651
1.08221
1.08057
1.07262
1.06087
1.04825
1.03709
1.02847
1.02227
1.01774
1.01402
1.01066
1.0077
1.00571
1.00557
1.00802
1.01334
1.02116
1.03046
1.03983
1.04779
1.05326
1.05573
1.05522
1.05202
1.04652
1.03905
1.02996
1.01973
1.00924
0.999673
0.992113
0.986961
0.983838
0.982265
0.982478
0.985369
0.991562
1.00054
1.01059
1.0195
1.02552
1.02799
1.02767
1.02675
1.02814
1.03421
1.04549
1.06038
1.07586
1.08898
1.09796
1.10261
1.10372
1.10207
1.09779
1.0906
1.08064
1.06906
1.05783
1.04895
1.04373
1.0426
1.04507
1.0498
1.05478
1.0577
1.0567
1.05114
1.04205
1.03193
1.02373
1.01934
1.01893
1.02138
1.02523
1.02926
1.03251
1.03412
1.0334
1.03013
1.02474
1.01836
1.01266
1.00947
1.01015
1.01502
1.02309
1.03216
1.03952
1.04284
1.04106
1.03485
1.02648
1.01898
1.01463
1.01425
1.01741
1.02316
1.03038
1.03774
1.04392
1.04815
1.05081
1.05346
1.05814
1.06626
1.07745
1.08954
1.09975
1.10608
1.108
1.10604
1.10111
1.0939
1.08491
1.07463
1.06375
1.05305
1.04336
1.03535
1.02927
1.02475
1.0209
1.01688
1.01264
1.00938
1.0092
1.01393
1.02389
1.03757
1.05232
1.06564
1.076
1.08311
1.08759
1.09039
1.09228
1.09362
1.0943
1.09387
1.09172
1.08737
1.08062
1.07156
1.06047
1.04771
1.03373
1.01917
1.00482
0.991533
0.979986
0.970564
0.963385
0.958379
0.95533
0.953946
0.954013
0.955549
0.958862
0.964279
0.971762
0.980617
0.989661
0.997806
1.00437
1.00898
1.01127
1.01078
1.00712
1.00019
0.990147
0.977646
0.964169
0.952337
0.945523
0.946592
0.956612
0.974407
0.997216
1.02174
1.04505
1.06499
1.08031
1.09052
1.09551
1.09535
1.09026
1.08075
1.06774
1.05259
1.03698
1.02257
1.01065
1.00193
0.996479
0.994016
0.994274
0.997263
1.00323
1.01228
1.02394
1.03696
1.04958
1.06013
1.06765
1.07209
1.07416
1.07497
1.07547
1.07613
1.07664
1.07602
1.07273
1.06518
1.05234
1.03429
1.01235
0.988756
0.965865
0.945438
0.928733
0.916835
0.910964
0.912233
0.920948
0.936226
0.956392
0.97971
1.00488
1.0308
1.05621
1.07969
1.09995
1.11624
1.12822
1.13593
1.13958
1.13949
1.13595
1.12924
1.11969
1.10787
1.09502
1.08297
1.07367
1.06832
1.06668
1.06733
1.06825
1.06739
1.0629
1.05353
1.03914
1.02088
1.0009
0.981881
0.966938
0.959357
0.961782
0.974886
0.99675
1.02346
1.05057
1.07448
1.09307
1.10568
1.11273
1.11515
1.11413
1.11105
1.10727
1.10375
1.10085
1.09826
1.09527
1.09088
1.08407
1.07393
1.06
1.04244
1.02217
1.00094
0.981359
0.966587
0.959572
0.961945
0.97311
0.990285
1.00962
1.02766
1.04213
1.05197
1.05717
1.05857
1.05782
1.05709
1.05857
1.06371
1.07289
1.08543
1.09998
1.11494
1.12886
1.14055
1.14922
1.15424
1.15516
1.15165
1.14335
1.13001
1.11153
1.08829
1.06135
1.03276
1.00547
0.982622
0.966601
0.958714
0.959567
0.969167
0.985934
1.00645
1.02681
1.04425
1.05759
1.06667
1.07163
1.07271
1.07022
1.0647
1.05699
1.04818
1.03941
1.03168
1.02574
1.02204
1.02063
1.02125
1.02342
1.02675
1.03109
1.03639
1.04239
1.04833
1.05305
1.05546
1.05521
1.05305
1.05074
1.05035
1.05341
1.0603
1.07024
1.08164
1.09277
1.10221
1.10904
1.11268
1.1127
1.10872
1.10048
1.08792
1.07135
1.05159
1.03019
1.00968
0.993042
0.98268
0.979146
0.981085
0.986255
0.992716
0.999332
1.00572
1.01195
1.01836
1.02531
1.03315
1.04208
1.05206
1.06282
1.07379
1.08427
1.09348
1.10072
1.10547
1.1074
1.10647
1.10283
1.0968
1.08874
1.07893
1.06776
1.05599
1.045
1.0368
1.03337
1.03578
1.04355
1.05494
1.06781
1.08035
1.09142
1.10046
1.10732
1.11215
1.11525
1.11679
1.11667
1.11454
1.11008
1.10307
1.09343
1.08109
1.06625
1.04978
1.03345
1.01964
1.01053
1.00718
1.00896
1.01374
1.01868
1.02115
1.01944
1.01297
1.00231
0.989062
0.975515
0.964065
0.956476
0.953312
0.953864
0.956356
0.958688
0.959461
0.958938
0.95902
0.961866
0.967876
0.975126
0.98101
0.984421
0.986561
0.990187
0.997799
1.0101
1.02567
1.04193
1.05606
1.0657
1.06922
1.06588
1.05594
1.04098
1.024
1.00929
1.00117
1.00191
1.01047
1.0236
1.03801
1.05152
1.063
1.07181
1.07744
1.07956
1.07836
1.07499
1.07207
1.07318
1.08072
1.09353
1.10756
1.11882
1.12556
1.12836
1.1291
1.1297
1.13127
1.13375
1.13622
1.13754
1.13686
1.13411
1.13004
1.12594
1.123
1.12173
1.12184
1.12248
1.12264
1.12144
1.11826
1.11288
1.10548
1.09675
1.08801
1.08096
1.07728
1.07789
1.0825
1.08952
1.09658
1.10118
1.10134
1.096
1.08511
1.0699
1.05282
1.0374
1.02759
1.02649
1.03473
1.04991
1.06798
1.08524
1.09933
1.10911
1.11424
1.11477
1.11108
1.10379
1.09379
1.08222
1.07033
1.05925
1.04958
1.04108
1.03285
1.02383
1.01351
1.00232
0.991518
0.982852
0.977984
0.977981
0.982878
0.991499
1.00179
1.0115
1.01902
1.0241
1.0282
1.03396
1.04396
1.05903
1.07745
1.09599
1.11155
1.12225
1.12746
1.12747
1.12302
1.11498
1.10415
1.09118
1.07655
1.06077
1.04447
1.02836
1.01307
0.99882
0.985453
0.972787
0.960953
0.950414
0.941651
0.934922
0.930417
0.92866
0.930724
0.938035
0.951722
0.971998
0.997858
1.02718
1.05712
1.08463
1.10711
1.123
1.13207
1.13513
1.13369
1.12939
1.12372
1.11789
1.11263
1.10799
1.10323
1.09721
1.08916
1.07935
1.06924
1.06083
1.05568
1.05406
1.05508
1.05741
1.06029
1.06403
1.06962
1.07774
1.08776
1.09758
1.10449
1.10611
1.10098
1.08859
1.06932
1.04436
1.01595
0.987325
0.962389
0.944643
0.935943
0.935891
0.942257
0.952148
0.963143
0.973898
0.98429
0.995156
1.00766
1.02261
1.03985
1.05818
1.07557
1.08977
1.09899
1.10245
1.10054
1.09473
1.08723
1.08048
1.07666
1.07716
1.08232
1.09153
1.10349
1.11639
1.12825
1.13704
1.14099
1.13863
1.1289
1.11141
1.08691
1.05793
1.02904
1.0058
0.992437
0.989742
0.994889
1.00301
1.00946
1.01146
1.00834
1.001
0.99127
0.981527
0.974242
0.971519
0.97482
0.984591
0.999902
1.01852
1.03744
1.05383
1.06577
1.0725
1.07446
1.07289
1.06924
1.06476
1.06044
1.05718
1.05578
1.05662
1.05924
1.06226
1.0637
1.06153
1.0541
1.0404
1.02023
0.994513
0.965684
0.937573
0.914707
0.900999
0.898271
0.905596
0.91994
0.937445
0.954501
0.968151
0.976379
0.978554
0.975901
0.97128
0.967863
0.967628
0.970928
0.97723
0.985973
0.996767
1.00907
1.02183
1.0335
1.04236
1.04699
1.04668
1.04162
1.03289
1.02226
1.01189
1.00401
1.00047
1.00213
1.00825
1.0167
1.02479
1.03044
1.03314
1.03406
1.03541
1.03926
1.0466
1.05715
1.06971
1.0827
1.09437
1.10306
1.10745
1.10677
1.10098
1.09085
1.07795
1.06448
1.05299
1.04586
1.04475
1.0499
1.06012
1.07338
1.08758
1.1006
1.11011
1.11374
1.10987
1.09831
1.08043
1.05884
1.03677
1.01753
1.00405
0.998046
0.999294
1.00547
1.01316
1.01923
1.02174
1.02022
1.01547
1.00922
1.0036
1.00053
1.00106
1.0052
1.01206
1.02053
1.02972
1.0389
1.0474
1.05451
1.0596
1.0624
1.06295
1.06142
1.05804
1.05311
1.04702
1.04024
1.03327
1.02659
1.0205
1.01503
1.01008
1.00561
1.0019
0.999632
0.999614
1.0023
1.00764
1.01531
1.02513
1.03714
1.05115
1.06617
1.08019
1.09066
1.09545
1.09393
1.08795
1.08202
1.08165
1.08976
1.10443
1.12085
1.13479
1.14401
1.14776
1.14599
1.1389
1.12704
1.11194
1.09648
1.08391
1.07568
1.07033
1.06479
1.05651
1.04427
1.02803
1.00835
0.986209
0.963399
0.94345
0.932064
0.935103
0.95452
0.98652
1.02371
1.05854
1.0856
1.10236
1.10883
1.1067
1.09856
1.08718
1.07489
1.06314
1.05247
1.04289
1.0344
1.02721
1.02169
1.01816
1.01664
1.01693
1.01872
1.02187
1.02642
1.03256
1.04039
1.04962
1.05944
1.06849
1.07508
1.07758
1.07473
1.06611
1.05251
1.03619
1.02052
1.0088
1.00263
1.00116
1.00171
1.00156
0.999209
0.994673
0.98876
0.982219
0.975429
0.968633
0.962405
0.957768
0.955768
0.956671
0.959513
0.962524
0.964121
0.963531
0.960871
0.956824
0.952332
0.948268
0.945248
0.943713
0.944342
0.948357
0.95732
0.972073
0.991533
1.01262
1.03162
1.04553
1.05262
1.0523
1.04487
1.03146
1.01405
0.995332
0.978365
0.965917
0.959804
0.960405
0.966806
0.977256
0.989813
1.00279
1.01491
1.02515
1.03257
1.03625
1.03555
1.0304
1.02141
1.00971
0.996858
0.98479
0.975881
0.972395
0.975187
0.982954
0.993046
1.00304
1.01143
1.01744
1.02065
1.0207
1.0175
1.01155
1.00415
0.997189
0.992339
0.990217
0.990198
0.991004
0.991367
0.99046
0.987935
0.983927
0.978969
0.973965
0.970144
0.968899
0.971512
0.978829
0.991001
1.00746
1.02702
1.04805
1.06855
1.08651
1.10039
1.10949
1.11384
1.11401
1.11088
1.10533
1.09829
1.09066
1.08334
1.07709
1.07231
1.069
1.06668
1.06454
1.06182
1.05809
1.05361
1.04931
1.04661
1.04686
1.05068
1.0576
1.06616
1.07454
1.0813
1.08573
1.08764
1.08692
1.08322
1.0763
1.06665
1.05576
1.04553
1.03727
1.03113
1.02638
1.02221
1.01805
1.01352
1.00843
1.00289
0.997282
0.991829
0.986401
0.980876
0.975316
0.969788
0.964408
0.959899
0.957879
0.960355
0.968549
0.98212
0.999484
1.01889
1.0391
1.05929
1.07847
1.09532
1.10839
1.11657
1.11949
1.11741
1.11111
1.10139
1.08882
1.07362
1.05601
1.03662
1.01694
0.999292
0.986158
0.97932
0.979598
0.987146
1.00161
1.02187
1.04574
1.07019
1.09213
1.10915
1.11967
1.12277
1.11808
1.10583
1.08717
1.06416
1.03928
1.01466
0.991463
0.969909
0.94989
0.931821
0.916984
0.90722
0.904117
0.908348
0.919456
0.936083
0.956438
0.978852
1.00213
1.0256
1.04886
1.07154
1.09305
1.1124
1.12838
1.13978
1.1458
1.14642
1.14245
1.13532
1.12657
1.11718
1.10721
1.09604
1.08295
1.06765
1.0505
1.03241
1.01473
0.999152
0.987369
0.980438
0.978245
0.97942
0.981896
0.983866
0.984559
0.984359
0.984326
0.985603
0.989216
0.996154
1.00709
1.02169
1.03847
1.0554
1.07079
1.08369
1.09371
1.10067
1.10467
1.1063
1.10675
1.10736
1.10895
1.11156
1.11475
1.11834
1.12275
1.12887
1.13742
1.14826
1.16007
1.17078
1.1784
1.18163
1.17998
1.17357
1.16282
1.14813
1.12993
1.10883
1.08595
1.06322
1.04346
1.0302
1.02672
1.03474
1.05355
1.0803
1.11108
1.14205
1.17009
1.19287
1.20874
1.21663
1.2159
1.20634
1.18819
1.16225
1.12984
1.09282
1.05367
1.01533
0.980992
0.953436
0.934495
0.924728
0.923497
0.929267
0.939992
0.953736
0.969281
0.9863
1.00485
1.02457
1.04434
1.0626
1.07803
1.08995
1.0985
1.10431
1.10809
1.11026
1.11092
1.10995
1.10722
1.10268
1.09629
1.08803
1.0779
1.06596
1.05249
1.03798
1.02322
1.0091
0.996461
0.985916
0.977799
0.97228
0.969489
0.96952
0.97234
0.977482
0.983947
0.990448
0.995871
0.999891
1.00325
1.00766
1.01518
1.02692
1.04199
1.05763
1.07039
1.07754
1.07783
1.07156
1.06037
1.04671
1.03323
1.02222
1.01501
1.01167
1.011
1.01102
1.00992
1.00683
1.00216
0.99739
0.994326
0.994402
0.998083
1.00477
1.01306
1.02139
1.02867
1.03461
1.03947
1.0436
1.04699
1.04921
1.04973
1.04828
1.04515
1.04112
1.03725
1.03445
1.03324
1.03367
1.03542
1.03799
1.04087
1.04369
1.0462
1.04812
1.04904
1.04855
1.04662
1.04385
1.04134
1.04026
1.04135
1.04457
1.04901
1.05321
1.05562
1.05509
1.05136
1.04522
1.03832
1.03252
1.02922
1.02899
1.03161
1.03633
1.04223
1.04844
1.05427
1.05938
1.0637
1.06719
1.06922
1.06836
1.06281
1.05142
1.03469
1.01512
0.996505
0.982688
0.975989
0.97651
0.982582
0.991946
1.00264
1.01324
1.02259
1.02948
1.03271
1.03139
1.02547
1.01601
1.00508
0.995289
0.98923
0.988736
0.994451
1.00573
1.02097
1.03813
1.05524
1.07074
1.08347
1.09269
1.09797
1.09914
1.09625
1.08935
1.07852
1.06397
1.04619
1.02611
1.00512
0.98487
0.966936
0.952501
0.942166
0.935997
0.933675
0.934709
0.938725
0.945554
0.955093
0.96704
0.980695
0.994868
1.00805
1.01855
1.0248
1.02564
1.0206
1.01015
0.995901
0.980367
0.966405
0.956207
0.950499
0.948647
0.949577
0.95274
0.95835
0.966708
0.977494
0.989653
1.00178
1.01278
1.02219
1.03007
1.03659
1.04165
1.04482
1.04558
1.04368
1.0393
1.0328
1.0246
1.01505
1.00451
0.993331
0.981894
0.970752
0.960959
0.954048
0.951361
0.953166
0.958539
0.966238
0.975465
0.985851
0.996866
1.00753
1.01664
1.02336
1.02755
1.02974
1.03093
1.03236
1.0353
1.04068
1.04887
1.0595
1.07159
1.08396
1.09564
1.10605
1.11498
1.12233
1.12799
1.1318
1.1336
1.13316
1.13003
1.12352
1.11275
1.0972
1.07734
1.055
1.03314
1.01469
1.00146
0.993749
0.990982
0.992767
0.999405
1.01137
1.02806
1.04706
1.06472
1.0777
1.08412
1.08389
1.07837
1.0696
1.05966
1.0501
1.04185
1.03542
1.03142
1.03105
1.03589
1.04662
1.06166
1.07737
1.08988
1.09674
1.09731
1.09236
1.08354
1.07315
1.06379
1.05785
1.05671
1.06023
1.06705
1.07558
1.08455
1.09308
1.10055
1.10655
1.11096
1.11389
1.11545
1.11556
1.11404
1.11066
1.10538
1.09839
1.09003
1.08062
1.07031
1.05918
1.04736
1.03505
1.02261
1.01049
0.999269
0.989519
0.981691
0.975881
0.971664
0.968211
0.964761
0.961312
0.958915
0.959204
0.963325
0.970987
0.980461
0.989411
0.995846
0.998799
0.998751
0.997599
0.998063
1.00238
1.01115
1.02325
1.03651
1.0487
1.05823
1.06444
1.06757
1.06827
1.06711
1.06427
1.05968
1.05333
1.0455
1.037
1.02905
1.02309
1.02019
1.02069
1.02427
1.02995
1.03603
1.04
1.03905
1.03096
1.01526
0.993585
0.96929
0.946421
0.928556
0.917935
0.915128
0.919292
0.928701
0.941197
0.954621
0.967141
0.977526
0.985233
0.990352
0.993401
0.995068
0.996068
0.997284
0.999934
1.0054
1.01471
1.02792
1.04378
1.06005
1.07409
1.08367
1.0874
1.08498
1.07712
1.06539
1.05194
1.03909
1.02887
1.0226
1.02077
1.02321
1.02918
1.03748
1.04658
1.05505
1.062
1.06716
1.07042
1.07148
1.06985
1.06517
1.05743
1.0471
1.03517
1.02308
1.01274
1.00609
1.00471
1.00945
1.01998
1.03462
1.0506
1.06508
1.07622
1.08351
1.08743
1.08868
1.08772
1.08483
1.08027
1.0744
1.06762
1.0602
1.05209
1.04301
1.03263
1.02091
1.00846
0.99659
0.986839
0.980397
0.97776
0.979024
0.984291
0.993574
1.00631
1.02114
1.03631
1.0504
1.06267
1.07325
1.08278
1.0919
1.10062
1.10813
1.11326
1.11512
1.11363
1.1096
1.10431
1.09896
1.09414
1.08964
1.08498
1.07976
1.07402
1.06843
1.06425
1.06288
1.06524
1.07105
1.07894
1.08704
1.09378
1.09835
1.10064
1.10111
1.10042
1.09907
1.09725
1.09484
1.09164
1.08759
1.08299
1.07836
1.07441
1.07189
1.07135
1.07299
1.07652
1.08127
1.08625
1.09043
1.09289
1.09283
1.08973
1.08343
1.07445
1.06399
1.05373
1.04513
1.0388
1.03444
1.03111
1.02759
1.02268
1.01589
1.00811
1.00177
0.999781
1.00385
1.01356
1.0268
1.04085
1.05348
1.06342
1.07038
1.0747
1.0769
1.07727
1.07578
1.07231
1.06693
1.06002
1.05217
1.044
1.03604
1.02865
1.02212
1.01689
1.01352
1.01256
1.01408
1.01739
1.02097
1.02287
1.02137
1.0154
1.00467
0.989463
0.97042
0.948607
0.925825
0.904807
0.888631
0.879537
0.877987
0.882879
0.892684
0.906492
0.924131
0.945156
0.96769
0.988517
1.00449
1.01385
1.01655
1.01405
1.00893
1.00448
1.00387
1.00844
1.01673
1.02555
1.03221
1.03579
1.03663
1.03535
1.03231
1.02749
1.02077
1.01237
1.00304
0.994013
0.986668
0.982029
0.980491
0.981806
0.985269
0.990005
0.995078
0.999609
1.00279
1.00396
1.00271
0.999045
0.993431
0.9868
0.980401
0.975579
0.973407
0.974295
0.977833
0.983178
0.989636
0.996864
1.0047
1.0129
1.02109
1.02883
1.03574
1.04162
1.04632
1.04962
1.05113
1.05042
1.04732
1.04214
1.03573
1.02917
1.02336
1.01871
1.01506
1.01193
1.00886
1.00577
1.00309
1.00146
1.00133
1.0029
1.00622
1.01115
1.01727
1.02404
1.03111
1.03838
1.04584
1.05335
1.06071
1.06767
1.07396
1.0792
1.08297
1.08478
1.0842
1.08084
1.07441
1.06486
1.05232
1.03728
1.02047
1.00296
0.986104
0.971772
0.962236
0.959564
0.964606
0.976457
0.992858
1.01113
1.0289
1.04456
1.05732
1.06716
1.07461
1.08026
1.0843
1.08611
1.08444
1.07786
1.06542
1.04724
1.02475
1.0006
0.978174
0.960728
0.950772
0.949755
0.957974
0.97451
0.997045
1.02234
1.04715
1.06918
1.08723
1.10081
1.10961
1.11331
1.11188
1.10602
1.09715
1.08699
1.07692
1.06763
1.05918
1.05133
1.04389
1.037
1.0314
1.02843
1.02948
1.03524
1.04497
1.05661
1.06745
1.07493
1.07741
1.07465
1.06773
1.05853
1.04878
1.03984
1.03291
1.02916
1.02919
1.03252
1.03763
1.04295
1.04759
1.05143
1.05478
1.05782
1.06044
1.06246
1.06397
1.06548
1.06757
1.07034
1.07309
1.07473
1.07445
1.07234
1.06942
1.0671
1.06626
1.06675
1.06749
1.06709
1.06452
1.0593
1.05157
1.04193
1.0314
1.02135
1.01359
1.01019
1.01291
1.02226
1.03693
1.05423
1.07118
1.08534
1.09512
1.09976
1.09906
1.09315
1.08232
1.06706
1.04809
1.02656
1.00424
0.983394
0.966443
0.955268
0.950424
0.9508
0.953902
0.956818
0.957308
0.954574
0.949597
0.944894
0.943551
0.947796
0.958081
0.973382
0.992325
1.01388
1.03723
1.06122
1.08409
1.10371
1.11822
1.12657
1.12874
1.12575
1.11911
1.11029
1.10022
1.08914
1.0769
1.06339
1.04899
1.0348
1.02239
1.01338
1.009
1.00975
1.01538
1.02512
1.0378
1.05198
1.06591
1.07766
1.08536
1.08765
1.084
1.07498
1.06227
1.04841
1.03611
1.02744
1.02322
1.02302
1.02563
1.02981
1.03454
1.03921
1.04341
1.04677
1.04904
1.05003
1.04969
1.04821
1.04601
1.04371
1.04208
1.04196
1.04395
1.04826
1.05449
1.0617
1.06863
1.07397
1.07659
1.0758
1.07156
1.06494
1.05823
1.05451
1.05637
1.06458
1.07771
1.093
1.10753
1.11908
1.12641
1.12925
1.12814
1.12426
1.11914
1.11433
1.11089
1.1092
1.10901
1.10976
1.11074
1.11127
1.11063
1.108
1.10264
1.09418
1.08287
1.06962
1.05591
1.0435
1.03394
1.02819
1.02647
1.02824
1.03237
1.03747
1.04252
1.0476
1.05407
1.06373
1.07755
1.09501
1.11417
1.1321
1.14566
1.15248
1.15147
1.1431
1.12906
1.11188
1.09399
1.07697
1.06145
1.04776
1.03636
1.02752
1.02102
1.01617
1.01234
1.00919
1.00679
1.00552
1.00587
1.00823
1.01251
1.01804
1.02376
1.02862
1.03195
1.03351
1.03338
1.03184
1.02936
1.02677
1.02527
1.02629
1.03097
1.0396
1.05142
1.06496
1.07872
1.09152
1.10263
1.11167
1.11867
1.12406
1.1283
1.13133
1.13222
1.12948
1.12183
1.10883
1.09143
1.07203
1.05419
1.04182
1.03792
1.04357
1.05773
1.07788
1.10091
1.12391
1.14444
1.16076
1.17165
1.17642
1.17489
1.16751
1.15533
1.13985
1.12284
1.1061
1.09132
1.07983
1.07229
1.06845
1.06717
1.06676
1.06565
1.06283
1.05801
1.05156
1.04416
1.03654
1.02959
1.0246
1.02337
1.02748
1.03708
1.05039
1.06448
1.07651
1.0845
1.08741
1.0848
1.0765
1.06223
1.04187
1.01596
0.986514
0.957403
0.933863
0.92053
0.919016
0.927249
0.941287
0.957648
0.974217
0.989927
1.00402
1.01565
1.02382
1.02766
1.02659
1.02063
1.01048
0.997527
0.983544
0.970116
0.958177
0.947908
0.939076
0.931549
0.925593
0.921855
0.921146
0.924025
0.930448
0.939539
0.949825
0.95979
0.968529
0.976011
0.982569
0.988051
0.991658
0.992692
0.991328
0.988705
0.986374
0.985584
0.98682
0.989778
0.993715
0.997901
1.00195
1.00596
1.01038
1.01576
1.02246
1.0304
1.03896
1.04701
1.0533
1.0569
1.05761
1.0559
1.05247
1.04763
1.0411
1.03236
1.02114
1.00785
0.993698
0.980472
0.970215
0.964539
0.964017
0.96797
0.974889
0.983102
0.991315
0.998812
1.00536
1.01112
1.01655
1.02236
1.02926
1.03749
1.0465
1.05504
1.06163
1.06523
1.06565
1.06367
1.06075
1.05841
1.05741
1.05735
1.05706
1.05527
1.05123
1.04472
1.03607
1.02586
1.01467
1.00287
0.990557
0.977811
0.964865
0.952267
0.940916
0.932026
0.927021
0.927209
0.933416
0.945531
0.962197
0.981055
0.999327
1.01469
1.026
1.03362
1.03926
1.0451
1.05289
1.06323
1.07536
1.08763
1.09795
1.10424
1.1048
1.09888
1.08702
1.07128
1.05491
1.04126
1.03239
1.02831
1.02735
1.02739
1.02672
1.0244
1.02018
1.01439
1.00811
1.00296
1.0008
1.00311
1.01041
1.02211
1.03672
1.05227
1.06687
1.07909
1.08817
1.0939
1.09649
1.09644
1.09437
1.09095
1.08679
1.0823
1.07769
1.07305
1.06858
1.06468
1.06182
1.06019
1.05949
1.05891
1.0574
1.05414
1.04879
1.0415
1.03286
1.02352
1.01395
1.00442
0.995175
0.986741
0.979986
0.9759
0.975224
0.978194
0.984537
0.993575
1.0045
1.01645
1.02852
1.03985
1.04982
1.05835
1.06594
1.07305
1.07953
1.08429
1.08594
1.08365
1.07759
1.06877
1.05855
1.04826
1.03895
1.03149
1.02654
1.02449
1.02531
1.02857
1.0336
1.03965
1.046
1.05204
1.05722
1.06115
1.06352
1.06413
1.06285
1.05975
1.05513
1.04938
1.04282
1.03545
1.02696
1.01695
1.00534
0.992777
0.980771
0.971408
0.966765
0.968079
0.975244
0.986949
1.00146
1.01747
1.03434
1.05162
1.06838
1.08313
1.09434
1.10102
1.10274
1.09944
1.0914
1.0796
1.06636
1.05526
1.04961
1.05044
1.05562
1.06109
1.06308
1.05944
1.05002
1.03637
1.02136
1.00833
0.999685
0.995662
0.994538
0.994088
0.992822
0.990319
0.986959
0.9837
0.981944
0.982972
0.987127
0.993487
1.00063
1.00775
1.01495
1.02262
1.03058
1.03789
1.04316
1.04511
1.04305
1.03708
1.02801
1.01712
1.00579
0.995104
0.985484
0.976687
0.968015
0.958714
0.948318
0.936877
0.92506
0.91434
0.907047
0.906174
0.914397
0.93247
0.958154
0.987088
1.01487
1.03863
1.05745
1.07189
1.08338
1.09348
1.10331
1.11299
1.12168
1.12784
1.12988
1.12671
1.11798
1.10413
1.0861
1.06522
1.04313
1.02188
1.0038
0.99099
0.984756
0.985474
0.992903
1.00637
1.02445
1.04477
1.0644
1.0806
1.09142
1.09596
1.09419
1.0867
1.07449
1.05884
1.04143
1.02438
1.01007
1.00061
0.997537
1.00171
1.01333
1.0316
1.05436
1.07812
1.0992
1.11476
1.12333
1.12473
1.11962
1.10917
1.09479
1.07792
1.05989
1.04181
1.02471
1.00955
0.997153
0.988186
0.983129
0.982244
0.985527
0.992615
1.00275
1.01482
1.02756
1.03961
1.04976
1.05723
1.06176
1.06372
1.06389
1.06316
1.06218
1.06133
1.06077
1.0606
1.06101
1.06226
1.0647
1.06851
1.07361
1.0795
1.08533
1.09009
1.09273
1.09249
1.08908
1.08277
1.07426
1.06439
1.05392
1.04344
1.03359
1.02501
1.018
1.01238
1.00783
1.00445
1.00302
1.0048
1.01093
1.02172
1.03574
1.04983
1.0605
1.06577
1.06609
1.06371
1.06133
1.06091
1.06342
1.06905
1.07742
1.0875
1.09755
1.1056
1.11005
1.11003
1.1055
1.09715
1.08624
1.0744
1.0634
1.05475
1.04938
1.0473
1.04776
1.04962
1.05188
1.05399
1.05593
1.05801
1.06052
1.0635
1.06682
1.07056
1.0752
1.08127
1.08853
1.09536
1.09934
1.09866
1.09328
1.08488
1.07601
1.06908
1.06554
1.06575
1.06892
1.07337
1.07681
1.07714
1.07335
1.06626
1.05832
1.05227
1.0497
1.05047
1.05348
1.05768
1.06248
1.06761
1.07275
1.07738
1.08064
1.0814
1.07832
1.07016
1.05624
1.03712
1.01534
0.995588
0.983764
0.984935
1.00123
1.031
1.06953
1.11089
1.14975
1.18248
1.20729
1.22382
1.23265
1.23488
1.23196
1.22555
1.21729
1.20842
1.19928
1.18929
1.1775
1.16356
1.14819
1.13312
1.12045
1.11201
1.10884
1.11106
1.11783
1.12762
1.13849
1.14839
1.15555
1.1588
1.15772
1.15262
1.14439
1.13422
1.12334
1.11278
1.10331
1.09532
1.08881
1.08371
1.0801
1.0784
1.07876
1.08019
1.08025
1.07624
1.06681
1.05293
1.03757
1.02418
1.01497
1.01045
1.00992
1.01211
1.01556
1.01893
1.02134
1.02236
1.02176
1.01948
1.01571
1.01115
1.00702
1.00465
1.00518
1.00911
1.01631
1.02626
1.03827
1.05181
1.06638
1.08138
1.09588
1.1086
1.11796
1.12235
1.12047
1.11169
1.09633
1.07591
1.05309
1.03117
1.01305
1.00021
0.992267
0.98758
0.984379
0.981824
0.980498
0.981647
0.98559
0.991047
0.996112
0.999577
1.00117
1.00106
0.999402
0.996453
0.992857
0.989735
0.98836
0.989701
0.993993
1.00071
1.00877
1.01693
1.02429
1.03072
1.03702
1.04443
1.05368
1.06442
1.07531
1.08475
1.09154
1.09502
1.095
1.09156
1.08512
1.07659
1.06728
1.0585
1.05126
1.04603
1.04291
1.04201
1.04369
1.0484
1.05621
1.06621
1.07643
1.08433
1.08769
1.08537
1.07783
1.06688
1.0549
1.04384
1.03476
1.02804
1.02385
1.02237
1.02351
1.02664
1.03059
1.03416
1.03677
1.03864
1.04056
1.043
1.04568
1.04772
1.04822
1.04677
1.04346
1.03886
1.03388
1.0298
1.02812
1.03026
1.03711
1.04855
1.06334
1.07938
1.09443
1.10665
1.11487
1.1186
1.11798
1.11368
1.10686
1.09903
1.09174
1.0861
1.08247
1.08043
1.07915
1.07783
1.07608
1.07386
1.07122
1.06801
1.06372
1.05766
1.04929
1.03873
1.02705
1.01609
1.00763
1.00269
1.00127
1.00305
1.00788
1.01557
1.02503
1.03382
1.03899
1.03838
1.03137
1.01864
1.00158
0.98192
0.961884
0.944556
0.933831
0.933276
0.944107
0.963993
0.98819
1.0121
1.03304
1.05043
1.06502
1.07771
1.08871
1.09715
1.10141
1.09991
1.09187
1.07776
1.05924
1.03876
1.01889
1.00168
0.988536
0.9802
0.976858
0.978115
0.982987
0.990034
0.997574
1.00389
1.00759
1.0079
1.00496
0.999782
0.993935
0.988931
0.985603
0.983829
0.982729
0.981111
0.977966
0.972808
0.965927
0.958559
0.952872
0.951477
0.95653
0.968635
0.986501
1.00761
1.02936
1.04982
1.06795
1.08329
1.0957
1.10511
1.1115
1.11505
1.11635
1.11637
1.11593
1.115
1.11266
1.10762
1.09908
1.08699
1.07217
1.05612
1.04081
1.02832
1.02032
1.01772
1.02055
1.02823
1.03986
1.05443
1.07089
1.08813
1.10483
1.11945
1.13034
1.13607
1.13567
1.12874
1.11552
1.09679
1.07384
1.04844
1.02268
0.998599
0.977661
0.960412
0.946725
0.936495
0.930002
0.927808
0.930317
0.937341
0.947892
0.960351
0.97285
0.983644
0.991391
0.995319
0.995296
0.991941
0.986606
0.981159
0.977525
0.977138
0.98041
0.986625
0.994333
1.00201
1.00847
1.013
1.0155
1.01644
1.01686
1.01792
1.02042
1.02444
1.02919
1.03333
1.03529
1.03387
1.02848
1.01923
1.00654
0.99105
0.973801
0.956497
0.941313
0.930208
0.924381
0.924269
0.929812
0.94046
0.955122
0.972325
0.990553
1.00847
1.02498
1.03924
1.05074
1.05947
1.06581
1.07043
1.07405
1.07732
1.08068
1.08402
1.0866
1.08716
1.08465
1.07888
1.07072
1.06141
1.05183
1.04221
1.03249
1.02302
1.01501
1.01022
1.01018
1.0154
1.02546
1.03945
1.05624
1.07426
1.09156
1.10632
1.11718
1.12337
1.12447
1.1204
1.11145
1.09838
1.08221
1.06375
1.04355
1.02267
1.00361
0.989926
0.984206
0.986467
0.99445
1.00497
1.01503
1.02241
1.02592
1.0254
1.02156
1.01559
1.00865
1.00179
0.995949
0.992008
0.990713
0.9925
0.997572
1.00614
1.01843
1.03436
1.05321
1.07345
1.0929
1.10908
1.11973
1.12319
1.1187
1.10642
1.08761
1.06448
1.04014
1.01805
1.00123
0.991351
0.988442
0.991193
0.997631
1.00563
1.01329
1.01903
1.02178
1.02093
1.01642
1.0088
0.999152
0.988991
0.979933
0.97325
0.969521
0.968545
0.969637
0.971967
0.97484
0.977781
0.980496
0.98284
0.984657
0.985692
0.985589
0.984031
0.98104
0.9773
0.974121
0.973054
0.975258
0.980992
0.989539
0.999529
1.00932
1.01737
1.02257
1.02455
1.02391
1.02199
1.02017
1.01907
1.01818
1.01643
1.01305
1.00802
1.00212
0.996559
0.992464
0.99062
0.991336
0.994558
0.999937
1.00686
1.01452
1.02208
1.02888
1.03463
1.03938
1.04338
1.0468
1.04948
1.05094
1.05053
1.04785
1.04304
1.03682
1.03027
1.02451
1.02044
1.01857
1.01903
1.02159
1.02583
1.03127
1.03754
1.04455
1.05241
1.06138
1.07153
1.0827
1.0942
1.10495
1.11361
1.11895
1.12008
1.1165
1.10798
1.09438
1.07574
1.05233
1.02508
0.996033
0.968482
0.946117
0.931268
0.923881
0.922457
0.925874
0.934089
0.947337
0.964999
0.985041
1.00444
1.02022
1.03036
1.03413
1.03204
1.02531
1.01541
1.00383
0.991997
0.981332
0.973103
0.968299
0.967382
0.970318
0.976655
0.985543
0.995585
1.00495
1.01204
1.01644
1.01943
1.02336
1.03036
1.04131
1.05564
1.07174
1.08739
1.10045
1.10934
1.11344
1.11299
1.10885
1.10223
1.09427
1.08585
1.07752
1.06963
1.06239
1.05599
1.05042
1.04542
1.04032
1.03429
1.0265
1.01641
1.0041
0.990501
0.97732
0.966607
0.960112
0.958768
0.962404
0.969863
0.979405
0.989176
0.99769
1.0041
1.00823
1.01031
1.0107
1.00964
1.00743
1.00482
1.00328
1.00455
1.00978
1.0189
1.03084
1.04422
1.05767
1.06987
1.07959
1.08599
1.08872
1.08794
1.08408
1.07761
1.0689
1.05825
1.04603
1.03279
1.01925
1.00636
0.995133
0.986703
0.982165
0.98222
0.986832
0.995189
1.00599
1.01797
1.03016
1.04197
1.05307
1.06325
1.07233
1.08025
1.08687
1.09193
1.09489
1.09509
1.09188
1.0848
1.07404
1.06088
1.04812
1.0394
1.03738
1.04204
1.05101
1.0613
1.07069
1.0779
1.08235
1.08413
1.08411
1.08376
1.08474
1.08818
1.0943
1.10225
1.11058
1.11762
1.12187
1.12222
1.11819
1.11004
1.09862
1.08503
1.07045
1.05645
1.04527
1.0391
1.03863
1.04283
1.05011
1.059
1.06808
1.07596
1.08164
1.08478
1.08561
1.08482
1.08346
1.08284
1.08421
1.08821
1.09451
1.10197
1.10923
1.11528
1.11941
1.12076
1.11825
1.11092
1.09868
1.08277
1.06551
1.04956
1.03697
1.02862
1.02455
1.02437
1.02725
1.03133
1.03374
1.03158
1.02305
1.00804
0.988086
0.966132
0.945815
0.930575
0.922861
0.92381
0.933595
0.951838
0.977101
1.00629
1.03523
1.06033
1.0798
1.09349
1.10208
1.10623
1.10622
1.10198
1.09333
1.08038
1.06376
1.04498
1.02652
1.01169
1.00389
1.00537
1.01607
1.03342
1.05327
1.07138
1.08453
1.09088
1.08999
1.08254
1.07012
1.05505
1.03988
1.0269
1.01763
1.01261
1.01152
1.01354
1.01759
1.02253
1.0275
1.03227
1.03752
1.04456
1.05438
1.06668
1.07999
1.09252
1.10301
1.11076
1.11551
1.11719
1.11598
1.11247
1.1077
1.10296
1.09941
1.09772
1.0979
1.0994
1.10134
1.10279
1.10308
1.1022
1.10067
1.09905
1.09725
1.09457
1.09018
1.08348
1.07438
1.06346
1.05191
1.04126
1.03283
1.02733
1.02497
1.02558
1.02876
1.03386
1.03988
1.04567
1.05028
1.05327
1.05471
1.05487
1.05371
1.05076
1.04525
1.03668
1.02533
1.01254
1.00058
0.992092
0.989069
0.99211
1.00042
1.01254
1.02696
1.0423
1.05727
1.0706
1.08115
1.08811
1.09114
1.09037
1.08631
1.07939
1.06955
1.05611
1.03831
1.01605
0.990407
0.963591
0.938636
0.918866
0.907318
0.906174
0.916295
0.936905
0.965686
0.999439
1.03487
1.06919
1.10016
1.12612
1.14595
1.15921
1.16634
1.16866
1.16799
1.16582
1.16258
1.1574
1.14878
1.13557
1.11782
1.09706
1.07611
1.05829
1.04617
1.04061
1.04053
1.04355
1.04698
1.04866
1.04733
1.04274
1.03541
1.02625
1.01604
1.00538
0.994787
0.985007
0.977081
0.972166
0.971205
0.974708
0.982575
0.994029
1.00778
1.02265
1.03804
1.05352
1.06828
1.08085
1.08969
1.09393
1.09383
1.09058
1.08591
1.08146
1.0783
1.07683
1.07685
1.07779
1.07898
1.07999
1.08075
1.08151
1.08253
1.08367
1.0841
1.0825
1.07743
1.06784
1.05372
1.0366
1.0193
1.00466
0.993925
0.986723
0.982194
0.979953
0.980076
0.982593
0.987163
0.993267
1.00071
1.0098
1.02087
1.03328
1.04498
1.05306
1.05518
1.0509
1.04217
1.03276
1.02651
1.0252
1.02757
1.03051
1.03107
1.02779
1.02081
1.01128
1.00082
0.991307
0.984913
0.984025
0.990643
1.00513
1.02542
1.0476
1.06773
1.0831
1.09248
1.09556
1.09256
1.084
1.0707
1.05405
1.03598
1.01891
1.00527
0.996883
0.994546
0.997795
1.00513
1.01454
1.02413
1.03253
1.03902
1.04352
1.0463
1.04776
1.04824
1.048
1.04729
1.04641
1.04573
1.04551
1.04581
1.04658
1.04778
1.0492
1.0503
1.05008
1.04739
1.04159
1.03317
1.02397
1.01663
