-5.17003
-5.16914
-5.15579
-5.13149
-5.10572
-5.08306
-5.07166
-5.07131
-5.08305
-5.10069
-5.12116
-5.14087
-5.15785
-5.17137
-5.17966
-5.18393
-5.18559
-5.18671
-5.18769
-5.18754
-5.18612
-5.18121
-5.16893
-5.15202
-5.12973
-5.10513
-5.07915
-5.05625
-5.03991
-5.03096
-5.02708
-5.02912
-5.03059
-5.03216
-5.03467
-5.03707
-5.041
-5.04574
-5.05256
-5.05814
-5.06095
-5.06061
-5.05507
-5.0479
-5.0401
-5.03249
-5.0278
-5.02575
-5.02416
-5.02099
-5.01246
-5.00274
-4.99307
-4.98578
-4.98491
-4.99105
-5.00195
-5.01646
-5.03035
-5.04129
-5.05085
-5.06103
-5.07068
-5.08149
-5.09383
-5.10618
-5.11678
-5.12586
-5.12977
-5.12638
-5.11492
-5.09513
-5.06794
-5.03587
-5.0034
-4.97611
-4.9551
-4.93955
-4.9294
-4.92256
-4.92096
-4.92628
-4.93597
-4.94898
-4.96345
-4.97766
-4.99307
-5.00669
-5.02089
-5.03453
-5.04969
-5.06609
-5.08103
-5.09469
-5.10437
-5.10904
-5.10702
-5.09949
-5.08759
-5.07446
-5.06055
-5.05019
-5.04466
-5.04215
-5.04553
-5.04993
-5.05299
-5.05305
-5.04715
-5.03751
-5.02521
-5.01644
-5.01231
-5.01315
-5.02149
-5.03237
-5.04393
-5.05388
-5.06019
-5.0617
-5.05945
-5.05143
-5.03983
-5.02669
-5.01366
-5.00286
-5.00076
-5.00702
-5.02046
-5.03676
-5.0535
-5.06825
-5.0819
-5.09328
-5.10133
-5.10601
-5.10561
-5.10094
-5.09264
-5.08284
-5.07377
-5.06651
-5.06344
-5.06444
-5.06805
-5.07169
-5.07356
-5.07309
-5.06656
-5.05374
-5.03935
-5.02693
-5.01992
-5.01997
-5.03062
-5.05124
-5.07852
-5.10788
-5.13248
-5.15099
-5.15907
-5.15798
-5.14826
-5.13182
-5.10964
-5.08351
-5.05484
-5.02573
-4.99707
-4.97304
-4.95685
-4.94839
-4.94927
-4.9592
-4.97525
-4.99599
-5.021
-5.04736
-5.07554
-5.10017
-5.11876
-5.12889
-5.12971
-5.11907
-5.10155
-5.07505
-5.04279
-5.00909
-4.97704
-4.95329
-4.93937
-4.94081
-4.95589
-4.98223
-5.01559
-5.05097
-5.08516
-5.11383
-5.13664
-5.15135
-5.15495
-5.14952
-5.13487
-5.10924
-5.07814
-5.0428
-5.00732
-4.9762
-4.95236
-4.9395
-4.94193
-4.95871
-4.98735
-5.02868
-5.07905
-5.13225
-5.18557
-5.23124
-5.26883
-5.29607
-5.31269
-5.32013
-5.3204
-5.31567
-5.30808
-5.29681
-5.28323
-5.26477
-5.24001
-5.2109
-5.1763
-5.13904
-5.1031
-5.07194
-5.04926
-5.03766
-5.03592
-5.03775
-5.04311
-5.04991
-5.0564
-5.06575
-5.0785
-5.09497
-5.11627
-5.1378
-5.16012
-5.18049
-5.19824
-5.21368
-5.22688
-5.23725
-5.2438
-5.24613
-5.24428
-5.23873
-5.23091
-5.22179
-5.21169
-5.19724
-5.18063
-5.16123
-5.13999
-5.11658
-5.09413
-5.07545
-5.06104
-5.05585
-5.06056
-5.073
-5.08927
-5.10604
-5.11969
-5.13133
-5.13942
-5.14738
-5.15345
-5.16043
-5.16739
-5.17236
-5.176
-5.17803
-5.17623
-5.17125
-5.16471
-5.15745
-5.14782
-5.13724
-5.1242
-5.10998
-5.09661
-5.08153
-5.06552
-5.0486
-5.03013
-5.01198
-4.99568
-4.98448
-4.9785
-4.98097
-4.99058
-5.00646
-5.02819
-5.05203
-5.07881
-5.1062
-5.13352
-5.16063
-5.18418
-5.2051
-5.21956
-5.22721
-5.22749
-5.22024
-5.20917
-5.19724
-5.18595
-5.17875
-5.17309
-5.16827
-5.15749
-5.13836
-5.11067
-5.08004
-5.04996
-5.02671
-5.01467
-5.01448
-5.02672
-5.04839
-5.07849
-5.11342
-5.1489
-5.18321
-5.21289
-5.23814
-5.25661
-5.26845
-5.27245
-5.26841
-5.25818
-5.24249
-5.22322
-5.20222
-5.17912
-5.15346
-5.12404
-5.09334
-5.06512
-5.04196
-5.02735
-5.02115
-5.02125
-5.02473
-5.03489
-5.0502
-5.06891
-5.08961
-5.10853
-5.12523
-5.13771
-5.14392
-5.14643
-5.14475
-5.13845
-5.12717
-5.11116
-5.09081
-5.0666
-5.03965
-5.01273
-4.98996
-4.97584
-4.97011
-4.97187
-4.98024
-4.99268
-5.00631
-5.01837
-5.02812
-5.03566
-5.04052
-5.0447
-5.05128
-5.06228
-5.07614
-5.0965
-5.11892
-5.14408
-5.1679
-5.1887
-5.20411
-5.21206
-5.21212
-5.20453
-5.19049
-5.17156
-5.14922
-5.12735
-5.10925
-5.09662
-5.08792
-5.08618
-5.08741
-5.0898
-5.09308
-5.09379
-5.09135
-5.08459
-5.07418
-5.0605
-5.04651
-5.03276
-5.02189
-5.01445
-5.00772
-5.00041
-4.9913
-4.97879
-4.96712
-4.95848
-4.95521
-4.95995
-4.97071
-4.98522
-5.00147
-5.01731
-5.03207
-5.04718
-5.06389
-5.08728
-5.11498
-5.14619
-5.17904
-5.21013
-5.23501
-5.25141
-5.26007
-5.26028
-5.25489
-5.24187
-5.22329
-5.20065
-5.1746
-5.14675
-5.11875
-5.09148
-5.06556
-5.04199
-5.02072
-5.00257
-4.98786
-4.97778
-4.97375
-4.97623
-4.98608
-5.00383
-5.02889
-5.06032
-5.09383
-5.1262
-5.15511
-5.17517
-5.18586
-5.18658
-5.17744
-5.16142
-5.13863
-5.11276
-5.08592
-5.06005
-5.03732
-5.01537
-4.99424
-4.97388
-4.95333
-4.9365
-4.92468
-4.92538
-4.93975
-4.96378
-4.99453
-5.02439
-5.04842
-5.06408
-5.07347
-5.07805
-5.07897
-5.08201
-5.08595
-5.08982
-5.09161
-5.08755
-5.0763
-5.05731
-5.03124
-5.001
-4.9704
-4.94326
-4.9246
-4.91893
-4.92572
-4.94291
-4.96603
-4.99166
-5.01799
-5.03825
-5.05029
-5.05315
-5.04858
-5.03701
-5.02403
-5.01364
-5.0083
-5.0098
-5.01877
-5.03275
-5.04997
-5.06701
-5.08163
-5.09206
-5.09657
-5.09707
-5.0947
-5.09023
-5.08254
-5.07346
-5.06109
-5.04584
-5.03056
-5.01413
-4.99788
-4.98224
-4.96824
-4.954
-4.94167
-4.93133
-4.92407
-4.92202
-4.92149
-4.92398
-4.92583
-4.93256
-4.94641
-4.96764
-4.99312
-5.02253
-5.05029
-5.07445
-5.09281
-5.10821
-5.11864
-5.12557
-5.12985
-5.13022
-5.12688
-5.12128
-5.11477
-5.10799
-5.10089
-5.09603
-5.09043
-5.08424
-5.07592
-5.06384
-5.04876
-5.03113
-5.01583
-5.00728
-5.00801
-5.01701
-5.03663
-5.06224
-5.09173
-5.12044
-5.14694
-5.16944
-5.18621
-5.19713
-5.20068
-5.19755
-5.18948
-5.17682
-5.16391
-5.15187
-5.14159
-5.1368
-5.13752
-5.14503
-5.15822
-5.1741
-5.1923
-5.20681
-5.21732
-5.22142
-5.21939
-5.21519
-5.20884
-5.20086
-5.19321
-5.18647
-5.17864
-5.1691
-5.15929
-5.14753
-5.13551
-5.12353
-5.11381
-5.10671
-5.10196
-5.10198
-5.10418
-5.10955
-5.12036
-5.13596
-5.15365
-5.17245
-5.18878
-5.202
-5.21246
-5.21918
-5.2233
-5.22718
-5.22883
-5.23126
-5.2331
-5.23817
-5.24201
-5.24639
-5.2488
-5.24845
-5.24395
-5.23545
-5.22102
-5.20214
-5.17931
-5.15168
-5.12371
-5.09866
-5.07815
-5.06483
-5.0596
-5.06554
-5.07597
-5.0906
-5.10871
-5.12817
-5.14891
-5.17151
-5.19332
-5.21362
-5.22936
-5.23978
-5.24716
-5.2537
-5.25986
-5.26425
-5.26744
-5.26608
-5.26002
-5.24588
-5.22703
-5.20409
-5.17988
-5.1559
-5.13238
-5.10933
-5.08647
-5.06479
-5.04691
-5.03436
-5.02816
-5.02748
-5.03066
-5.03715
-5.04492
-5.05213
-5.05728
-5.06031
-5.06215
-5.06234
-5.06176
-5.06486
-5.07089
-5.08185
-5.09726
-5.11804
-5.14053
-5.16405
-5.18467
-5.20066
-5.21191
-5.2154
-5.2114
-5.20098
-5.18535
-5.16385
-5.13792
-5.10885
-5.08049
-5.0564
-5.04063
-5.03763
-5.04581
-5.06514
-5.09302
-5.12366
-5.15279
-5.17635
-5.18979
-5.1935
-5.18702
-5.17494
-5.16197
-5.14958
-5.1393
-5.13241
-5.12741
-5.1242
-5.11798
-5.10805
-5.09175
-5.07052
-5.04947
-5.03274
-5.02238
-5.0188
-5.01828
-5.02033
-5.02123
-5.0218
-5.02212
-5.02268
-5.02484
-5.02976
-5.03845
-5.0515
-5.06883
-5.08814
-5.10822
-5.12865
-5.14562
-5.15828
-5.1629
-5.15927
-5.14599
-5.12492
-5.09849
-5.07158
-5.04941
-5.03266
-5.02364
-5.02189
-5.02076
-5.01925
-5.01449
-5.00788
-5.00151
-4.99678
-4.99679
-5.00078
-5.00639
-5.01164
-5.01721
-5.02323
-5.02793
-5.03324
-5.04003
-5.04915
-5.0599
-5.07316
-5.08871
-5.10563
-5.12351
-5.14045
-5.15585
-5.17048
-5.18316
-5.19189
-5.19577
-5.19328
-5.18556
-5.17174
-5.15405
-5.13553
-5.11838
-5.10102
-5.08483
-5.06994
-5.05813
-5.04971
-5.0465
-5.04587
-5.04835
-5.05081
-5.05259
-5.05313
-5.05063
-5.0441
-5.03366
-5.01882
-5.00063
-4.98199
-4.96658
-4.9609
-4.96611
-4.98361
-5.01154
-5.04271
-5.07645
-5.10879
-5.13501
-5.15342
-5.16217
-5.16378
-5.15712
-5.14642
-5.13325
-5.1216
-5.11223
-5.10502
-5.10222
-5.10104
-5.10229
-5.10374
-5.10443
-5.10327
-5.10106
-5.09797
-5.09448
-5.09024
-5.08774
-5.08874
-5.09221
-5.09968
-5.10976
-5.12132
-5.13332
-5.14488
-5.15552
-5.16396
-5.17007
-5.17116
-5.16778
-5.16066
-5.14983
-5.13798
-5.12674
-5.11801
-5.11136
-5.10847
-5.10832
-5.11025
-5.11409
-5.1188
-5.12155
-5.12255
-5.1166
-5.10626
-5.09335
-5.07815
-5.06524
-5.05871
-5.05828
-5.06608
-5.07698
-5.08756
-5.09562
-5.10082
-5.10308
-5.10534
-5.10534
-5.1045
-5.10022
-5.09228
-5.08513
-5.07949
-5.07733
-5.0769
-5.07791
-5.07862
-5.07655
-5.06946
-5.05579
-5.03758
-5.01502
-4.99007
-4.96556
-4.94716
-4.937
-4.9359
-4.94287
-4.95671
-4.97504
-4.99684
-5.01987
-5.04418
-5.06705
-5.08755
-5.10226
-5.11114
-5.11307
-5.10915
-5.09961
-5.08785
-5.07718
-5.07108
-5.06629
-5.06271
-5.05856
-5.0546
-5.04802
-5.0411
-5.03618
-5.03094
-5.02551
-5.01863
-5.01165
-5.00413
-4.99806
-4.99509
-4.99959
-5.01353
-5.0337
-5.05429
-5.07061
-5.08021
-5.08144
-5.07744
-5.0732
-5.07193
-5.07434
-5.07924
-5.08459
-5.08753
-5.08884
-5.08612
-5.07992
-5.07466
-5.0714
-5.06911
-5.06869
-5.06891
-5.06414
-5.05715
-5.04572
-5.03109
-5.01771
-5.0085
-5.00887
-5.01896
-5.03796
-5.06121
-5.08639
-5.1124
-5.13546
-5.15434
-5.16756
-5.17343
-5.1702
-5.16005
-5.14314
-5.12335
-5.10248
-5.08569
-5.07468
-5.06966
-5.07113
-5.07675
-5.0863
-5.09806
-5.11114
-5.12286
-5.13521
-5.14507
-5.15064
-5.15416
-5.15473
-5.15498
-5.15368
-5.15292
-5.15177
-5.1525
-5.15528
-5.15916
-5.16588
-5.17595
-5.19164
-5.21572
-5.24338
-5.27095
-5.29371
-5.30907
-5.31649
-5.31606
-5.30506
-5.28154
-5.24614
-5.20046
-5.15181
-5.10526
-5.06816
-5.04577
-5.03791
-5.04288
-5.05733
-5.07826
-5.10489
-5.13223
-5.15772
-5.17876
-5.19398
-5.20153
-5.20271
-5.19627
-5.18485
-5.16824
-5.1473
-5.12284
-5.09782
-5.07267
-5.05283
-5.0381
-5.02877
-5.02712
-5.03171
-5.0409
-5.05312
-5.06489
-5.07497
-5.08384
-5.08942
-5.09339
-5.09269
-5.09123
-5.08894
-5.08472
-5.082
-5.07864
-5.07712
-5.07419
-5.07387
-5.0734
-5.07493
-5.07763
-5.07814
-5.07652
-5.0709
-5.06241
-5.04845
-5.03187
-5.01353
-4.99676
-4.98466
-4.98089
-4.98465
-4.99612
-5.01453
-5.03798
-5.06384
-5.08738
-5.10464
-5.11203
-5.10822
-5.09235
-5.07175
-5.0522
-5.037
-5.02935
-5.02679
-5.02646
-5.02789
-5.02626
-5.02345
-5.01868
-5.01416
-5.01269
-5.01577
-5.02042
-5.02904
-5.03828
-5.04756
-5.05759
-5.06444
-5.06666
-5.06423
-5.05928
-5.05075
-5.03998
-5.02814
-5.01719
-5.01028
-5.00767
-5.01178
-5.0228
-5.03983
-5.06184
-5.08564
-5.10954
-5.13061
-5.14655
-5.1581
-5.16135
-5.15611
-5.14107
-5.11808
-5.08815
-5.05678
-5.02941
-5.01008
-5.00332
-5.0094
-5.02521
-5.04566
-5.06595
-5.08054
-5.08324
-5.07668
-5.06027
-5.0415
-5.0226
-5.00702
-4.99603
-4.99002
-4.98687
-4.98748
-4.98849
-4.98931
-4.99218
-4.99406
-4.99771
-5.00121
-5.00855
-5.02066
-5.03912
-5.06182
-5.08612
-5.10816
-5.12345
-5.12777
-5.11958
-5.09702
-5.06181
-5.02092
-4.97914
-4.94112
-4.91029
-4.88927
-4.87594
-4.87104
-4.87322
-4.88143
-4.89582
-4.9135
-4.9322
-4.94984
-4.96651
-4.97917
-4.99137
-5.00231
-5.01252
-5.02417
-5.03931
-5.06017
-5.08844
-5.12213
-5.15733
-5.19234
-5.22327
-5.24816
-5.26362
-5.26903
-5.26578
-5.25414
-5.23837
-5.22302
-5.2121
-5.20649
-5.20559
-5.20731
-5.20934
-5.21054
-5.20739
-5.19841
-5.18165
-5.16195
-5.1426
-5.12542
-5.11621
-5.11467
-5.11945
-5.12497
-5.13107
-5.13461
-5.13232
-5.12497
-5.11127
-5.09057
-5.06628
-5.03982
-5.01269
-4.98686
-4.9644
-4.94864
-4.94002
-4.93915
-4.94726
-4.96163
-4.98162
-5.00597
-5.03067
-5.0562
-5.07898
-5.09744
-5.11031
-5.11883
-5.12022
-5.11765
-5.11083
-5.10067
-5.08924
-5.07863
-5.06625
-5.05213
-5.03784
-5.02076
-5.00234
-4.9852
-4.97157
-4.96268
-4.96153
-4.97028
-4.98774
-5.01213
-5.04367
-5.07688
-5.10783
-5.13369
-5.15135
-5.15894
-5.15757
-5.14956
-5.1362
-5.11801
-5.10011
-5.08382
-5.07215
-5.06496
-5.06233
-5.06541
-5.06904
-5.0719
-5.07091
-5.06517
-5.05266
-5.03646
-5.02031
-5.00659
-4.99837
-4.99604
-4.99825
-5.00256
-5.00642
-5.00854
-5.00705
-5.00299
-4.99529
-4.98602
-4.97819
-4.97415
-4.97429
-4.97919
-4.98969
-5.00067
-5.01141
-5.02091
-5.02938
-5.03922
-5.04974
-5.06151
-5.07514
-5.08796
-5.10109
-5.11184
-5.12049
-5.12486
-5.12592
-5.12467
-5.11891
-5.11267
-5.10497
-5.09694
-5.08801
-5.08021
-5.07371
-5.0713
-5.07529
-5.08374
-5.09573
-5.10891
-5.12074
-5.12637
-5.12844
-5.12478
-5.1201
-5.11491
-5.11395
-5.11848
-5.1232
-5.12679
-5.12494
-5.11561
-5.09748
-5.07346
-5.04456
-5.0126
-4.98405
-4.96267
-4.95269
-4.95328
-4.96217
-4.98158
-5.0044
-5.03034
-5.059
-5.08676
-5.11196
-5.13132
-5.14433
-5.15143
-5.15465
-5.15533
-5.15505
-5.15604
-5.15919
-5.16167
-5.16149
-5.15903
-5.15294
-5.14538
-5.13864
-5.13397
-5.13588
-5.14531
-5.16378
-5.18481
-5.20575
-5.22419
-5.23716
-5.24569
-5.25117
-5.25452
-5.25758
-5.25822
-5.25742
-5.25566
-5.25617
-5.25946
-5.266
-5.27109
-5.27386
-5.27358
-5.26563
-5.25332
-5.2356
-5.21513
-5.19202
-5.16735
-5.14379
-5.11708
-5.08736
-5.05373
-5.01944
-4.98557
-4.95972
-4.94403
-4.94091
-4.94856
-4.96389
-4.9858
-5.0095
-5.03351
-5.05442
-5.07106
-5.08298
-5.09186
-5.09764
-5.10363
-5.11127
-5.12045
-5.13426
-5.14976
-5.1644
-5.17267
-5.17386
-5.16601
-5.14956
-5.12691
-5.09914
-5.07122
-5.04572
-5.02503
-5.00968
-4.99874
-4.99145
-4.98485
-4.97947
-4.97557
-4.97512
-4.97754
-4.98408
-4.99348
-5.00541
-5.01631
-5.02597
-5.03254
-5.03302
-5.02886
-5.01767
-5.00301
-4.98714
-4.97334
-4.96589
-4.9642
-4.97041
-4.98293
-5.00195
-5.02473
-5.04874
-5.07143
-5.09421
-5.11074
-5.12433
-5.1335
-5.13966
-5.14321
-5.14447
-5.14152
-5.13215
-5.12051
-5.1052
-5.0923
-5.08624
-5.08938
-5.10118
-5.11898
-5.13766
-5.15361
-5.16561
-5.17479
-5.18188
-5.18774
-5.19011
-5.19039
-5.18656
-5.1809
-5.17524
-5.17386
-5.17765
-5.18632
-5.20061
-5.21699
-5.23154
-5.24227
-5.24608
-5.24497
-5.23733
-5.22579
-5.21283
-5.19955
-5.18925
-5.18397
-5.18241
-5.18186
-5.18189
-5.1833
-5.18388
-5.18491
-5.18258
-5.17902
-5.17146
-5.15696
-5.13616
-5.10826
-5.07898
-5.05298
-5.03133
-5.02058
-5.02067
-5.02796
-5.03906
-5.05355
-5.06476
-5.07337
-5.07828
-5.07951
-5.07952
-5.08012
-5.08309
-5.08732
-5.09162
-5.09207
-5.08722
-5.07616
-5.05887
-5.03792
-5.01594
-4.9973
-4.98389
-4.97946
-4.9813
-4.99099
-5.00637
-5.02887
-5.05234
-5.07472
-5.0984
-5.11975
-5.13917
-5.15501
-5.16649
-5.17201
-5.16952
-5.15932
-5.14308
-5.12384
-5.10485
-5.08879
-5.07749
-5.07346
-5.0778
-5.08722
-5.099
-5.10904
-5.11443
-5.11434
-5.10789
-5.09729
-5.0846
-5.07192
-5.06043
-5.05144
-5.04755
-5.0476
-5.05272
-5.06133
-5.07419
-5.08979
-5.10772
-5.12597
-5.14435
-5.15965
-5.17063
-5.17805
-5.18357
-5.18544
-5.18388
-5.18092
-5.1746
-5.17005
-5.16312
-5.15392
-5.14319
-5.12874
-5.11347
-5.09719
-5.08342
-5.07256
-5.06314
-5.05931
-5.06082
-5.06535
-5.07264
-5.07858
-5.08343
-5.08367
-5.07906
-5.07071
-5.05931
-5.04955
-5.04065
-5.03609
-5.03589
-5.03692
-5.04066
-5.04556
-5.05382
-5.06316
-5.07247
-5.07975
-5.08396
-5.08303
-5.08094
-5.07924
-5.08019
-5.08428
-5.0912
-5.09776
-5.10454
-5.10947
-5.11215
-5.11388
-5.11388
-5.11541
-5.11497
-5.11632
-5.1166
-5.11761
-5.11657
-5.11631
-5.11439
-5.11305
-5.11223
-5.11428
-5.11288
-5.10823
-5.09828
-5.08432
-5.06766
-5.04988
-5.03325
-5.02082
-5.01587
-5.02027
-5.03069
-5.04522
-5.06126
-5.07357
-5.08174
-5.08577
-5.08505
-5.08401
-5.08381
-5.08945
-5.10333
-5.12317
-5.14625
-5.16988
-5.18846
-5.19874
-5.20319
-5.2018
-5.1968
-5.19094
-5.18408
-5.17768
-5.16942
-5.15805
-5.14269
-5.12033
-5.09222
-5.06096
-5.03023
-5.00397
-4.98816
-4.98348
-4.98926
-5.00447
-5.02424
-5.04404
-5.06229
-5.07545
-5.08518
-5.08999
-5.08941
-5.08417
-5.07733
-5.06675
-5.05638
-5.04823
-5.0416
-5.03569
-5.03048
-5.02626
-5.02019
-5.0129
-5.00417
-4.99486
-4.98275
-4.96944
-4.95499
-4.94218
-4.93152
-4.92536
-4.92492
-4.93198
-4.94558
-4.96456
-4.98669
-5.00757
-5.02646
-5.04091
-5.05199
-5.05781
-5.06053
-5.05997
-5.05675
-5.0505
-5.04031
-5.02516
-5.00876
-4.99231
-4.97982
-4.97484
-4.97821
-4.98749
-5.00073
-5.01454
-5.02814
-5.0402
-5.05025
-5.05784
-5.06378
-5.06586
-5.06217
-5.05504
-5.04875
-5.04509
-5.0464
-5.05338
-5.06349
-5.07479
-5.08374
-5.08906
-5.09295
-5.09591
-5.09749
-5.1005
-5.10566
-5.11123
-5.1162
-5.11817
-5.11618
-5.1103
-5.10275
-5.09586
-5.09359
-5.09687
-5.10607
-5.11974
-5.13533
-5.1517
-5.16888
-5.18481
-5.19781
-5.20575
-5.21066
-5.20989
-5.20409
-5.19226
-5.17715
-5.1625
-5.14951
-5.13931
-5.13143
-5.12487
-5.11616
-5.10734
-5.09738
-5.08848
-5.08368
-5.08456
-5.09067
-5.10187
-5.11148
-5.11731
-5.11578
-5.10713
-5.09217
-5.07738
-5.06531
-5.06083
-5.06592
-5.08316
-5.10745
-5.13599
-5.16562
-5.1915
-5.21143
-5.22212
-5.22342
-5.21681
-5.20215
-5.18314
-5.16324
-5.14474
-5.12718
-5.11096
-5.09495
-5.07968
-5.06647
-5.05552
-5.05198
-5.05502
-5.06354
-5.0774
-5.09331
-5.10857
-5.11816
-5.12122
-5.11535
-5.09956
-5.07645
-5.05085
-5.03085
-5.01572
-5.00952
-5.00635
-5.00525
-5.00357
-5.00003
-4.99294
-4.98516
-4.97813
-4.97517
-4.97417
-4.97694
-4.98006
-4.98238
-4.9835
-4.98643
-4.99233
-5.00303
-5.01799
-5.03951
-5.06378
-5.08899
-5.11348
-5.13426
-5.14827
-5.15744
-5.16114
-5.16095
-5.15693
-5.14994
-5.1419
-5.13466
-5.12734
-5.1201
-5.11305
-5.10337
-5.09103
-5.07446
-5.05119
-5.02228
-4.98699
-4.94671
-4.90662
-4.8725
-4.84801
-4.83664
-4.83922
-4.8529
-4.87256
-4.89789
-4.9283
-4.96393
-5.0004
-5.03388
-5.05976
-5.07423
-5.079
-5.07355
-5.06307
-5.05159
-5.03868
-5.02612
-5.01565
-5.00815
-5.00172
-4.99795
-4.99844
-5.00246
-5.01086
-5.01984
-5.02917
-5.03388
-5.03125
-5.01968
-5.00195
-4.98626
-4.97969
-4.9897
-5.01074
-5.03577
-5.05649
-5.07373
-5.0851
-5.09273
-5.0969
-5.09922
-5.10239
-5.10171
-5.09909
-5.09158
-5.08374
-5.07561
-5.07171
-5.07397
-5.07941
-5.0854
-5.08957
-5.09227
-5.09244
-5.09353
-5.09641
-5.10078
-5.10614
-5.10969
-5.11373
-5.12277
-5.1364
-5.15171
-5.164
-5.17091
-5.1719
-5.17089
-5.16854
-5.16675
-5.16903
-5.17428
-5.18128
-5.18926
-5.19479
-5.1971
-5.19481
-5.18521
-5.16974
-5.14543
-5.11168
-5.07014
-5.02475
-4.97846
-4.93882
-4.91011
-4.89434
-4.89231
-4.90472
-4.92812
-4.95833
-4.99038
-5.02086
-5.04299
-5.05922
-5.06702
-5.06711
-5.06027
-5.0493
-5.03697
-5.02485
-5.01533
-5.00841
-5.00366
-4.99896
-4.9949
-4.99102
-4.98826
-4.9921
-5.00213
-5.01726
-5.03622
-5.05471
-5.06967
-5.07959
-5.08242
-5.08214
-5.07927
-5.07559
-5.07183
-5.07009
-5.06874
-5.06741
-5.06406
-5.05657
-5.04867
-5.03832
-5.02819
-5.01905
-5.01434
-5.01538
-5.02282
-5.03399
-5.04611
-5.05654
-5.06485
-5.06934
-5.07011
-5.06848
-5.0638
-5.05966
-5.05881
-5.06146
-5.06915
-5.0816
-5.09701
-5.11191
-5.12221
-5.12453
-5.11734
-5.10129
-5.08032
-5.05814
-5.03782
-5.02515
-5.02248
-5.03274
-5.05313
-5.08172
-5.11343
-5.14273
-5.17016
-5.19163
-5.20687
-5.21673
-5.21955
-5.21573
-5.20023
-5.17634
-5.14111
-5.09809
-5.05697
-5.02828
-5.01932
-5.02424
-5.0375
-5.05082
-5.06475
-5.07802
-5.08823
-5.09491
-5.09675
-5.09608
-5.09135
-5.08701
-5.0846
-5.08602
-5.09197
-5.10247
-5.11472
-5.12434
-5.13144
-5.13663
-5.14053
-5.1466
-5.15287
-5.16026
-5.17048
-5.17983
-5.1883
-5.19577
-5.20026
-5.20235
-5.2027
-5.2036
-5.20484
-5.20775
-5.21274
-5.22248
-5.23598
-5.24678
-5.25505
-5.25681
-5.25064
-5.23768
-5.21633
-5.18864
-5.15718
-5.12614
-5.0983
-5.07931
-5.07005
-5.06956
-5.07409
-5.08077
-5.08835
-5.09584
-5.10058
-5.10506
-5.10803
-5.11106
-5.11245
-5.11277
-5.11376
-5.11579
-5.11676
-5.11653
-5.11596
-5.11314
-5.10819
-5.10212
-5.09591
-5.09188
-5.0927
-5.09873
-5.10867
-5.12175
-5.13325
-5.13894
-5.13802
-5.12883
-5.113
-5.09266
-5.07124
-5.05213
-5.03944
-5.03173
-5.0324
-5.04098
-5.05919
-5.08473
-5.11554
-5.14661
-5.17366
-5.19186
-5.19933
-5.19528
-5.1802
-5.15617
-5.12512
-5.09072
-5.05435
-5.01987
-4.98409
-4.95362
-4.93064
-4.91903
-4.9205
-4.93706
-4.96971
-5.01246
-5.0622
-5.11071
-5.14995
-5.17731
-5.19109
-5.19026
-5.17695
-5.15435
-5.12475
-5.09515
-5.0717
-5.05627
-5.05629
-5.06884
-5.09135
-5.11695
-5.14211
-5.16093
-5.17136
-5.17225
-5.16366
-5.14406
-5.11484
-5.0764
-5.0323
-4.99184
-4.96326
-4.95123
-4.95667
-4.97239
-4.99301
-5.01138
-5.02736
-5.03795
-5.04321
-5.04465
-5.04722
-5.05168
-5.05965
-5.06808
-5.07413
-5.07434
-5.07269
-5.07569
-5.08845
-5.11077
-5.13487
-5.15601
-5.17215
-5.18506
-5.19335
-5.19802
-5.19813
-5.19584
-5.18844
-5.17797
-5.16514
-5.15544
-5.14451
-5.13596
-5.12829
-5.12051
-5.11231
-5.10352
-5.0942
-5.0832
-5.07135
-5.05864
-5.0466
-5.03576
-5.0287
-5.0298
-5.04134
-5.05729
-5.07418
-5.08638
-5.09195
-5.09164
-5.08627
-5.07851
-5.07156
-5.06926
-5.07353
-5.08322
-5.09669
-5.11148
-5.1248
-5.13175
-5.13186
-5.12361
-5.10905
-5.09214
-5.07732
-5.06945
-5.07218
-5.08582
-5.10634
-5.13052
-5.1533
-5.17043
-5.18051
-5.18117
-5.17024
-5.14971
-5.1204
-5.08402
-5.04323
-5.00531
-4.97465
-4.95658
-4.95475
-4.96693
-4.98715
-5.00943
-5.03105
-5.04728
-5.05635
-5.05894
-5.05424
-5.04414
-5.02927
-5.01149
-4.99047
-4.96977
-4.95346
-4.94118
-4.93483
-4.93302
-4.93649
-4.94317
-4.95318
-4.9669
-4.9825
-4.99886
-5.01442
-5.02803
-5.03678
-5.04305
-5.04642
-5.04861
-5.05074
-5.05537
-5.06069
-5.06627
-5.07148
-5.07444
-5.07583
-5.0768
-5.07784
-5.0801
-5.08583
-5.09415
-5.10323
-5.11212
-5.11972
-5.1267
-5.13108
-5.13259
-5.12925
-5.12081
-5.10839
-5.0921
-5.07399
-5.05679
-5.04472
-5.03723
-5.0355
-5.03905
-5.04648
-5.05619
-5.06659
-5.07842
-5.08821
-5.09695
-5.10355
-5.10764
-5.11078
-5.11119
-5.10793
-5.10325
-5.09699
-5.09127
-5.08549
-5.07914
-5.0724
-5.06442
-5.05304
-5.03791
-5.01963
-5.00046
-4.98353
-4.96889
-4.95633
-4.94728
-4.94086
-4.93552
-4.93584
-4.94133
-4.95179
-4.96847
-4.9883
-5.00962
-5.03117
-5.05569
-5.08241
-5.11037
-5.13894
-5.16509
-5.18561
-5.20076
-5.20814
-5.20721
-5.19944
-5.18559
-5.16663
-5.14532
-5.1204
-5.0951
-5.0708
-5.04832
-5.02789
-5.00851
-4.99445
-4.9861
-4.98486
-4.99001
-5.00355
-5.02137
-5.04093
-5.06084
-5.07909
-5.09503
-5.11009
-5.1228
-5.13405
-5.14216
-5.14722
-5.14673
-5.14027
-5.12798
-5.11103
-5.09008
-5.07063
-5.05252
-5.0402
-5.03368
-5.03166
-5.03232
-5.03618
-5.03704
-5.03754
-5.03636
-5.03299
-5.03026
-5.02923
-5.03147
-5.03809
-5.04861
-5.0615
-5.07409
-5.08324
-5.08827
-5.08853
-5.08511
-5.07925
-5.07404
-5.07205
-5.07309
-5.07982
-5.08896
-5.09804
-5.10438
-5.10487
-5.10053
-5.08988
-5.07457
-5.05876
-5.04323
-5.02968
-5.01942
-5.0108
-5.00687
-5.00556
-5.00674
-5.01174
-5.01865
-5.02613
-5.0343
-5.04308
-5.051
-5.05857
-5.06661
-5.07326
-5.07834
-5.08157
-5.08303
-5.0797
-5.07415
-5.06647
-5.05973
-5.05689
-5.05941
-5.06684
-5.07695
-5.08809
-5.09694
-5.10076
-5.10398
-5.10861
-5.11447
-5.12221
-5.13289
-5.14382
-5.15619
-5.16892
-5.17993
-5.18748
-5.19192
-5.18832
-5.18028
-5.17003
-5.15858
-5.14784
-5.13849
-5.12816
-5.11566
-5.10093
-5.08626
-5.07615
-5.074
-5.08026
-5.09307
-5.10636
-5.11522
-5.1195
-5.11706
-5.10927
-5.09953
-5.09047
-5.08671
-5.08767
-5.09175
-5.0965
-5.09803
-5.09612
-5.09014
-5.08174
-5.07448
-5.07092
-5.07096
-5.06995
-5.06676
-5.06134
-5.05367
-5.04697
-5.04289
-5.03994
-5.03753
-5.03798
-5.03972
-5.04264
-5.0478
-5.05394
-5.06063
-5.06885
-5.07527
-5.08339
-5.09241
-5.10315
-5.11467
-5.12921
-5.14485
-5.16028
-5.1735
-5.18338
-5.1883
-5.18964
-5.1872
-5.18322
-5.17926
-5.17594
-5.17497
-5.17675
-5.1791
-5.18113
-5.18038
-5.1766
-5.17289
-5.16959
-5.16809
-5.16683
-5.16444
-5.1599
-5.14983
-5.13705
-5.11866
-5.09766
-5.07522
-5.05118
-5.02622
-5.00284
-4.98298
-4.9679
-4.95906
-4.95806
-4.96387
-4.97839
-4.9973
-5.01728
-5.03688
-5.05183
-5.0612
-5.06557
-5.06556
-5.06461
-5.06314
-5.06069
-5.05828
-5.05703
-5.05565
-5.05351
-5.04912
-5.04414
-5.03895
-5.03527
-5.0364
-5.03918
-5.04631
-5.05516
-5.06394
-5.07248
-5.08106
-5.08913
-5.09764
-5.10745
-5.11784
-5.12968
-5.1401
-5.14842
-5.15234
-5.1511
-5.14497
-5.13348
-5.12025
-5.10227
-5.07986
-5.0526
-5.02369
-4.9988
-4.98278
-4.97684
-4.97708
-4.98086
-4.98452
-4.99133
-5.00289
-5.02494
-5.05231
-5.08123
-5.10782
-5.12551
-5.1353
-5.13475
-5.12423
-5.10488
-5.08011
-5.05373
-5.02857
-5.00841
-4.99567
-4.98974
-4.98955
-4.99158
-4.99653
-5.0024
-5.01123
-5.02336
-5.03813
-5.05435
-5.07149
-5.08774
-5.10171
-5.11424
-5.12453
-5.13322
-5.13931
-5.14463
-5.14719
-5.14632
-5.14022
-5.1282
-5.11153
-5.09453
-5.07846
-5.06852
-5.06723
-5.07581
-5.09226
-5.11522
-5.13903
-5.15984
-5.17527
-5.18503
-5.18946
-5.1894
-5.18499
-5.1779
-5.16831
-5.15805
-5.14683
-5.13664
-5.12666
-5.11872
-5.11113
-5.1073
-5.10887
-5.11114
-5.11587
-5.11962
-5.12087
-5.11952
-5.11455
-5.10608
-5.09445
-5.08389
-5.07656
-5.07438
-5.07812
-5.08931
-5.10616
-5.1264
-5.14874
-5.17072
-5.18987
-5.20571
-5.21762
-5.22513
-5.23003
-5.23301
-5.23436
-5.23342
-5.23144
-5.22965
-5.22693
-5.2263
-5.22637
-5.23125
-5.23723
-5.24344
-5.2463
-5.24487
-5.23591
-5.22401
-5.20874
-5.19393
-5.18288
-5.17868
-5.1824
-5.19371
-5.20856
-5.2224
-5.23167
-5.23586
-5.23266
-5.22596
-5.21627
-5.20635
-5.19842
-5.1957
-5.19811
-5.20366
-5.20961
-5.21259
-5.20838
-5.19708
-5.17932
-5.1564
-5.131
-5.10845
-5.0892
-5.0739
-5.06545
-5.06178
-5.06028
-5.06087
-5.05991
-5.05508
-5.05074
-5.04418
-5.03604
-5.02745
-5.01905
-5.01399
-5.01486
-5.02367
-5.03905
-5.05921
-5.08064
-5.1
-5.1133
-5.12073
-5.11939
-5.11257
-5.10213
-5.09036
-5.0807
-5.07219
-5.06824
-5.06809
-5.07119
-5.07357
-5.07364
-5.07062
-5.06309
-5.05196
-5.03673
-5.01608
-4.99003
-4.96161
-4.93314
-4.90864
-4.8922
-4.88841
-4.89961
-4.92474
-4.96052
-5.00091
-5.03905
-5.07202
-5.09821
-5.11771
-5.12964
-5.1338
-5.12946
-5.11778
-5.09905
-5.07626
-5.0516
-5.03229
-5.02046
-5.01684
-5.02349
-5.03833
-5.05603
-5.07626
-5.09235
-5.10302
-5.10793
-5.10605
-5.09833
-5.08753
-5.07409
-5.06179
-5.05225
-5.04415
-5.03903
-5.03883
-5.04345
-5.05219
-5.0647
-5.07375
-5.07939
-5.07899
-5.07465
-5.06808
-5.06369
-5.065
-5.07346
-5.09033
-5.11227
-5.13867
-5.16548
-5.18867
-5.20605
-5.21373
-5.21109
-5.19892
-5.18174
-5.16008
-5.14004
-5.12797
-5.12273
-5.12729
-5.13802
-5.14887
-5.1566
-5.15972
-5.15308
-5.13859
-5.11631
-5.08812
-5.05595
-5.0239
-4.99269
-4.96546
-4.94666
-4.93297
-4.92853
-4.93377
-4.94513
-4.96249
-4.98534
-5.0096
-5.03316
-5.05327
-5.07177
-5.08919
-5.10584
-5.12273
-5.1382
-5.15156
-5.16099
-5.16486
-5.16375
-5.15656
-5.14678
-5.13259
-5.11335
-5.09228
-5.07232
-5.05393
-5.03778
-5.02387
-5.01256
-5.00522
-5.00245
-5.00496
-5.0139
-5.0252
-5.0365
-5.04612
-5.05262
-5.0558
-5.05596
-5.05528
-5.05185
-5.04769
-5.04123
-5.03201
-5.02314
-5.01233
-5.00292
-4.99416
-4.98768
-4.98585
-4.98716
-4.99273
-5.0032
-5.01672
-5.03501
-5.05675
-5.08374
-5.11432
-5.14599
-5.17917
-5.21088
-5.23848
-5.25928
-5.27258
-5.27539
-5.26932
-5.25532
-5.23453
-5.21001
-5.18492
-5.15926
-5.1363
-5.11735
-5.10523
-5.10017
-5.10312
-5.11113
-5.1213
-5.12909
-5.13361
-5.13134
-5.12422
-5.11317
-5.10228
-5.09294
-5.08767
-5.08499
-5.08428
-5.08245
-5.07701
-5.0679
-5.0586
-5.04906
-5.04122
-5.03583
-5.03204
-5.03095
-5.0301
-5.03093
-5.03123
-5.03339
-5.03705
-5.04357
-5.04969
-5.05852
-5.06738
-5.07799
-5.08909
-5.10248
-5.11584
-5.1305
-5.1426
-5.14983
-5.15379
-5.15271
-5.14966
-5.14295
-5.13189
-5.11566
-5.09613
-5.07449
-5.0528
-5.03294
-5.01979
-5.01721
-5.02335
-5.03649
-5.05338
-5.07347
-5.09499
-5.11825
-5.1416
-5.16335
-5.18144
-5.19489
-5.20182
-5.19875
-5.18707
-5.16695
-5.14126
-5.11381
-5.08951
-5.07072
-5.06086
-5.0572
-5.05968
-5.06662
-5.07925
-5.0931
-5.10858
-5.12535
-5.14019
-5.15033
-5.15618
-5.15522
-5.1469
-5.13082
-5.11094
-5.087
-5.06035
-5.03404
-5.01112
-4.99405
-4.98708
-4.99361
-5.009
-5.02548
-5.03612
-5.03566
-5.02378
-4.99993
-4.96907
-4.93808
-4.91342
-4.90192
-4.90502
-4.92329
-4.95476
-4.99348
-5.03516
-5.07478
-5.10457
-5.12308
-5.13009
-5.12908
-5.12432
-5.12125
-5.12151
-5.12559
-5.13032
-5.13442
-5.1366
-5.13662
-5.13807
-5.13973
-5.14128
-5.14311
-5.14566
-5.14781
-5.1475
-5.14488
-5.13653
-5.12082
-5.09954
-5.07351
-5.04785
-5.03197
-5.02764
-5.03794
-5.05923
-5.0843
-5.10805
-5.12642
-5.13736
-5.13851
-5.132
-5.11783
-5.10055
-5.08245
-5.06659
-5.05202
-5.04199
-5.03338
-5.02587
-5.01898
-5.01066
-5.00108
-4.99365
-4.98859
-4.98356
-4.98067
-4.97762
-4.97223
-4.96378
-4.95339
-4.94454
-4.94047
-4.94214
-4.95161
-4.96482
-4.97896
-4.9912
-5.00099
-5.00771
-5.01008
-5.008
-5.00297
-4.99756
-4.99325
-4.99245
-4.99571
-5.00273
-5.00971
-5.01433
-5.01875
-5.01789
-5.01431
-5.01158
-5.0124
-5.02059
-5.0401
-5.06751
-5.10096
-5.13329
-5.1606
-5.17959
-5.18782
-5.18691
-5.17807
-5.1613
-5.1389
-5.11473
-5.09252
-5.07507
-5.06462
-5.06079
-5.06273
-5.06896
-5.07572
-5.08148
-5.08002
-5.07228
-5.05756
-5.0395
-5.0194
-4.99847
-4.98057
-4.96938
-4.96699
-4.97649
-4.99628
-5.02553
-5.05751
-5.0901
-5.11745
-5.14049
-5.15678
-5.1678
-5.17233
-5.17036
-5.16316
-5.15419
-5.14369
-5.13183
-5.1191
-5.1057
-5.09137
-5.07838
-5.06711
-5.06
-5.05645
-5.05485
-5.05386
-5.05469
-5.0575
-5.06435
-5.07685
-5.08928
-5.10446
-5.11476
-5.11822
-5.11523
-5.10228
-5.0801
-5.05149
-5.0198
-4.98926
-4.96364
-4.94781
-4.94422
-4.95224
-4.97102
-4.99815
-5.02685
-5.05403
-5.07449
-5.08504
-5.08289
-5.0723
-5.0583
-5.04803
-5.04566
-5.05477
-5.07488
-5.1007
-5.12419
-5.14065
-5.14955
-5.14725
-5.13812
-5.12428
-5.10773
-5.0898
-5.07472
-5.06309
-5.05395
-5.04884
-5.04891
-5.05748
-5.07279
-5.09319
-5.11651
-5.14142
-5.1662
-5.18834
-5.20458
-5.2141
-5.21754
-5.21272
-5.20137
-5.18389
-5.16381
-5.1421
-5.1223
-5.1038
-5.08837
-5.07453
-5.05932
-5.04287
-5.02789
-5.01815
-5.01464
-5.01844
-5.02815
-5.03956
-5.05064
-5.05898
-5.06393
-5.0679
-5.07179
-5.07765
-5.08413
-5.09131
-5.09783
-5.10338
-5.10984
-5.11641
-5.12741
-5.14098
-5.1563
-5.17105
-5.18168
-5.1871
-5.1876
-5.17972
-5.1644
-5.14146
-5.11316
-5.08017
-5.04612
-5.01644
-4.99729
-4.98824
-4.98851
-4.99568
-5.00725
-5.0201
-5.03395
-5.04818
-5.06273
-5.07844
-5.09359
-5.10691
-5.11645
-5.12244
-5.12378
-5.1227
-5.12028
-5.11586
-5.10953
-5.10184
-5.09221
-5.08216
-5.07296
-5.06296
-5.05209
-5.04152
-5.03262
-5.02293
-5.01601
-5.01525
-5.02335
-5.04262
-5.07158
-5.10751
-5.14476
-5.18233
-5.21468
-5.24272
-5.26364
-5.27711
-5.28848
-5.29635
-5.30139
-5.30371
-5.3013
-5.29421
-5.27959
-5.25842
-5.23196
-5.20011
-5.1661
-5.1314
-5.09795
-5.07121
-5.04884
-5.0329
-5.02166
-5.01716
-5.01777
-5.02365
-5.03369
-5.04436
-5.05488
-5.06416
-5.07095
-5.07333
-5.07316
-5.07077
-5.06574
-5.06151
-5.059
-5.05723
-5.05703
-5.05671
-5.05742
-5.05912
-5.05813
-5.05592
-5.05051
-5.04349
-5.03525
-5.02732
-5.0202
-5.01602
-5.01596
-5.01678
-5.01897
-5.02051
-5.0193
-5.01368
-5.00586
-4.99413
-4.97857
-4.96272
-4.9457
-4.93292
-4.92945
-4.93887
-4.96317
-4.99863
-5.0379
-5.07751
-5.11274
-5.14169
-5.15888
-5.16349
-5.1546
-5.13557
-5.10725
-5.07463
-5.03718
-4.99969
-4.96682
-4.93706
-4.9125
-4.89413
-4.8839
-4.88352
-4.89453
-4.91556
-4.94212
-4.97046
-4.99809
-5.02261
-5.0454
-5.06255
-5.07458
-5.07822
-5.07492
-5.06791
-5.06006
-5.05349
-5.04956
-5.04929
-5.05035
-5.05284
-5.05561
-5.05406
-5.05037
-5.04515
-5.03755
-5.03157
-5.02779
-5.02871
-5.03314
-5.04234
-5.05304
-5.06306
-5.07046
-5.07552
-5.07923
-5.08161
-5.08409
-5.0863
-5.08654
-5.08378
-5.07486
-5.05832
-5.03366
-5.00314
-4.96559
-4.92724
-4.89274
-4.86942
-4.86294
-4.87786
-4.9121
-4.95892
-5.00985
-5.05833
-5.09786
-5.12661
-5.14341
-5.15052
-5.14749
-5.13625
-5.11987
-5.09883
-5.07626
-5.0547
-5.03597
-5.02202
-5.01555
-5.01676
-5.02356
-5.0349
-5.0484
-5.06092
-5.07249
-5.08054
-5.08372
-5.08139
-5.07602
-5.07115
-5.0674
-5.0675
-5.07106
-5.0767
-5.08363
-5.09209
-5.10154
-5.11239
-5.12467
-5.13668
-5.14732
-5.15686
-5.16584
-5.17233
-5.17517
-5.17179
-5.16179
-5.14766
-5.12918
-5.10724
-5.08125
-5.05532
-5.03206
-5.01409
-5.00203
-4.99804
-5.00153
-5.01075
-5.02649
-5.04704
-5.0708
-5.09609
-5.11993
-5.14315
-5.16367
-5.18211
-5.19739
-5.21186
-5.22407
-5.23324
-5.23968
-5.24245
-5.24163
-5.2359
-5.22563
-5.20981
-5.19109
-5.17159
-5.1536
-5.13951
-5.12881
-5.12255
-5.11907
-5.11819
-5.1178
-5.11995
-5.12271
-5.12761
-5.13236
-5.13811
-5.14199
-5.1412
-5.13508
-5.11828
-5.09409
-5.06072
-5.0205
-4.98095
-4.94975
-4.93399
-4.93341
-4.94529
-4.95816
-4.96837
-4.97298
-4.97146
-4.96886
-4.97224
-4.98417
-5.0054
-5.03324
-5.06435
-5.0928
-5.11677
-5.13548
-5.14714
-5.1518
-5.15297
-5.14799
-5.13975
-5.12857
-5.11396
-5.09929
-5.08372
-5.06998
-5.05828
-5.05112
-5.05029
-5.0567
-5.07135
-5.09385
-5.11898
-5.14261
-5.16084
-5.17342
-5.17661
-5.1726
-5.1616
-5.1459
-5.12506
-5.10374
-5.08297
-5.06378
-5.04698
-5.03183
-5.01819
-5.0053
-4.99365
-4.98241
-4.97603
-4.97579
-4.98238
-4.99504
-5.0134
-5.03417
-5.05588
-5.07723
-5.09478
-5.10657
-5.11362
-5.11545
-5.11505
-5.11442
-5.11475
-5.1157
-5.11507
-5.11251
-5.10834
-5.10234
-5.09675
-5.09409
-5.09694
-5.10465
-5.11603
-5.12705
-5.13592
-5.13968
-5.13888
-5.13473
-5.12932
-5.1235
-5.12129
-5.12231
-5.12685
-5.13215
-5.13614
-5.13501
-5.12836
-5.11876
-5.10817
-5.10105
-5.09581
-5.09665
-5.10226
-5.1122
-5.12302
-5.13402
-5.14511
-5.15429
-5.16212
-5.16658
-5.16734
-5.16168
-5.15035
-5.13575
-5.12242
-5.11681
-5.12001
-5.13093
-5.14744
-5.16587
-5.1825
-5.19567
-5.20516
-5.20906
-5.20664
-5.19735
-5.18145
-5.15936
-5.13195
-5.10237
-5.07429
-5.04627
-5.0208
-4.9966
-4.97949
-4.97183
-4.97768
-4.99334
-5.01027
-5.02133
-5.02577
-5.02719
-5.02689
-5.02735
-5.03203
-5.04123
-5.05639
-5.07383
-5.09239
-5.10919
-5.12018
-5.1236
-5.11845
-5.10676
-5.09309
-5.08066
-5.0717
-5.06707
-5.06401
-5.05968
-5.05444
-5.04611
-5.03455
-5.02178
-5.00949
-4.99739
-4.99111
-4.98963
-4.99462
-5.00433
-5.01613
-5.02649
-5.03431
-5.0365
-5.03437
-5.02975
-5.02495
-5.02657
-5.03671
-5.05523
-5.0804
-5.10769
-5.13278
-5.15665
-5.17575
-5.19085
-5.2011
-5.205
-5.19897
-5.18591
-5.16356
-5.13362
-5.10121
-5.07131
-5.04997
-5.04057
-5.04243
-5.05313
-5.06848
-5.08784
-5.10745
-5.12099
-5.12796
-5.12661
-5.11684
-5.10192
-5.08655
-5.07367
-5.06714
-5.07072
-5.08381
-5.10452
-5.12956
-5.15745
-5.18328
-5.20507
-5.21944
-5.2223
-5.21431
-5.19646
-5.1716
-5.14487
-5.11848
-5.09822
-5.08616
-5.0859
-5.09593
-5.11296
-5.13435
-5.15175
-5.16679
-5.17536
-5.17957
-5.17765
-5.17027
-5.1571
-5.13737
-5.11147
-5.08115
-5.04709
-5.01456
-4.99031
-4.97712
-4.98328
-5.00887
-5.04703
-5.09231
-5.13543
-5.17061
-5.19407
-5.20669
-5.20668
-5.19732
-5.1789
-5.15434
-5.12738
-5.10241
-5.08454
-5.07411
-5.0715
-5.07429
-5.08103
-5.08769
-5.09581
-5.10238
-5.10873
-5.11379
-5.11679
-5.11806
-5.11669
-5.11519
-5.11267
-5.10744
-5.09907
-5.08762
-5.07471
-5.06237
-5.05148
-5.04339
-5.0396
-5.03845
-5.03733
-5.03628
-5.03408
-5.03154
-5.02856
-5.02643
-5.02561
-5.0257
-5.02909
-5.03385
-5.03913
-5.04321
-5.04692
-5.05057
-5.05604
-5.06335
-5.07077
-5.07926
-5.08581
-5.09388
-5.10109
-5.11026
-5.12137
-5.13323
-5.1441
-5.15288
-5.15543
-5.15516
-5.15221
-5.14799
-5.14109
-5.13162
-5.11672
-5.10154
-5.08047
-5.05444
-5.02641
-5.00005
-4.97648
-4.95966
-4.94963
-4.94651
-4.95195
-4.961
-4.97172
-4.98062
-4.98669
-4.99133
-4.99545
-5.0057
-5.0212
-5.04082
-5.06345
-5.08651
-5.10496
-5.11814
-5.12382
-5.12562
-5.12576
-5.12361
-5.11715
-5.10549
-5.09096
-5.07432
-5.05798
-5.04328
-5.03141
-5.02241
-5.01692
-5.01385
-5.01095
-5.00895
-5.00697
-5.00719
-5.00958
-5.01492
-5.02396
-5.03239
-5.03807
-5.03925
-5.03585
-5.0288
-5.01998
-5.01004
-5.00175
-4.99563
-4.99418
-4.99598
-5.00193
-5.01327
-5.02771
-5.04535
-5.06241
-5.07761
-5.08971
-5.09787
-5.10203
-5.10323
-5.10419
-5.10366
-5.1002
-5.09339
-5.08536
-5.07555
-5.06405
-5.0499
-5.03521
-5.02207
-5.011
-5.00713
-5.01164
-5.02201
-5.03925
-5.05642
-5.07048
-5.07879
-5.08287
-5.08632
-5.08968
-5.09654
-5.10669
-5.12029
-5.135
-5.15011
-5.16216
-5.17044
-5.17369
-5.17352
-5.16885
-5.16046
-5.14932
-5.13649
-5.12262
-5.10981
-5.09767
-5.08725
-5.08007
-5.07792
-5.07951
-5.08687
-5.09725
-5.10718
-5.11473
-5.11933
-5.1215
-5.12262
-5.12302
-5.1259
-5.13067
-5.1371
-5.14247
-5.15036
-5.1586
-5.16627
-5.17334
-5.17687
-5.17743
-5.17477
-5.1686
-5.15937
-5.14675
-5.13307
-5.11911
-5.10917
-5.10353
-5.10311
-5.10688
-5.11429
-5.12292
-5.13283
-5.14203
-5.15044
-5.15622
-5.15922
-5.15918
-5.15496
-5.14761
-5.13807
-5.12647
-5.1136
-5.10012
-5.08491
-5.07073
-5.05792
-5.04893
-5.04253
-5.0403
-5.04465
-5.05758
-5.07963
-5.11031
-5.14576
-5.18146
-5.21486
-5.24102
-5.2569
-5.26276
-5.25944
-5.24891
-5.23501
-5.22007
-5.20848
-5.20037
-5.19655
-5.19435
-5.19177
-5.18716
-5.17481
-5.15605
-5.13025
-5.10008
-5.06666
-5.03671
-5.01656
-5.00893
-5.01534
-5.03243
-5.05557
-5.08123
-5.10358
-5.11932
-5.127
-5.12719
-5.1216
-5.11111
-5.09723
-5.08378
-5.07371
-5.06693
-5.06363
-5.06185
-5.0587
-5.05342
-5.04608
-5.04015
-5.03881
-5.04651
-5.06231
-5.08691
-5.11313
-5.13922
-5.16185
-5.17857
-5.18993
-5.19733
-5.20066
-5.20147
-5.20087
-5.1971
-5.1912
-5.18046
-5.16571
-5.14682
-5.12603
-5.10253
-5.08287
-5.06734
-5.05678
-5.05236
-5.05047
-5.04833
-5.04454
-5.03761
-5.02849
-5.0188
-5.01381
-5.01279
-5.01553
-5.01508
-5.01145
-5.00392
-4.99456
-4.98619
-4.98191
-4.98332
-4.99148
-5.00658
-5.028
-5.0509
-5.07257
-5.0913
-5.10466
-5.10908
-5.10651
-5.09739
-5.08374
-5.06843
-5.05325
-5.04
-5.02857
-5.0205
-5.01659
-5.01548
-5.01772
-5.02479
-5.03915
-5.05902
-5.08095
-5.10375
-5.1236
-5.13988
-5.14882
-5.14994
-5.14466
-5.13175
-5.11458
-5.09446
-5.07621
-5.05988
-5.04641
-5.03555
-5.02675
-5.01985
-5.01746
-5.02367
-5.03472
-5.04925
-5.0612
-5.06773
-5.06621
-5.05558
-5.03921
-5.0197
-5.00282
-4.98816
-4.97907
-4.97545
-4.97687
-4.9807
-4.98657
-4.99335
-5.00067
-5.00995
-5.02219
-5.03846
-5.05919
-5.07987
-5.09889
-5.1118
-5.11889
-5.11704
-5.1084
-5.09225
-5.0696
-5.04293
-5.01259
-4.97977
-4.95038
-4.93095
-4.92919
-4.94492
-4.97391
-5.00663
-5.03569
-5.05614
-5.06696
-5.07191
-5.0727
-5.07097
-5.06993
-5.07385
-5.07922
-5.08605
-5.09384
-5.09962
-5.10202
-5.09892
-5.09184
-5.08072
-5.06808
-5.05209
-5.03705
-5.02571
-5.01873
-5.01971
-5.02432
-5.03311
-5.04225
-5.04997
-5.05419
-5.05439
-5.05076
-5.04441
-5.03507
-5.02735
-5.02275
-5.02323
-5.02778
-5.03738
-5.05023
-5.06445
-5.07888
-5.09152
-5.09898
-5.10125
-5.09813
-5.08799
-5.07415
-5.0575
-5.04069
-5.02462
-5.01293
-5.00586
-5.00458
-5.00826
-5.01315
-5.0162
-5.01685
-5.01603
-5.01616
-5.01833
-5.02362
-5.03164
-5.04265
-5.0544
-5.06614
-5.07574
-5.08087
-5.08218
-5.07615
-5.06475
-5.05187
-5.03966
-5.03148
-5.02905
-5.03178
-5.03752
-5.04553
-5.05319
-5.06002
-5.06582
-5.06837
-5.06663
-5.05985
-5.05046
-5.03944
-5.02834
-5.01592
-5.00535
-4.99624
-4.99015
-4.98944
-4.99516
-5.00575
-5.01951
-5.03333
-5.04691
-5.06233
-5.07789
-5.0941
-5.1068
-5.11299
-5.11421
-5.10884
-5.09923
-5.0882
-5.0779
-5.07064
-5.065
-5.06141
-5.05564
-5.04864
-5.03745
-5.02515
-5.01146
-4.99962
-4.99317
-4.99398
-5.00521
-5.02315
-5.04856
-5.07772
-5.10465
-5.1293
-5.14609
-5.15541
-5.15823
-5.15486
-5.14855
-5.13974
-5.13119
-5.12245
-5.11259
-5.09963
-5.08163
-5.0598
-5.03549
-5.00983
-4.98732
-4.96799
-4.95183
-4.94153
-4.93586
-4.93526
-4.94007
-4.94981
-4.96456
-4.98358
-5.00459
-5.02465
-5.04238
-5.05267
-5.05975
-5.06233
-5.06247
-5.06131
-5.06081
-5.06107
-5.06146
-5.06431
-5.06699
-5.07418
-5.08396
-5.09503
-5.10534
-5.11095
-5.1093
-5.09959
-5.08161
-5.05902
-5.03307
-5.0078
-4.98571
-4.96769
-4.95596
-4.95199
-4.9572
-4.96982
-4.9868
-5.00612
-5.02441
-5.03899
-5.05086
-5.06039
-5.07058
-5.0818
-5.09431
-5.10552
-5.11408
-5.11818
-5.11683
-5.11045
-5.10139
-5.09124
-5.0827
-5.07897
-5.07984
-5.0858
-5.09311
-5.10279
-5.11062
-5.11891
-5.1253
-5.12991
-5.13459
-5.13882
-5.14016
-5.13794
-5.13573
-5.13554
-5.14588
-5.16831
-5.19543
-5.21707
-5.22809
-5.22503
-5.20906
-5.18196
-5.14754
-5.10851
-5.0699
-5.03603
-5.00895
-4.99287
-4.98875
-4.99818
-5.01865
-5.04728
-5.07781
-5.10476
-5.12474
-5.13579
-5.13612
-5.12807
-5.11408
-5.09892
-5.08444
-5.07383
-5.0656
-5.06299
-5.06639
-5.07595
-5.09116
-5.11202
-5.1377
-5.1641
-5.18807
-5.20613
-5.21312
-5.20631
-5.18647
-5.15655
-5.12134
-5.09354
-5.08374
-5.09539
-5.12675
-5.16747
-5.20574
-5.23591
-5.25417
-5.26178
-5.25497
-5.23782
-5.20894
-5.16915
-5.12551
-5.07975
-5.04072
-5.01341
-5.00074
-4.99989
-5.00688
-5.02005
-5.03616
-5.05253
-5.0678
-5.0803
-5.09218
-5.10163
-5.11332
-5.12644
-5.14271
-5.16007
-5.17703
-5.19109
-5.19917
-5.19841
-5.18702
-5.16802
-5.14417
-5.11965
-5.09668
-5.07921
-5.06723
-5.05729
-5.04909
-5.04271
-5.03603
-5.03101
-5.02913
-5.02827
-5.02821
-5.0255
-5.01899
-5.01009
-4.9978
-4.98516
-4.97429
-4.96576
-4.95863
-4.95075
-4.9422
-4.93205
-4.91804
-4.90113
-4.88498
-4.87394
-4.87388
-4.88488
-4.90684
-4.93306
-4.96274
-4.99189
-5.018
-5.042
-5.0652
-5.08417
-5.09987
-5.10993
-5.11394
-5.1169
-5.11884
-5.12106
-5.12486
-5.12669
-5.12696
-5.12584
-5.1203
-5.11111
-5.1024
-5.09528
-5.09056
-5.09172
-5.09736
-5.10624
-5.11975
-5.13358
-5.14725
-5.15922
-5.16926
-5.17796
-5.18623
-5.19156
-5.19582
-5.19806
-5.19684
-5.19287
-5.18512
-5.17117
-5.15025
-5.12523
-5.09586
-5.06579
-5.03731
-5.01343
-4.99884
-4.99398
-5.0027
-5.02104
-5.04666
-5.07462
-5.10145
-5.12409
-5.14098
-5.1528
-5.15769
-5.16142
-5.16004
-5.15497
-5.14589
-5.13134
-5.11179
-5.08819
-5.06295
-5.0387
-5.01657
-4.99775
-4.98241
-4.97058
-4.96218
-4.95706
-4.95318
-4.94979
-4.94708
-4.94833
-4.951
-4.96004
-4.97509
-4.99555
-5.01942
-5.04373
-5.06547
-5.08713
-5.10451
-5.11883
-5.12807
-5.12961
-5.12332
-5.11176
-5.09874
-5.08554
-5.07286
-5.0648
-5.06034
-5.05913
-5.06142
-5.06938
-5.08006
-5.09522
-5.11368
-5.1345
-5.15603
-5.17456
-5.19068
-5.20326
-5.21165
-5.21562
-5.21778
-5.21842
-5.21733
-5.21488
-5.21184
-5.20819
-5.20466
-5.20211
-5.20173
-5.20316
-5.20727
-5.21175
-5.21641
-5.21912
-5.22069
-5.22155
-5.22394
-5.22654
-5.22965
-5.23489
-5.24027
-5.24372
-5.24564
-5.24553
-5.24357
-5.23926
-5.23619
-5.23411
-5.2332
-5.23448
-5.2343
-5.23081
-5.22383
-5.21196
-5.19216
-5.16798
-5.14173
-5.1164
-5.09459
-5.07979
-5.07256
-5.07079
-5.07647
-5.08796
-5.10225
-5.11724
-5.1321
-5.14264
-5.14987
-5.15228
-5.15291
-5.14884
-5.14209
-5.13332
-5.11987
-5.10241
-5.0781
-5.05024
-5.01913
-4.99357
-4.97625
-4.97373
-4.98644
-5.01084
-5.04355
-5.07886
-5.11365
-5.14512
-5.17342
-5.1983
-5.21855
-5.23409
-5.24402
-5.24911
-5.24887
-5.24133
-5.22673
-5.20704
-5.1824
-5.15583
-5.12849
-5.1015
-5.07653
-5.05221
-5.03221
-5.01778
-5.01025
-5.00944
-5.01968
-5.03308
-5.04979
-5.06851
-5.0867
-5.10453
-5.12023
-5.1343
-5.14334
-5.14742
-5.14774
-5.14424
-5.1414
-5.13925
-5.13645
-5.13377
-5.12866
-5.12144
-5.10925
-5.09471
-5.07672
-5.05603
-5.03188
-5.00903
-4.99185
-4.983
-4.98158
-4.98516
-4.99152
-4.99955
-5.0062
-5.0129
-5.01753
-5.02006
-5.02
-5.01873
-5.01693
-5.02006
-5.02909
-5.04522
-5.06692
-5.09259
-5.11772
-5.1423
-5.16657
-5.18915
-5.21014
-5.23012
-5.24953
-5.26848
-5.28321
-5.29633
-5.30496
-5.31029
-5.31026
-5.30249
-5.28913
-5.26757
-5.24155
-5.21241
-5.18403
-5.16008
-5.14346
-5.13279
-5.12683
-5.12329
-5.11949
-5.11614
-5.11411
-5.1158
-5.12039
-5.12798
-5.13575
-5.14594
-5.1543
-5.15904
-5.16077
-5.15756
-5.14659
-5.13016
-5.10749
-5.08212
-5.0564
-5.03431
-5.01749
-5.00683
-5.0008
-4.99959
-4.99949
-5.00048
-4.99954
-4.99562
-4.98956
-4.98361
-4.97969
-4.98146
-4.98696
-4.99907
-5.01704
-5.03944
-5.06358
-5.09035
-5.11534
-5.13626
-5.15001
-5.15785
-5.15773
-5.14944
-5.13508
-5.11506
-5.09128
-5.06604
-5.04396
-5.02803
-5.02064
-5.01896
-5.01904
-5.0169
-5.00955
-4.99572
-4.9795
-4.96242
-4.95031
-4.94545
-4.94726
-4.95264
-4.96058
-4.96991
-4.97927
-4.99028
-5.00311
-5.01415
-5.02065
-5.02128
-5.01642
-5.00632
-4.99451
-4.98296
-4.97451
-4.97188
-4.97664
-4.98469
-4.99722
-5.01083
-5.02242
-5.02842
-5.02247
-5.00502
-4.97559
-4.93806
-4.89948
-4.86579
-4.84333
-4.83842
-4.85208
-4.87838
-4.90831
-4.93796
-4.96323
-4.9849
-5.00537
-5.02738
-5.05177
-5.07563
-5.09917
-5.11631
-5.12408
-5.12001
-5.10403
-5.07909
-5.04768
-5.01845
-4.99529
-4.98355
-4.98105
-4.985
-4.99274
-5.00153
-5.00957
-5.01632
-5.02142
-5.02726
-5.0319
-5.03756
-5.04263
-5.0479
-5.05258
-5.05649
-5.05874
-5.05955
-5.05762
-5.05205
-5.04512
-5.03523
-5.02319
-5.00847
-4.99344
-4.9792
-4.96922
-4.96334
-4.96597
-4.97811
-5.00145
-5.03325
-5.06914
-5.10579
-5.13885
-5.16687
-5.18735
-5.2016
-5.20852
-5.21127
-5.21001
-5.2058
-5.20072
-5.19292
-5.18141
-5.16226
-5.13592
-5.10391
-5.0662
-5.02788
-4.99444
-4.96823
-4.95222
-4.94573
-4.95039
-4.96213
-4.97759
-4.9955
-5.01458
-5.0324
-5.04893
-5.06388
-5.0778
-5.09094
-5.10287
-5.11147
-5.11509
-5.11393
-5.10806
-5.09654
-5.08471
-5.07464
-5.06706
-5.06337
-5.06089
-5.05726
-5.05072
-5.03911
-5.02308
-5.00603
-4.99053
-4.97916
-4.9711
-4.96959
-4.97197
-4.97763
-4.98626
-4.99565
-5.00767
-5.02298
-5.03848
-5.056
-5.07053
-5.08042
-5.08344
-5.07772
-5.06545
-5.04502
-5.0208
-4.99636
-4.97539
-4.96257
-4.95933
-4.96555
-4.98043
-5.00206
-5.02739
-5.0483
-5.06316
-5.06812
-5.06413
-5.05088
-5.03358
-5.01736
-5.00489
-4.99905
-5.00303
-5.01425
-5.03266
-5.05483
-5.07867
-5.10087
-5.11975
-5.1365
-5.15093
-5.16183
-5.16616
-5.16689
-5.16158
-5.15117
-5.13664
-5.12147
-5.10292
-5.08499
-5.06723
-5.05013
-5.03545
-5.02769
-5.02609
-5.03056
-5.04005
-5.05209
-5.06732
-5.08532
-5.10414
-5.12183
-5.13715
-5.14857
-5.15325
-5.15101
-5.14455
-5.13371
-5.11996
-5.10798
-5.0985
-5.09137
-5.0867
-5.08301
-5.08016
-5.07779
-5.0786
-5.0822
-5.08885
-5.09789
-5.10781
-5.11705
-5.12529
-5.12996
-5.12978
-5.12449
-5.11688
-5.10736
-5.09821
-5.09246
-5.0889
-5.08658
-5.08286
-5.07739
-5.06887
-5.05498
-5.03787
-5.01793
-4.99904
-4.98417
-4.97483
-4.97069
-4.97461
-4.98536
-5.00018
-5.02254
-5.04771
-5.07668
-5.10425
-5.13203
-5.15448
-5.17149
-5.18183
-5.18563
-5.18292
-5.17571
-5.16808
-5.16169
-5.15803
-5.15706
-5.15912
-5.16002
-5.15874
-5.1511
-5.13959
-5.12519
-5.10651
-5.08418
-5.06093
-5.03894
-5.02313
-5.01512
-5.01416
-5.02213
-5.03246
-5.04222
-5.04688
-5.04658
-5.03983
-5.02846
-5.01284
-4.99858
-4.98962
-4.98488
-4.98772
-4.99474
-5.00316
-5.01138
-5.01864
-5.02483
-5.03135
-5.04207
-5.05375
-5.06779
-5.08149
-5.09133
-5.09779
-5.10024
-5.09904
-5.09269
-5.08239
-5.0708
-5.05807
-5.04443
-5.03334
-5.0261
-5.02
-5.01511
-5.01087
-5.00687
-5.00037
-4.99133
-4.9801
-4.96438
-4.94775
-4.93188
-4.92231
-4.91714
-4.92048
-4.92938
-4.94367
-4.96142
-4.97975
-4.9988
-5.017
-5.03599
-5.05646
-5.07833
-5.10219
-5.1262
-5.15159
-5.17598
-5.19873
-5.21662
-5.22862
-5.23343
-5.23297
-5.23002
-5.22327
-5.21485
-5.20658
-5.19563
-5.18265
-5.1654
-5.14484
-5.12429
-5.10641
-5.09202
-5.0809
-5.07303
-5.06892
-5.06867
-5.07171
-5.07667
-5.08148
-5.08688
-5.09324
-5.09922
-5.10165
-5.0999
-5.09116
-5.07679
-5.0608
-5.0434
-5.02804
-5.01844
-5.01634
-5.0216
-5.03256
-5.0471
-5.05987
-5.06843
-5.07206
-5.06827
-5.05998
-5.0484
-5.03504
-5.02319
-5.01475
-5.01153
-5.01266
-5.0197
-5.02827
-5.03874
-5.04882
-5.05601
-5.05929
-5.05846
-5.05381
-5.04833
-5.04246
-5.0407
-5.04281
-5.0488
-5.05999
-5.07341
-5.08809
-5.10167
-5.1134
-5.12143
-5.12722
-5.12921
-5.12713
-5.12417
-5.12095
-5.12012
-5.12729
-5.14201
-5.15886
-5.17352
-5.18002
-5.18058
-5.17297
-5.15934
-5.14591
-5.13317
-5.12705
-5.12587
-5.12847
-5.13583
-5.14335
-5.14848
-5.14916
-5.14393
-5.13389
-5.12331
-5.11663
-5.11635
-5.1279
-5.14666
-5.16868
-5.19122
-5.20805
-5.21755
-5.21709
-5.2064
-5.18697
-5.16334
-5.14042
-5.12083
-5.10572
-5.09758
-5.09492
-5.09569
-5.0974
-5.10168
-5.10434
-5.10885
-5.11296
-5.11477
-5.11089
-5.09637
-5.07269
-5.0415
-5.00876
-4.98086
-4.96584
-4.97049
-4.99235
-5.02496
-5.06032
-5.09001
-5.11139
-5.12365
-5.13105
-5.13722
-5.14506
-5.15098
-5.15419
-5.14736
-5.13229
-5.10905
-5.08239
-5.05428
-5.03025
-5.01146
-4.99941
-4.9939
-4.99372
-4.99938
-5.00832
-5.02058
-5.03297
-5.0471
-5.06461
-5.08297
-5.10269
-5.12119
-5.13674
-5.14491
-5.1461
-5.13888
-5.12371
-5.09934
-5.06964
-5.03574
-5.00278
-4.97266
-4.95204
-4.94605
-4.953
-4.97301
-5.00017
-5.02924
-5.05477
-5.07404
-5.08548
-5.08616
-5.07785
-5.06253
-5.0425
-5.02409
-5.00918
-5.0009
-4.99788
-4.99939
-5.00409
-5.00845
-5.01489
-5.02236
-5.03309
-5.04524
-5.05945
-5.07249
-5.08374
-5.09027
-5.09139
-5.08576
-5.07656
-5.06714
-5.06065
-5.0593
-5.06596
-5.07696
-5.09538
-5.11848
-5.14842
-5.18067
-5.20794
-5.22847
-5.24095
-5.2424
-5.23251
-5.21396
-5.18544
-5.15231
-5.11621
-5.08139
-5.05236
-5.03135
-5.01973
-5.01627
-5.01996
-5.02497
-5.02937
-5.03106
-5.03154
-5.03072
-5.03229
-5.03698
-5.04416
-5.05145
-5.05388
-5.05061
-5.04096
-5.02628
-5.01231
-5.00243
-4.99911
-5.00012
-5.00858
-5.02615
-5.05332
-5.08614
-5.11832
-5.14686
-5.16735
-5.17997
-5.18603
-5.18588
-5.17757
-5.16355
-5.14468
-5.12293
-5.10261
-5.08598
-5.07536
-5.07303
-5.07552
-5.08206
-5.08756
-5.09047
-5.09068
-5.08835
-5.08158
-5.07337
-5.06241
-5.05285
-5.04225
-5.03338
-5.02633
-5.02073
-5.01326
-5.00781
-5.0063
-5.00941
-5.01679
-5.02472
-5.03247
-5.03773
-5.03733
-5.03169
-5.02115
-5.00864
-4.99501
-4.98159
-4.96914
-4.95999
-4.95159
-4.94075
-4.92934
-4.91666
-4.90639
-4.90013
-4.90105
-4.90922
-4.92428
-4.94112
-4.95969
-4.97539
-4.98527
-4.98827
-4.98526
-4.97785
-4.97183
-4.96871
-4.96886
-4.97263
-4.98013
-4.98853
-4.99726
-5.00551
-5.01014
-5.013
-5.01302
-5.01171
-5.00818
-5.00605
-5.00493
-5.00573
-5.00773
-5.01012
-5.01289
-5.01247
-5.00984
-5.00502
-5.00034
-4.99432
-4.99056
-4.98845
-4.98809
-4.99219
-5.00071
-5.01213
-5.02435
-5.03704
-5.04889
-5.06088
-5.07432
-5.09046
-5.10816
-5.12286
-5.13314
-5.13419
-5.12583
-5.111
-5.09456
-5.08185
-5.07618
-5.07976
-5.08848
-5.09983
-5.10927
-5.1159
-5.11738
-5.11363
-5.10377
-5.08712
-5.06379
-5.03506
-5.00153
-4.96837
-4.94021
-4.92033
-4.91454
-4.92182
-4.94059
-4.9621
-4.98195
-4.99587
-5.00314
-5.00417
-5.00149
-4.9985
-4.99721
-5.00114
-5.01319
-5.03357
-5.06002
-5.08877
-5.11797
-5.14183
-5.15687
-5.16318
-5.16055
-5.15107
-5.13425
-5.1152
-5.09649
-5.08034
-5.07027
-5.0675
-5.07531
-5.09344
-5.11997
-5.14873
-5.17678
-5.19735
-5.20755
-5.20777
-5.19744
-5.18054
-5.16092
-5.14234
-5.12785
-5.11712
-5.10833
-5.09906
-5.08909
-5.07643
-5.06017
-5.04085
-5.01771
-4.99371
-4.97157
-4.95376
-4.94329
-4.93865
-4.9386
-4.94229
-4.94845
-4.95604
-4.96474
-4.97391
-4.98413
-4.9937
-5.0028
-5.0085
-5.01267
-5.01682
-5.01984
-5.02484
-5.03464
-5.05194
-5.07276
-5.09515
-5.11773
-5.13734
-5.15324
-5.16304
-5.16497
-5.16159
-5.1548
-5.14668
-5.13711
-5.12623
-5.1115
-5.09338
-5.07609
-5.06118
-5.05189
-5.04817
-5.05012
-5.05479
-5.05901
-5.06289
-5.06551
-5.06616
-5.06768
-5.07042
-5.07508
-5.08428
-5.09631
-5.10839
-5.11873
-5.1223
-5.11727
-5.10464
-5.08573
-5.06468
-5.04652
-5.03583
-5.0377
-5.05725
-5.09179
-5.13573
-5.18086
-5.21935
-5.24689
-5.26198
-5.2658
-5.26121
-5.2512
-5.24014
-5.22996
-5.22118
-5.21228
-5.20225
-5.19425
-5.18857
-5.18592
-5.18644
-5.18935
-5.19302
-5.19771
-5.20069
-5.2011
-5.19865
-5.19456
-5.1881
-5.17817
-5.1633
-5.14548
-5.12562
-5.10679
-5.09244
-5.08536
-5.08753
-5.09893
-5.11232
-5.12718
-5.13623
-5.14002
-5.13576
-5.12567
-5.10941
-5.08761
-5.06305
-5.03885
-5.01416
-4.99109
-4.96691
-4.94505
-4.92473
-4.90969
-4.89986
-4.89607
-4.898
-4.90211
-4.90641
-4.91048
-4.91335
-4.91335
-4.91245
-4.91678
-4.92925
-4.95145
-4.98527
-5.02685
-5.07289
-5.11659
-5.15399
-5.18125
-5.19741
-5.20193
-5.19445
-5.17685
-5.15301
-5.12534
-5.09995
-5.07796
-5.06351
-5.05675
-5.056
-5.05754
-5.06026
-5.06411
-5.06781
-5.07131
-5.07309
-5.07348
-5.07013
-5.06498
-5.05855
-5.04912
-5.03749
-5.02168
-5.00298
-4.97882
-4.95215
-4.92576
-4.90046
-4.88346
-4.88045
-4.89343
-4.92042
-4.95881
-4.99911
-5.03528
-5.06537
-5.08638
-5.10005
-5.10513
-5.10792
-5.1101
-5.11539
-5.12608
-5.14413
-5.16645
-5.18884
-5.20644
-5.21723
-5.21955
-5.2158
-5.20709
-5.19604
-5.18553
-5.17604
-5.16748
-5.1609
-5.15498
-5.15251
-5.15127
-5.15051
-5.14784
-5.14297
-5.13561
-5.12578
-5.11706
-5.10862
-5.10062
-5.09148
-5.08136
-5.07053
-5.06196
-5.0575
-5.0608
-5.07544
-5.10233
-5.13853
-5.17822
-5.21385
-5.24053
-5.25625
-5.26182
-5.26051
-5.25382
-5.24481
-5.23459
-5.2249
-5.21158
-5.19654
-5.17704
-5.15204
-5.1221
-5.09019
-5.06001
-5.03484
-5.01837
-5.00887
-5.00753
-5.01051
-5.01644
-5.02311
-5.03167
-5.04341
-5.0572
-5.07126
-5.08564
-5.09894
-5.11073
-5.1198
-5.12708
-5.133
-5.13724
-5.1377
-5.13489
-5.13412
-5.13658
-5.13934
-5.14143
-5.14143
-5.13488
-5.12349
-5.10605
-5.08746
-5.07168
-5.05701
-5.04945
-5.0488
-5.05734
-5.07375
-5.09436
-5.11357
-5.12806
-5.1343
-5.13016
-5.11522
-5.09343
-5.06933
-5.04569
-5.02638
-5.01365
-5.00883
-5.00884
-5.01001
-5.00997
-5.01
-5.00661
-5.00265
-4.99929
-4.99695
-4.99945
-5.00761
-5.02361
-5.04352
-5.06816
-5.09292
-5.11661
-5.13571
-5.14911
-5.15852
-5.16378
-5.16851
-5.17251
-5.17504
-5.1764
-5.17387
-5.17015
-5.16338
-5.155
-5.144
-5.13294
-5.12041
-5.10725
-5.09476
-5.083
-5.07385
-5.06803
-5.06646
-5.07124
-5.08331
-5.09979
-5.11772
-5.13133
-5.14248
-5.14655
-5.14427
-5.13833
-5.12857
-5.11475
-5.09927
-5.08358
-5.07008
-5.05818
-5.04905
-5.04279
-5.03572
-5.02991
-5.02621
-5.02514
-5.02937
-5.03962
-5.05431
-5.07264
-5.0931
-5.11416
-5.13533
-5.15373
-5.16864
-5.17663
-5.1762
-5.16817
-5.15222
-5.13179
-5.10783
-5.0876
-5.0725
-5.06437
-5.0601
-5.05762
-5.05211
-5.04503
-5.03737
-5.03249
-5.03109
-5.03392
-5.04109
-5.05004
-5.0602
-5.06882
-5.07612
-5.08202
-5.08538
-5.08775
-5.09191
-5.09927
-5.11454
-5.13722
-5.1642
-5.19167
-5.21411
-5.22693
-5.22975
-5.22065
-5.20124
-5.17574
-5.14608
-5.1156
-5.09044
-5.07391
-5.0681
-5.07172
-5.08419
-5.10041
-5.11871
-5.13566
-5.14746
-5.15326
-5.15233
-5.14512
-5.13609
-5.1257
-5.11754
-5.11495
-5.11806
-5.12976
-5.15089
-5.17837
-5.2094
-5.23863
-5.2614
-5.27537
-5.27849
-5.27456
-5.26207
-5.24195
-5.21894
-5.18977
-5.15736
-5.12069
-5.08165
-5.04118
-5.00267
-4.9699
-4.94644
-4.93636
-4.93916
-4.95212
-4.97389
-5.00017
-5.02581
-5.04876
-5.0694
-5.08454
-5.10099
-5.1196
-5.14219
-5.16768
-5.19126
-5.20971
-5.21981
-5.22045
-5.21098
-5.19545
-5.178
-5.16287
-5.15119
-5.14305
-5.1378
-5.13531
-5.13089
-5.12425
-5.1138
-5.10215
-5.09025
-5.08168
-5.0791
-5.08346
-5.09356
-5.10835
-5.12252
-5.13674
-5.14641
-5.15303
-5.15543
-5.15403
-5.14825
-5.14031
-5.13028
-5.11948
-5.10706
-5.09307
-5.0771
-5.06084
-5.04534
-5.03041
-5.02116
-5.01749
-5.02204
-5.03318
-5.04603
-5.05858
-5.06829
-5.07538
-5.07822
-5.07825
-5.0698
-5.0547
-5.03565
-5.01809
-5.00386
-4.99933
-5.00365
-5.01356
-5.02659
-5.03834
-5.0504
-5.06057
-5.06972
-5.07638
-5.07949
-5.08243
-5.0826
-5.08062
-5.07746
-5.07532
-5.07321
-5.07292
-5.07484
-5.08052
-5.08967
-5.10089
-5.11346
-5.12497
-5.13211
-5.13576
-5.13441
-5.1295
-5.12339
-5.11604
-5.10849
-5.10389
-5.0991
-5.09419
-5.08863
-5.08323
-5.0784
-5.07544
-5.07506
-5.07423
-5.07403
-5.07489
-5.07218
-5.06539
-5.05356
-5.03811
-5.02143
-5.00781
-5.00376
-5.01117
-5.02896
-5.05142
-5.07241
-5.0896
-5.10097
-5.10609
-5.10516
-5.10062
-5.08992
-5.0753
-5.05699
-5.03525
-5.01134
-4.98641
-4.96415
-4.94408
-4.9263
-4.91281
-4.90254
-4.89697
-4.89689
-4.90289
-4.91391
-4.92807
-4.94723
-4.96911
-4.99523
-5.02251
-5.05081
-5.07512
-5.09325
-5.10388
-5.10566
-5.10063
-5.09009
-5.07912
-5.0746
-5.07575
-5.08067
-5.08034
-5.0753
-5.061
-5.04169
-5.02084
-4.99789
-4.97486
-4.95692
-4.94593
-4.94381
-4.95095
-4.96758
-4.99381
-5.02429
-5.0564
-5.08537
-5.10805
-5.12219
-5.12507
-5.11847
-5.10087
-5.07835
-5.05422
-5.03855
-5.03242
-5.03606
-5.045
-5.0525
-5.05617
-5.05699
-5.05724
-5.05986
-5.06581
-5.07654
-5.08986
-5.10674
-5.11893
-5.12724
-5.12986
-5.1275
-5.12117
-5.11476
-5.11074
-5.11256
-5.1194
-5.12832
-5.13727
-5.1409
-5.13841
-5.12737
-5.11023
-5.09055
-5.07093
-5.05419
-5.04357
-5.04316
-5.05398
-5.07354
-5.09974
-5.12835
-5.15399
-5.17308
-5.18434
-5.18614
-5.17981
-5.16461
-5.14395
-5.11815
-5.09449
-5.07358
-5.05682
-5.04334
-5.036
-5.03448
-5.03832
-5.04914
-5.06336
-5.07857
-5.09221
-5.10357
-5.11254
-5.11827
-5.12049
-5.12018
-5.1173
-5.11335
-5.1064
-5.0954
-5.08168
-5.06428
-5.04908
-5.03615
-5.02854
-5.02513
-5.02571
-5.02727
-5.02963
-5.03512
-5.03829
-5.0422
-5.04404
-5.04144
-5.03243
-5.01739
-4.99871
-4.97907
-4.96338
-4.95418
-4.95267
-4.95767
-4.96662
-4.97562
-4.98379
-4.98934
-4.99245
-4.99135
-4.98834
-4.98612
-4.98433
-4.985
-4.98424
-4.98249
-4.98188
-4.98078
-4.98127
-4.98126
-4.97979
-4.9773
-4.97213
-4.96582
-4.9564
-4.94925
-4.94633
-4.95128
-4.96229
-4.97931
-5.00032
-5.02402
-5.04619
-5.06289
-5.07094
-5.07077
-5.06266
-5.04886
-5.03476
-5.02166
-5.01262
-5.01138
-5.01812
-5.03367
-5.05541
-5.07898
-5.10207
-5.1192
-5.13019
-5.13393
-5.13198
-5.12489
-5.11412
-5.10154
-5.08935
-5.07932
-5.07107
-5.06462
-5.05975
-5.05445
-5.04876
-5.03913
-5.0274
-5.0122
-4.99702
-4.98003
-4.95952
-4.93731
-4.91572
-4.90027
-4.89347
-4.89696
-4.90905
-4.9288
-4.95062
-4.97462
-4.99645
-5.01717
-5.03842
-5.06081
-5.08298
-5.10493
-5.12739
-5.14797
-5.16363
-5.17415
-5.17909
-5.18174
-5.18103
-5.17786
-5.17249
-5.16587
-5.15916
-5.15167
-5.14712
-5.14544
-5.14628
-5.14826
-5.14743
-5.14393
-5.13621
-5.12625
-5.11254
-5.09801
-5.08194
-5.06526
-5.05026
-5.03953
-5.03021
-5.02276
-5.01633
-5.00653
-4.99552
-4.98438
-4.97515
-4.9687
-4.9666
-4.96978
-4.97535
-4.98215
-4.98903
-4.99449
-4.9954
-4.99034
-4.97824
-4.95987
-4.94121
-4.92768
-4.92916
-4.94818
-4.98324
-5.02511
-5.06795
-5.10685
-5.13877
-5.16427
-5.18299
-5.19474
-5.20284
-5.20598
-5.20783
-5.2062
-5.20194
-5.19363
-5.17967
-5.16159
-5.14206
-5.12168
-5.10296
-5.08753
-5.07565
-5.06898
-5.06596
-5.06667
-5.07066
-5.07645
-5.08218
-5.08871
-5.09359
-5.09357
-5.08852
-5.07803
-5.06329
-5.04596
-5.02617
-5.00434
-4.98172
-4.95889
-4.9391
-4.92436
-4.91539
-4.91634
-4.9256
-4.94147
-4.95883
-4.97599
-4.99121
-5.00908
-5.03017
-5.05225
-5.0701
-5.08132
-5.08487
-5.08257
-5.07584
-5.0685
-5.05627
-5.04334
-5.02909
-5.0183
-5.01174
-5.01344
-5.02393
-5.04051
-5.06329
-5.09248
-5.12224
-5.15058
-5.17715
-5.19698
-5.20952
-5.21561
-5.2164
-5.21299
-5.20633
-5.19537
-5.18037
-5.16122
-5.13549
-5.1056
-5.0711
-5.03328
-4.99505
-4.95827
-4.93092
-4.91758
-4.92206
-4.94396
-4.9781
-5.01484
-5.05069
-5.08137
-5.10392
-5.1175
-5.12241
-5.11981
-5.11293
-5.10345
-5.0967
-5.09613
-5.0997
-5.1093
-5.11957
-5.12565
-5.1253
-5.11387
-5.09126
-5.06061
-5.02427
-4.98877
-4.96129
-4.94373
-4.93381
-4.92897
-4.92406
-4.91772
-4.91126
-4.90583
-4.90544
-4.90926
-4.91804
-4.93168
-4.94702
-4.96291
-4.97713
-4.98948
-4.99917
-5.0075
-5.01318
-5.01687
-5.02219
-5.02812
-5.03646
-5.04481
-5.05302
-5.06051
-5.06752
-5.07264
-5.08
-5.08921
-5.09903
-5.11
-5.12019
-5.12692
-5.12872
-5.12837
-5.12399
-5.11786
-5.11153
-5.10592
-5.10083
-5.09624
-5.09118
-5.0858
-5.07846
-5.07149
-5.06425
-5.05371
-5.04115
-5.0267
-5.0107
-4.99474
-4.98198
-4.97467
-4.97412
-4.98409
-5.00506
-5.03559
-5.07185
-5.11477
-5.15815
-5.19949
-5.23486
-5.26176
-5.27532
-5.27663
-5.26537
-5.24282
-5.21257
-5.1767
-5.13947
-5.10442
-5.07589
-5.05876
-5.05416
-5.06225
-5.08235
-5.10509
-5.12291
-5.13115
-5.12884
-5.11676
-5.09913
-5.08096
-5.06406
-5.05234
-5.04275
-5.03549
-5.03007
-5.02427
-5.01998
-5.01685
-5.01815
-5.02151
-5.02904
-5.04168
-5.05655
-5.07075
-5.08224
-5.0903
-5.09431
-5.09353
-5.08768
-5.08003
-5.06852
-5.05504
-5.0397
-5.02547
-5.01036
-4.99993
-4.99265
-4.98872
-4.98591
-4.98578
-4.99041
-5.00001
-5.01363
-5.0287
-5.04161
-5.04989
-5.05435
-5.05432
-5.05293
-5.05518
-5.06397
-5.0815
-5.10414
-5.12661
-5.14689
-5.16022
-5.16825
-5.17006
-5.16864
-5.16162
-5.15129
-5.1362
-5.11898
-5.10183
-5.0885
-5.08113
-5.07852
-5.08238
-5.08919
-5.0959
-5.10074
-5.09878
-5.08923
-5.07604
-5.06162
-5.04826
-5.04093
-5.04
-5.04368
-5.05005
-5.0552
-5.05978
-5.06249
-5.06187
-5.05681
-5.04812
-5.03839
-5.03045
-5.02506
-5.02592
-5.03353
-5.04639
-5.05834
-5.06893
-5.07407
-5.07049
-5.06101
-5.04831
-5.03796
-5.03129
-5.03012
-5.03395
-5.04197
-5.05326
-5.06475
-5.07356
-5.0796
-5.0842
-5.08817
-5.09505
-5.10844
-5.12568
-5.14351
-5.15943
-5.16846
-5.17225
-5.16992
-5.16268
-5.15155
-5.13716
-5.1213
-5.10557
-5.09043
-5.07634
-5.06569
-5.05718
-5.05055
-5.04386
-5.03859
-5.03193
-5.02643
-5.02692
-5.03432
-5.04956
-5.07022
-5.0919
-5.1122
-5.12774
-5.13885
-5.14557
-5.14916
-5.15094
-5.15249
-5.15367
-5.15286
-5.14964
-5.14267
-5.13254
-5.1188
-5.10277
-5.08454
-5.06297
-5.03976
-5.01824
-4.998
-4.98038
-4.96564
-4.95487
-4.94722
-4.94279
-4.94117
-4.94082
-4.94388
-4.94824
-4.95667
-4.96729
-4.97937
-4.99308
-5.0053
-5.01425
-5.02085
-5.024
-5.02325
-5.01746
-5.00692
-4.9923
-4.9734
-4.95348
-4.93513
-4.92536
-4.92696
-4.9429
-4.96959
-5.00351
-5.0406
-5.07541
-5.10547
-5.128
-5.14437
-5.15245
-5.15191
-5.14488
-5.13062
-5.11111
-5.08763
-5.06482
-5.04288
-5.02577
-5.01239
-5.00436
-5.00127
-5.00226
-5.00629
-5.01418
-5.02716
-5.0445
-5.06372
-5.0825
-5.09939
-5.11052
-5.11626
-5.11998
-5.12043
-5.12074
-5.12126
-5.12189
-5.12005
-5.11571
-5.10409
-5.08499
-5.05851
-5.02635
-4.99127
-4.95814
-4.92825
-4.90289
-4.88504
-4.87593
-4.87814
-4.89136
-4.91443
-4.94514
-4.97996
-5.01772
-5.056
-5.09397
-5.13054
-5.16079
-5.18627
-5.2035
-5.2137
-5.21781
-5.21797
-5.21237
-5.2026
-5.18827
-5.17085
-5.15232
-5.13424
-5.11985
-5.11121
-5.10891
-5.11003
-5.11082
-5.10877
-5.10295
-5.08753
-5.06654
-5.03946
-5.00903
-4.9808
-4.95899
-4.94792
-4.95125
-4.97046
-5.00296
-5.04317
-5.0846
-5.12092
-5.14864
-5.16802
-5.17874
-5.18297
-5.18129
-5.17622
-5.17009
-5.16557
-5.16213
-5.1578
-5.15451
-5.14778
-5.13757
-5.12176
-5.10085
-5.07391
-5.0435
-5.01211
-4.98213
-4.95967
-4.9499
-4.95391
-4.97006
-4.99537
-5.02393
-5.0519
-5.07511
-5.09047
-5.09706
-5.10023
-5.09925
-5.098
-5.10021
-5.10747
-5.1217
-5.14006
-5.16097
-5.18402
-5.20459
-5.22169
-5.23529
-5.24221
-5.24315
-5.23788
-5.22589
-5.20602
-5.17755
-5.14285
-5.10242
-5.05925
-5.01831
-4.98327
-4.95924
-4.94802
-4.94854
-4.96219
-4.98734
-5.01781
-5.04775
-5.07422
-5.09362
-5.10784
-5.11619
-5.11797
-5.11544
-5.10806
-5.09709
-5.08404
-5.07027
-5.05898
-5.05068
-5.04513
-5.04271
-5.04333
-5.04568
-5.05023
-5.05719
-5.06514
-5.07354
-5.08169
-5.08908
-5.0927
-5.09337
-5.09043
-5.08651
-5.08638
-5.09036
-5.10085
-5.11545
-5.13241
-5.14987
-5.16358
-5.17397
-5.17822
-5.17854
-5.17348
-5.16052
-5.14093
-5.11532
-5.08582
-5.05403
-5.02295
-4.99845
-4.98231
-4.9767
-4.97916
-4.98692
-4.99555
-5.00578
-5.01521
-5.02486
-5.03537
-5.04535
-5.05665
-5.0714
-5.08714
-5.10312
-5.11942
-5.1356
-5.14926
-5.15908
-5.16589
-5.16834
-5.16724
-5.16178
-5.15199
-5.13943
-5.12396
-5.10767
-5.08955
-5.07428
-5.06167
-5.05607
-5.06059
-5.073
-5.09055
-5.10894
-5.12821
-5.14527
-5.16004
-5.17017
-5.17742
-5.18146
-5.18408
-5.18254
-5.1789
-5.17069
-5.16003
-5.14466
-5.12539
-5.10434
-5.07994
-5.05454
-5.03351
-5.02075
-5.01618
-5.01825
-5.02587
-5.03434
-5.03821
-5.03503
-5.02578
-5.0101
-4.99052
-4.96929
-4.95242
-4.94028
-4.93584
-4.93697
-4.94147
-4.94512
-4.94507
-4.94458
-4.94576
-4.94927
-4.95829
-4.96856
-4.97664
-4.98251
-4.98587
-4.99296
-5.00514
-5.02373
-5.04726
-5.07059
-5.09178
-5.10503
-5.10926
-5.10394
-5.08888
-5.06659
-5.04082
-5.01965
-5.00687
-5.00827
-5.02142
-5.04021
-5.06183
-5.0827
-5.09902
-5.11269
-5.12067
-5.1243
-5.12236
-5.11776
-5.11367
-5.11594
-5.12694
-5.14602
-5.16722
-5.18425
-5.1939
-5.19886
-5.19907
-5.20012
-5.20217
-5.20604
-5.21081
-5.21293
-5.21282
-5.20824
-5.20184
-5.19524
-5.19067
-5.18816
-5.18969
-5.19186
-5.1921
-5.19075
-5.18553
-5.17745
-5.16635
-5.15387
-5.1406
-5.13154
-5.12571
-5.12617
-5.13278
-5.14348
-5.15224
-5.16035
-5.16031
-5.15319
-5.13792
-5.11601
-5.09008
-5.06876
-5.05344
-5.0521
-5.06431
-5.08693
-5.11389
-5.13993
-5.16196
-5.17604
-5.18418
-5.18543
-5.18064
-5.16911
-5.15381
-5.1363
-5.11802
-5.10079
-5.08704
-5.07399
-5.06164
-5.04826
-5.03339
-5.01569
-4.99979
-4.98694
-4.98055
-4.98009
-4.98653
-4.99991
-5.01536
-5.03038
-5.04165
-5.04867
-5.05466
-5.06405
-5.07891
-5.10181
-5.12945
-5.1565
-5.17925
-5.19605
-5.20296
-5.20328
-5.19675
-5.18408
-5.16709
-5.14703
-5.12629
-5.10216
-5.07665
-5.05279
-5.02926
-5.00788
-4.98738
-4.96762
-4.95002
-4.93497
-4.92258
-4.91324
-4.90633
-4.90309
-4.90649
-4.91685
-4.93738
-4.96749
-5.00599
-5.05073
-5.09639
-5.13887
-5.17243
-5.19704
-5.21018
-5.21417
-5.21337
-5.20752
-5.19872
-5.18982
-5.18132
-5.17254
-5.16525
-5.15577
-5.14385
-5.12822
-5.11381
-5.1009
-5.09332
-5.09045
-5.09122
-5.09472
-5.10009
-5.10554
-5.11393
-5.12672
-5.14174
-5.15662
-5.16911
-5.17124
-5.16355
-5.14451
-5.11545
-5.07832
-5.03615
-4.9926
-4.95474
-4.92948
-4.91688
-4.91681
-4.92666
-4.9412
-4.95709
-4.97277
-4.98805
-5.00435
-5.02296
-5.04583
-5.07155
-5.09919
-5.12528
-5.14734
-5.16162
-5.16741
-5.16484
-5.15628
-5.14487
-5.13521
-5.12933
-5.13022
-5.13705
-5.15088
-5.16866
-5.18878
-5.20596
-5.21885
-5.22371
-5.22002
-5.20557
-5.17919
-5.14259
-5.09867
-5.05518
-5.02061
-5.00042
-4.99668
-5.0032
-5.01417
-5.02385
-5.0279
-5.02369
-5.01237
-4.99792
-4.98376
-4.97283
-4.96829
-4.97339
-4.98865
-5.01238
-5.0406
-5.06778
-5.09071
-5.10786
-5.1178
-5.12014
-5.11778
-5.11231
-5.10544
-5.09881
-5.09346
-5.09121
-5.09292
-5.09565
-5.10093
-5.1025
-5.09984
-5.08854
-5.06935
-5.03879
-4.99947
-4.95577
-4.9145
-4.88035
-4.86054
-4.85554
-4.86518
-4.88775
-4.91341
-4.93915
-4.95947
-4.97227
-4.97508
-4.97185
-4.96567
-4.96054
-4.96019
-4.96469
-4.97324
-4.98544
-5.00224
-5.0213
-5.04074
-5.059
-5.07245
-5.07925
-5.07908
-5.07104
-5.05749
-5.04109
-5.02537
-5.01416
-5.0081
-5.00998
-5.01871
-5.03139
-5.04428
-5.05291
-5.0568
-5.05803
-5.06097
-5.06689
-5.07805
-5.09312
-5.11106
-5.12979
-5.14699
-5.16018
-5.16722
-5.16665
-5.15932
-5.14428
-5.12538
-5.10458
-5.08748
-5.0777
-5.07678
-5.08511
-5.09984
-5.11928
-5.14072
-5.15875
-5.17348
-5.17877
-5.17251
-5.15547
-5.12789
-5.09566
-5.06315
-5.03505
-5.01497
-5.00657
-5.00814
-5.01696
-5.02865
-5.03715
-5.04001
-5.03833
-5.03014
-5.02061
-5.01219
-5.00758
-5.00838
-5.01504
-5.02563
-5.03744
-5.05076
-5.06454
-5.07714
-5.08855
-5.09605
-5.1013
-5.10137
-5.09968
-5.09401
-5.08661
-5.07687
-5.0667
-5.05624
-5.04652
-5.03708
-5.02948
-5.02297
-5.01717
-5.01175
-5.0082
-5.00742
-5.01145
-5.0196
-5.03096
-5.04538
-5.0631
-5.08443
-5.10575
-5.12617
-5.14263
-5.14891
-5.14694
-5.13947
-5.12967
-5.12835
-5.14022
-5.16268
-5.18641
-5.20777
-5.22145
-5.22739
-5.22458
-5.21363
-5.19584
-5.17244
-5.15136
-5.13266
-5.12153
-5.11425
-5.1055
-5.09292
-5.07457
-5.0496
-5.02008
-4.98717
-4.95325
-4.92287
-4.90594
-4.91065
-4.94008
-4.98839
-5.04327
-5.09521
-5.1352
-5.16126
-5.17035
-5.1673
-5.15539
-5.13847
-5.12079
-5.10317
-5.08761
-5.07385
-5.06096
-5.04956
-5.04039
-5.03569
-5.03402
-5.0346
-5.03668
-5.04095
-5.04748
-5.05548
-5.06752
-5.08168
-5.09595
-5.10983
-5.11927
-5.12392
-5.11995
-5.10626
-5.08556
-5.06046
-5.03681
-5.01833
-5.00907
-5.0064
-5.00694
-5.00642
-5.00258
-4.99638
-4.98661
-4.97589
-4.96435
-4.9543
-4.94481
-4.93846
-4.93576
-4.93742
-4.94213
-4.94665
-4.9498
-4.94922
-4.94553
-4.93916
-4.93287
-4.92602
-4.92119
-4.91858
-4.92073
-4.92706
-4.9402
-4.96218
-4.99182
-5.02392
-5.05272
-5.07358
-5.08407
-5.08419
-5.07304
-5.05247
-5.0262
-4.99873
-4.97358
-4.95536
-4.94755
-4.94754
-4.957
-4.97147
-4.99045
-5.01038
-5.02795
-5.04316
-5.05428
-5.06041
-5.05982
-5.05119
-5.03724
-5.01985
-5.00057
-4.98382
-4.97091
-4.96598
-4.97123
-4.98364
-4.99863
-5.01317
-5.0262
-5.03508
-5.03944
-5.03815
-5.03184
-5.02367
-5.01256
-5.00137
-4.99379
-4.99045
-4.98997
-4.99164
-4.99309
-4.99173
-4.9893
-4.98314
-4.9754
-4.96789
-4.96231
-4.95999
-4.9636
-4.97428
-4.99253
-5.01601
-5.04535
-5.0775
-5.10871
-5.1361
-5.15754
-5.17117
-5.17815
-5.17871
-5.17356
-5.16555
-5.15452
-5.14217
-5.1312
-5.12151
-5.1151
-5.11104
-5.10695
-5.10481
-5.10118
-5.09469
-5.08826
-5.08167
-5.07701
-5.07617
-5.08342
-5.0938
-5.10618
-5.11966
-5.1292
-5.13599
-5.13871
-5.13883
-5.13283
-5.12305
-5.10934
-5.09255
-5.07599
-5.0636
-5.05424
-5.04697
-5.04101
-5.03417
-5.02692
-5.01958
-5.01158
-5.00302
-4.99393
-4.98639
-4.97932
-4.97037
-4.96162
-4.9534
-4.94603
-4.9424
-4.94717
-4.95946
-4.97997
-5.00617
-5.03543
-5.06514
-5.09588
-5.1245
-5.15098
-5.17058
-5.18165
-5.18557
-5.18276
-5.1727
-5.15752
-5.13836
-5.11556
-5.09036
-5.06112
-5.03099
-5.00436
-4.98481
-4.9744
-4.97482
-4.98705
-5.00875
-5.03929
-5.07555
-5.11269
-5.14485
-5.16961
-5.18615
-5.19066
-5.18391
-5.1666
-5.13906
-5.10364
-5.06571
-5.02998
-4.99444
-4.96256
-4.93374
-4.90618
-4.88317
-4.86867
-4.86372
-4.87067
-4.88688
-4.91212
-4.94235
-4.97567
-5.00954
-5.04609
-5.08143
-5.11546
-5.14818
-5.17872
-5.20209
-5.21857
-5.22685
-5.22763
-5.22061
-5.21067
-5.19785
-5.18422
-5.16987
-5.15357
-5.13438
-5.11144
-5.08586
-5.05873
-5.03296
-5.0102
-4.99161
-4.98197
-4.97838
-4.98075
-4.98477
-4.98742
-4.98831
-4.98816
-4.98766
-4.98897
-4.99439
-5.00524
-5.0221
-5.04401
-5.06978
-5.09502
-5.11825
-5.13806
-5.15279
-5.16233
-5.16802
-5.17001
-5.17083
-5.1722
-5.17414
-5.17821
-5.1833
-5.18776
-5.19438
-5.2028
-5.21654
-5.2322
-5.25066
-5.26643
-5.27831
-5.28361
-5.28143
-5.27167
-5.25434
-5.2326
-5.20485
-5.17306
-5.13904
-5.10433
-5.07484
-5.0548
-5.04943
-5.06176
-5.08922
-5.12889
-5.17491
-5.22153
-5.2642
-5.2976
-5.32095
-5.33279
-5.3326
-5.31796
-5.28999
-5.25198
-5.20305
-5.14752
-5.08909
-5.03174
-4.97978
-4.93874
-4.91018
-4.89538
-4.89278
-4.90113
-4.91677
-4.93814
-4.96222
-4.98699
-5.01541
-5.0459
-5.07525
-5.10341
-5.1273
-5.14383
-5.1568
-5.16596
-5.17133
-5.17399
-5.17558
-5.17518
-5.17048
-5.16337
-5.15243
-5.13913
-5.12498
-5.10814
-5.08868
-5.06647
-5.04554
-5.02421
-5.00525
-4.98958
-4.97695
-4.96822
-4.96419
-4.96378
-4.96741
-4.97467
-4.98422
-4.99427
-5.0018
-5.00587
-5.01029
-5.01646
-5.02744
-5.04565
-5.06886
-5.09263
-5.11177
-5.12476
-5.12474
-5.11609
-5.09961
-5.07897
-5.05934
-5.04298
-5.03262
-5.027
-5.026
-5.02468
-5.02378
-5.01944
-5.01229
-5.00513
-5.00084
-5.00186
-5.00738
-5.01861
-5.03211
-5.04476
-5.05538
-5.06383
-5.07052
-5.07612
-5.0812
-5.08332
-5.0847
-5.08208
-5.07829
-5.07058
-5.06447
-5.06042
-5.05906
-5.05925
-5.06082
-5.06422
-5.06824
-5.07156
-5.07502
-5.07791
-5.07974
-5.07886
-5.07475
-5.0709
-5.06743
-5.06566
-5.06639
-5.07031
-5.07682
-5.08373
-5.08825
-5.08731
-5.0811
-5.07175
-5.062
-5.05344
-5.04925
-5.04966
-5.05344
-5.06112
-5.07029
-5.07915
-5.08744
-5.09525
-5.10219
-5.10697
-5.11017
-5.10934
-5.10116
-5.08361
-5.05838
-5.0284
-5.00003
-4.98021
-4.97061
-4.97049
-4.97945
-4.99395
-5.01029
-5.02619
-5.04097
-5.05177
-5.05707
-5.05553
-5.0468
-5.03262
-5.01652
-5.00183
-4.99213
-4.99139
-4.99966
-5.01734
-5.04005
-5.06564
-5.09025
-5.11335
-5.13245
-5.14627
-5.15283
-5.1549
-5.15056
-5.14036
-5.12472
-5.1038
-5.07803
-5.04806
-5.01778
-4.98741
-4.96111
-4.93855
-4.9235
-4.9138
-4.90956
-4.91051
-4.91502
-4.92481
-4.93927
-4.95628
-4.97571
-4.99727
-5.01613
-5.03143
-5.04082
-5.04238
-5.03511
-5.01884
-4.99822
-4.97552
-4.95352
-4.93852
-4.92966
-4.92719
-4.92873
-4.93332
-4.94204
-4.95533
-4.97151
-4.99006
-5.00794
-5.02339
-5.03644
-5.04826
-5.05774
-5.06594
-5.07069
-5.07153
-5.06793
-5.06135
-5.05221
-5.04021
-5.02557
-5.00992
-4.99376
-4.97676
-4.95959
-4.94686
-4.9368
-4.93171
-4.93366
-4.94157
-4.95237
-4.96606
-4.98224
-4.99876
-5.01626
-5.03069
-5.04108
-5.04691
-5.04928
-5.05106
-5.05291
-5.05746
-5.0657
-5.07889
-5.09588
-5.11402
-5.13137
-5.14889
-5.1642
-5.1785
-5.18952
-5.19832
-5.20389
-5.20568
-5.20487
-5.20063
-5.19207
-5.17622
-5.15336
-5.12341
-5.08944
-5.05726
-5.03004
-5.00958
-4.99802
-4.99402
-4.997
-5.0068
-5.0246
-5.04949
-5.07798
-5.10432
-5.12289
-5.13252
-5.13217
-5.12389
-5.11044
-5.09583
-5.08194
-5.06971
-5.05946
-5.05346
-5.05261
-5.06031
-5.07747
-5.10003
-5.12406
-5.14343
-5.15431
-5.15517
-5.14819
-5.13528
-5.11893
-5.10428
-5.09446
-5.0926
-5.09803
-5.10901
-5.12136
-5.13451
-5.14686
-5.15851
-5.16722
-5.17292
-5.17777
-5.18011
-5.18013
-5.17785
-5.17429
-5.16743
-5.15618
-5.14349
-5.12967
-5.11421
-5.09677
-5.07827
-5.06072
-5.04206
-5.02539
-5.00825
-4.99302
-4.98098
-4.97362
-4.9682
-4.96348
-4.95815
-4.95373
-4.95044
-4.95072
-4.9572
-4.9693
-4.98382
-4.99543
-5.00524
-5.00921
-5.00884
-5.00756
-5.00841
-5.01579
-5.0291
-5.04725
-5.06669
-5.08513
-5.09881
-5.10752
-5.11236
-5.11281
-5.11107
-5.10696
-5.09871
-5.08919
-5.0782
-5.0653
-5.05263
-5.04278
-5.03796
-5.03903
-5.0447
-5.05351
-5.06264
-5.06845
-5.06717
-5.0558
-5.03164
-4.99837
-4.96207
-4.92792
-4.90036
-4.88428
-4.88022
-4.88602
-4.89938
-4.91767
-4.9375
-4.95523
-4.97201
-4.98372
-4.99095
-4.99688
-4.99953
-5.00073
-5.00164
-5.00637
-5.01517
-5.02899
-5.04789
-5.0729
-5.09715
-5.11867
-5.13334
-5.13954
-5.135
-5.12443
-5.10774
-5.0877
-5.06798
-5.0528
-5.04309
-5.0408
-5.04581
-5.05447
-5.06677
-5.07937
-5.09253
-5.10265
-5.11114
-5.11634
-5.11868
-5.11458
-5.10724
-5.09578
-5.07985
-5.06194
-5.04502
-5.0298
-5.01952
-5.01761
-5.02456
-5.04083
-5.06218
-5.08554
-5.10606
-5.12307
-5.13476
-5.14155
-5.14432
-5.14258
-5.13735
-5.1308
-5.12305
-5.11198
-5.10054
-5.08854
-5.07446
-5.05905
-5.04086
-5.02219
-5.00332
-4.98854
-4.97812
-4.97462
-4.97727
-4.98487
-4.99879
-5.0179
-5.04014
-5.06321
-5.0842
-5.10244
-5.11846
-5.13201
-5.14432
-5.15725
-5.16822
-5.17561
-5.1796
-5.17783
-5.17132
-5.16354
-5.15567
-5.14707
-5.14018
-5.13243
-5.12566
-5.11705
-5.10852
-5.10193
-5.09883
-5.10161
-5.11018
-5.12201
-5.13492
-5.14488
-5.15219
-5.15547
-5.15693
-5.15545
-5.15372
-5.15114
-5.14737
-5.14287
-5.13605
-5.1293
-5.1228
-5.11628
-5.11265
-5.11078
-5.11308
-5.11945
-5.12657
-5.13479
-5.14167
-5.14475
-5.14482
-5.14122
-5.13118
-5.11755
-5.10156
-5.08647
-5.07341
-5.06437
-5.05874
-5.05466
-5.04862
-5.04141
-5.03137
-5.02
-5.0114
-5.00856
-5.01572
-5.0306
-5.0509
-5.07289
-5.09018
-5.10463
-5.11492
-5.12126
-5.12425
-5.12496
-5.12332
-5.11645
-5.10658
-5.0953
-5.08277
-5.07067
-5.05904
-5.04794
-5.03861
-5.03
-5.0251
-5.02381
-5.02564
-5.03075
-5.03552
-5.03762
-5.03536
-5.02565
-5.00942
-4.98585
-4.95894
-4.92667
-4.89295
-4.86173
-4.83776
-4.82442
-4.8218
-4.82883
-4.84369
-4.86561
-4.89132
-4.92255
-4.95772
-4.98775
-5.01127
-5.02545
-5.03056
-5.0265
-5.01836
-5.01229
-5.01061
-5.01732
-5.02916
-5.04253
-5.05208
-5.05851
-5.05991
-5.05875
-5.05418
-5.04681
-5.03704
-5.02519
-5.01149
-4.9975
-4.98617
-4.97831
-4.97706
-4.97873
-4.98317
-4.98982
-4.99759
-5.00484
-5.00991
-5.01031
-5.00934
-5.00354
-4.99466
-4.98411
-4.97512
-4.96834
-4.96568
-4.96777
-4.97323
-4.982
-4.99124
-5.00208
-5.01383
-5.02688
-5.04008
-5.05199
-5.06267
-5.07208
-5.07928
-5.08453
-5.0865
-5.08575
-5.08109
-5.07241
-5.06219
-5.0534
-5.0453
-5.03742
-5.0318
-5.028
-5.02445
-5.01952
-5.0152
-5.01335
-5.01256
-5.01446
-5.01974
-5.02729
-5.03572
-5.04648
-5.05632
-5.06692
-5.07781
-5.08893
-5.10012
-5.10951
-5.11894
-5.12635
-5.13215
-5.13457
-5.13399
-5.12895
-5.12022
-5.10574
-5.08618
-5.06452
-5.04007
-5.01334
-4.98881
-4.9661
-4.95195
-4.94839
-4.9555
-4.97253
-4.99698
-5.02454
-5.05181
-5.07499
-5.09518
-5.11116
-5.12233
-5.13051
-5.13686
-5.14003
-5.13723
-5.12721
-5.10931
-5.08143
-5.04906
-5.01373
-4.97873
-4.95271
-4.93717
-4.93595
-4.94767
-4.97127
-5.00523
-5.04332
-5.07979
-5.11253
-5.1399
-5.15982
-5.17332
-5.17887
-5.17764
-5.1681
-5.15449
-5.13848
-5.12338
-5.1099
-5.09723
-5.08591
-5.0752
-5.06456
-5.05601
-5.0517
-5.05433
-5.06282
-5.07711
-5.09367
-5.10948
-5.1213
-5.12563
-5.12209
-5.11187
-5.09881
-5.0848
-5.07184
-5.06084
-5.05581
-5.05541
-5.06025
-5.06823
-5.07787
-5.08422
-5.08802
-5.09183
-5.09684
-5.10108
-5.10426
-5.10607
-5.10818
-5.11147
-5.11622
-5.12127
-5.12267
-5.1224
-5.11923
-5.11425
-5.11091
-5.10966
-5.111
-5.11301
-5.11211
-5.10886
-5.10058
-5.08868
-5.07482
-5.05918
-5.04365
-5.03292
-5.02902
-5.03205
-5.04548
-5.06718
-5.09208
-5.11795
-5.13858
-5.15266
-5.15856
-5.15797
-5.14818
-5.13059
-5.1077
-5.07893
-5.0477
-5.01528
-4.98445
-4.95918
-4.94181
-4.9347
-4.93466
-4.93916
-4.94369
-4.94533
-4.94093
-4.93286
-4.9261
-4.92484
-4.9312
-4.94678
-4.97004
-4.99861
-5.03019
-5.06507
-5.10074
-5.13459
-5.16327
-5.18579
-5.19801
-5.20112
-5.19694
-5.18819
-5.17495
-5.15788
-5.14293
-5.12487
-5.1055
-5.08346
-5.06353
-5.04461
-5.0311
-5.02286
-5.02323
-5.03198
-5.04629
-5.06516
-5.08703
-5.10702
-5.12479
-5.13559
-5.13963
-5.13416
-5.12017
-5.10202
-5.08017
-5.06141
-5.04916
-5.04359
-5.04313
-5.0466
-5.05332
-5.06057
-5.06683
-5.07206
-5.07695
-5.08035
-5.08153
-5.08118
-5.08093
-5.07672
-5.07402
-5.07128
-5.07093
-5.07378
-5.08039
-5.08975
-5.10086
-5.11125
-5.11986
-5.12305
-5.12292
-5.11641
-5.10829
-5.09762
-5.09143
-5.09527
-5.10713
-5.12729
-5.14977
-5.1702
-5.18799
-5.19974
-5.20309
-5.20173
-5.1956
-5.18793
-5.18132
-5.17675
-5.17391
-5.17348
-5.17279
-5.17472
-5.17657
-5.17576
-5.17121
-5.16272
-5.14943
-5.13261
-5.11364
-5.09232
-5.07431
-5.05966
-5.05029
-5.04801
-5.05097
-5.05776
-5.06542
-5.0739
-5.08061
-5.09077
-5.10571
-5.12705
-5.15263
-5.18242
-5.20962
-5.22998
-5.2399
-5.23824
-5.22673
-5.20567
-5.17884
-5.1517
-5.12511
-5.10153
-5.0816
-5.06571
-5.052
-5.04285
-5.03453
-5.02908
-5.02465
-5.02166
-5.0199
-5.01983
-5.02322
-5.03024
-5.03763
-5.04666
-5.0532
-5.05744
-5.05933
-5.06034
-5.05787
-5.0531
-5.05027
-5.04817
-5.04956
-5.05642
-5.06891
-5.08573
-5.1059
-5.12638
-5.14589
-5.16195
-5.17582
-5.18556
-5.19575
-5.20106
-5.2053
-5.20693
-5.20359
-5.19347
-5.17458
-5.14651
-5.11786
-5.09201
-5.07466
-5.0688
-5.07803
-5.09837
-5.12829
-5.16254
-5.19703
-5.22844
-5.25398
-5.27077
-5.27777
-5.27593
-5.26471
-5.24583
-5.22216
-5.19633
-5.17108
-5.14845
-5.13182
-5.11961
-5.1137
-5.11147
-5.11056
-5.1089
-5.10572
-5.09774
-5.08792
-5.07712
-5.06538
-5.05526
-5.04897
-5.04683
-5.05194
-5.06634
-5.08601
-5.10699
-5.12427
-5.13582
-5.14002
-5.13627
-5.12472
-5.10287
-5.07111
-5.03165
-4.98747
-4.9435
-4.90864
-4.88848
-4.88606
-4.89857
-4.91993
-4.94508
-4.96963
-4.99259
-5.01449
-5.03177
-5.04374
-5.04964
-5.04698
-5.03879
-5.02326
-5.00444
-4.98286
-4.96257
-4.94421
-4.92956
-4.91631
-4.90578
-4.8979
-4.89335
-4.89259
-4.89781
-4.9073
-4.92109
-4.93621
-4.95071
-4.96336
-4.97489
-4.98412
-4.99159
-4.997
-4.99886
-4.99711
-4.99242
-4.98937
-4.98879
-4.98929
-4.99433
-4.99978
-5.00591
-5.01168
-5.01769
-5.02371
-5.03164
-5.04199
-5.0539
-5.06659
-5.07761
-5.0878
-5.09351
-5.09411
-5.09125
-5.0867
-5.07899
-5.06935
-5.05624
-5.03895
-5.01963
-4.99809
-4.97795
-4.96241
-4.95314
-4.95145
-4.95708
-4.96777
-4.97828
-4.99135
-5.00275
-5.01333
-5.02241
-5.03056
-5.04094
-5.05235
-5.06454
-5.07715
-5.09027
-5.09984
-5.10524
-5.10693
-5.10381
-5.09897
-5.09516
-5.09396
-5.09403
-5.09374
-5.09061
-5.0853
-5.07569
-5.06301
-5.0477
-5.03091
-5.01321
-4.99565
-4.97623
-4.95711
-4.93761
-4.92028
-4.9068
-4.89899
-4.89851
-4.90676
-4.92509
-4.95024
-4.97717
-5.00488
-5.02838
-5.04489
-5.05587
-5.06417
-5.07369
-5.08613
-5.10103
-5.11938
-5.13824
-5.15372
-5.163
-5.1643
-5.15633
-5.13914
-5.11614
-5.09158
-5.07216
-5.05931
-5.05378
-5.05235
-5.05286
-5.05156
-5.04793
-5.04175
-5.03246
-5.02273
-5.01485
-5.01177
-5.01447
-5.02587
-5.04237
-5.06399
-5.08762
-5.10966
-5.12815
-5.14176
-5.1502
-5.1541
-5.15357
-5.15092
-5.14639
-5.13999
-5.13326
-5.12634
-5.11953
-5.11283
-5.10653
-5.10284
-5.10101
-5.10026
-5.09954
-5.09742
-5.09208
-5.0842
-5.07402
-5.06136
-5.0469
-5.03209
-5.0178
-5.00348
-4.99022
-4.97949
-4.9723
-4.97053
-4.97468
-4.9842
-4.99866
-5.01414
-5.03176
-5.05033
-5.06688
-5.08242
-5.09553
-5.10615
-5.11727
-5.12684
-5.13428
-5.13677
-5.13348
-5.12575
-5.11311
-5.09749
-5.08145
-5.06673
-5.05523
-5.04857
-5.04609
-5.04702
-5.05056
-5.0584
-5.06717
-5.07671
-5.08576
-5.09369
-5.09852
-5.10178
-5.10283
-5.10046
-5.09687
-5.0904
-5.08268
-5.07223
-5.06118
-5.04966
-5.03554
-5.01858
-4.99868
-4.98112
-4.96738
-4.95996
-4.96253
-4.97313
-4.99039
-5.01246
-5.03662
-5.06163
-5.08649
-5.11164
-5.1336
-5.15164
-5.1618
-5.16347
-5.15852
-5.14737
-5.12982
-5.11041
-5.09345
-5.08528
-5.08669
-5.0943
-5.10251
-5.10595
-5.10065
-5.08637
-5.06498
-5.04231
-5.02321
-5.0116
-5.00587
-5.00404
-5.00472
-5.00267
-4.99892
-4.99388
-4.98853
-4.9859
-4.98653
-4.99126
-5.0002
-5.01152
-5.0237
-5.03481
-5.04706
-5.05886
-5.07012
-5.07803
-5.08035
-5.07741
-5.06785
-5.05364
-5.0364
-5.01986
-5.00443
-4.99
-4.9765
-4.9632
-4.94849
-4.93259
-4.91558
-4.89937
-4.88298
-4.87174
-4.86967
-4.8811
-4.90866
-4.94613
-4.98848
-5.03075
-5.06776
-5.09599
-5.1181
-5.13518
-5.15003
-5.16477
-5.17915
-5.19051
-5.19975
-5.20251
-5.19776
-5.18528
-5.16435
-5.13731
-5.10583
-5.07119
-5.03931
-5.01143
-4.99221
-4.98331
-4.98394
-4.99448
-5.01558
-5.04271
-5.07349
-5.10294
-5.12724
-5.14544
-5.15164
-5.14868
-5.13866
-5.12019
-5.09746
-5.0712
-5.04547
-5.02339
-5.0092
-5.00429
-5.00995
-5.02722
-5.05479
-5.08877
-5.12397
-5.15528
-5.17892
-5.19164
-5.19359
-5.18622
-5.17069
-5.14912
-5.12488
-5.09767
-5.07131
-5.04536
-5.02322
-5.00463
-4.99133
-4.98359
-4.9806
-4.98522
-4.99555
-5.01166
-5.03053
-5.04964
-5.06817
-5.08249
-5.09459
-5.10109
-5.10433
-5.10458
-5.10303
-5.10202
-5.1012
-5.10035
-5.0998
-5.1001
-5.10229
-5.10519
-5.11106
-5.11749
-5.12588
-5.13433
-5.14192
-5.14467
-5.14431
-5.13979
-5.13079
-5.11757
-5.10277
-5.08706
-5.07179
-5.05657
-5.0449
-5.03483
-5.02626
-5.02004
-5.01587
-5.01389
-5.01669
-5.02604
-5.04238
-5.06432
-5.08561
-5.10101
-5.10832
-5.10924
-5.10658
-5.10345
-5.10299
-5.1066
-5.11504
-5.12669
-5.14226
-5.15765
-5.16927
-5.17624
-5.17666
-5.16988
-5.1572
-5.14038
-5.12202
-5.1052
-5.09238
-5.08478
-5.08076
-5.08038
-5.08333
-5.08656
-5.09124
-5.09385
-5.09788
-5.10119
-5.10626
-5.11078
-5.1167
-5.12321
-5.13247
-5.14094
-5.15088
-5.1576
-5.15764
-5.15002
-5.13682
-5.12321
-5.11296
-5.10706
-5.10706
-5.11183
-5.11895
-5.12518
-5.12582
-5.11999
-5.1095
-5.09713
-5.08761
-5.08329
-5.08445
-5.08821
-5.09406
-5.10111
-5.1091
-5.11712
-5.12436
-5.13031
-5.1301
-5.12548
-5.11294
-5.09191
-5.06338
-5.0301
-5.00228
-4.98438
-4.98659
-5.01044
-5.05509
-5.11259
-5.17418
-5.23292
-5.28126
-5.32014
-5.34403
-5.35682
-5.3594
-5.35563
-5.34677
-5.33407
-5.32153
-5.30752
-5.29298
-5.2741
-5.25334
-5.22998
-5.20722
-5.18882
-5.17615
-5.1711
-5.17503
-5.18564
-5.20094
-5.21724
-5.23209
-5.24344
-5.24861
-5.24744
-5.2398
-5.22714
-5.21219
-5.19602
-5.17988
-5.16523
-5.15369
-5.14348
-5.13597
-5.13011
-5.12725
-5.1278
-5.12979
-5.12928
-5.12402
-5.11033
-5.08951
-5.06691
-5.04576
-5.0318
-5.02442
-5.02393
-5.02797
-5.03284
-5.03774
-5.04166
-5.04349
-5.04184
-5.03932
-5.03367
-5.02623
-5.02002
-5.01678
-5.0159
-5.02164
-5.03261
-5.04768
-5.06554
-5.0857
-5.10741
-5.13005
-5.1512
-5.16969
-5.18372
-5.19045
-5.18794
-5.17508
-5.15309
-5.12292
-5.08702
-5.05338
-5.02619
-5.00633
-4.99412
-4.98739
-4.98259
-4.97876
-4.97616
-4.97804
-4.98456
-4.99259
-4.99913
-5.00433
-5.00718
-5.00806
-5.00452
-4.99934
-4.9938
-4.98896
-4.98705
-4.98891
-4.9955
-5.00603
-5.01903
-5.03112
-5.04246
-5.05316
-5.06427
-5.07478
-5.08927
-5.10402
-5.1202
-5.13571
-5.1456
-5.15098
-5.15064
-5.14472
-5.13446
-5.12258
-5.10966
-5.09618
-5.08457
-5.07703
-5.0725
-5.07146
-5.07381
-5.07982
-5.09259
-5.10896
-5.12475
-5.13569
-5.14103
-5.13635
-5.12579
-5.10951
-5.09184
-5.07328
-5.05938
-5.04944
-5.04346
-5.04199
-5.0434
-5.04885
-5.05372
-5.06014
-5.0651
-5.06716
-5.07064
-5.07505
-5.07923
-5.08244
-5.08274
-5.07966
-5.07545
-5.06869
-5.05971
-5.05284
-5.05032
-5.05368
-5.06334
-5.08067
-5.1033
-5.12676
-5.14994
-5.16903
-5.1815
-5.1859
-5.18587
-5.17866
-5.16979
-5.15729
-5.14606
-5.13759
-5.13199
-5.1306
-5.12913
-5.12731
-5.12438
-5.1212
-5.11769
-5.11317
-5.10719
-5.0978
-5.0848
-5.06896
-5.05128
-5.03483
-5.02125
-5.01353
-5.01126
-5.01317
-5.02117
-5.03286
-5.04704
-5.06009
-5.06739
-5.06708
-5.05626
-5.03777
-5.01233
-4.98208
-4.95157
-4.92527
-4.90978
-4.90835
-4.92505
-4.95518
-4.99118
-5.02644
-5.05754
-5.08379
-5.10537
-5.12545
-5.14105
-5.15327
-5.1595
-5.158
-5.1455
-5.12327
-5.09685
-5.06628
-5.03571
-5.01096
-4.99048
-4.97828
-4.97236
-4.9741
-4.98201
-4.99258
-5.00435
-5.01293
-5.01892
-5.01863
-5.01437
-5.0069
-4.99874
-4.99063
-4.98533
-4.98297
-4.98087
-4.97784
-4.97312
-4.96388
-4.95325
-4.94114
-4.93306
-4.93051
-4.93643
-4.95489
-4.98139
-5.01306
-5.04734
-5.07939
-5.10704
-5.12975
-5.14866
-5.16262
-5.17161
-5.17738
-5.17994
-5.17937
-5.1787
-5.17672
-5.1732
-5.16519
-5.15298
-5.13576
-5.11337
-5.0902
-5.06709
-5.04789
-5.03635
-5.03306
-5.03685
-5.04867
-5.06536
-5.08752
-5.11387
-5.14064
-5.16569
-5.18732
-5.20319
-5.2121
-5.21104
-5.20064
-5.17931
-5.15106
-5.1174
-5.07929
-5.04095
-5.00422
-4.97342
-4.94831
-4.92642
-4.91077
-4.90178
-4.89819
-4.9021
-4.91279
-4.92922
-4.94761
-4.96606
-4.98119
-4.99221
-4.9984
-4.99807
-4.99303
-4.98442
-4.97595
-4.97125
-4.97082
-4.97618
-4.98506
-4.99617
-5.0092
-5.01843
-5.02584
-5.02973
-5.0322
-5.03238
-5.03548
-5.03726
-5.04313
-5.05117
-5.05692
-5.06002
-5.05879
-5.05072
-5.03654
-5.01704
-4.99336
-4.96628
-4.94047
-4.9189
-4.90269
-4.8938
-4.89379
-4.90286
-4.91853
-4.94007
-4.96542
-4.99292
-5.02085
-5.04622
-5.06806
-5.08471
-5.09674
-5.10626
-5.11272
-5.118
-5.12262
-5.12764
-5.13251
-5.13562
-5.13722
-5.1327
-5.1239
-5.11195
-5.09904
-5.08453
-5.06934
-5.05416
-5.04131
-5.02929
-5.02106
-5.02114
-5.02852
-5.0436
-5.06475
-5.09069
-5.11771
-5.14307
-5.16505
-5.18211
-5.19198
-5.19424
-5.18889
-5.17561
-5.15661
-5.13356
-5.10588
-5.07542
-5.04395
-5.01506
-4.99347
-4.98444
-4.98768
-5.00102
-5.01786
-5.03265
-5.04418
-5.04898
-5.04805
-5.04275
-5.03393
-5.02414
-5.01309
-5.00417
-4.99796
-4.99647
-4.99839
-5.0063
-5.01916
-5.03713
-5.06088
-5.0893
-5.11936
-5.14914
-5.17358
-5.18955
-5.19595
-5.1886
-5.17065
-5.14272
-5.10788
-5.07196
-5.03838
-5.01209
-4.99667
-4.99261
-4.99628
-5.00594
-5.01688
-5.02837
-5.03759
-5.04232
-5.0421
-5.03594
-5.0242
-5.01064
-4.99524
-4.9809
-4.97057
-4.96543
-4.96397
-4.9647
-4.96805
-4.9713
-4.97571
-4.97978
-4.98254
-4.98466
-4.98607
-4.98531
-4.98327
-4.97924
-4.97242
-4.96735
-4.96756
-4.97117
-4.97901
-4.99199
-5.00788
-5.02211
-5.03435
-5.04245
-5.04618
-5.04627
-5.04292
-5.04021
-5.03961
-5.03857
-5.03626
-5.03058
-5.02273
-5.01358
-5.00569
-4.99985
-4.99814
-5.00012
-5.0048
-5.01257
-5.02234
-5.03368
-5.04517
-5.05448
-5.06189
-5.06826
-5.07351
-5.07848
-5.08251
-5.085
-5.08423
-5.08021
-5.07149
-5.06276
-5.05278
-5.04429
-5.03833
-5.03553
-5.03743
-5.04157
-5.04824
-5.05776
-5.06747
-5.07737
-5.08826
-5.1014
-5.11574
-5.13203
-5.14989
-5.16541
-5.17764
-5.18535
-5.18749
-5.18153
-5.16874
-5.14911
-5.1213
-5.08679
-5.04636
-5.00218
-4.96085
-4.927
-4.90488
-4.89319
-4.89046
-4.89573
-4.90745
-4.92747
-4.95472
-4.98585
-5.01479
-5.03892
-5.05488
-5.06085
-5.05711
-5.04655
-5.03079
-5.01266
-4.99492
-4.97922
-4.96643
-4.95861
-4.95739
-4.9621
-4.97221
-4.98584
-5.00106
-5.01451
-5.02649
-5.0334
-5.03804
-5.04272
-5.05412
-5.07054
-5.0919
-5.11544
-5.13771
-5.15715
-5.16958
-5.17543
-5.17505
-5.16733
-5.15604
-5.1438
-5.13192
-5.11988
-5.10774
-5.09733
-5.08742
-5.07953
-5.07263
-5.06483
-5.05534
-5.0441
-5.03017
-5.01216
-4.99222
-4.97381
-4.95819
-4.94799
-4.94673
-4.95189
-4.96277
-4.97754
-4.9925
-5.00467
-5.01458
-5.02047
-5.02376
-5.02328
-5.02229
-5.01897
-5.01552
-5.01275
-5.01419
-5.02039
-5.03391
-5.05152
-5.07158
-5.09192
-5.11112
-5.1254
-5.13484
-5.1391
-5.13823
-5.13229
-5.12168
-5.10876
-5.09128
-5.07265
-5.05127
-5.03157
-5.01192
-4.99509
-4.98259
-4.97609
-4.97678
-4.9843
-4.99714
-5.01395
-5.03176
-5.05004
-5.06731
-5.08366
-5.09923
-5.1133
-5.12533
-5.13603
-5.14209
-5.14654
-5.14699
-5.14323
-5.13322
-5.11737
-5.09673
-5.07744
-5.06436
-5.06102
-5.06816
-5.08193
-5.09797
-5.11176
-5.12362
-5.13105
-5.13357
-5.13414
-5.13513
-5.13629
-5.14161
-5.15049
-5.16287
-5.17596
-5.18517
-5.1914
-5.19162
-5.18543
-5.17335
-5.15592
-5.13675
-5.11471
-5.09356
-5.07649
-5.06724
-5.06713
-5.07419
-5.08436
-5.09679
-5.1089
-5.11936
-5.12773
-5.13244
-5.13413
-5.13355
-5.13151
-5.13058
-5.13369
-5.14014
-5.14974
-5.16094
-5.17214
-5.18197
-5.18906
-5.19125
-5.18688
-5.17497
-5.15677
-5.13229
-5.10534
-5.08082
-5.06253
-5.04986
-5.04361
-5.04363
-5.04916
-5.05649
-5.05966
-5.05627
-5.04317
-5.02035
-4.98951
-4.95733
-4.9255
-4.90142
-4.88985
-4.89022
-4.90535
-4.93256
-4.97091
-5.0144
-5.05751
-5.09562
-5.12542
-5.14596
-5.15854
-5.16492
-5.16491
-5.15839
-5.14482
-5.12584
-5.10016
-5.07214
-5.04369
-5.02204
-5.01094
-5.01362
-5.03042
-5.05599
-5.08577
-5.11295
-5.13372
-5.1422
-5.14056
-5.12892
-5.1106
-5.08829
-5.06538
-5.04743
-5.03247
-5.02509
-5.02375
-5.02572
-5.0321
-5.03996
-5.04802
-5.05472
-5.06214
-5.07301
-5.08743
-5.10604
-5.12646
-5.14359
-5.15841
-5.17035
-5.17869
-5.18075
-5.17848
-5.17381
-5.16651
-5.15971
-5.15453
-5.15184
-5.15256
-5.15497
-5.15788
-5.16051
-5.1611
-5.16052
-5.15778
-5.1552
-5.1525
-5.14787
-5.14129
-5.13079
-5.11578
-5.09954
-5.08313
-5.067
-5.05495
-5.04687
-5.04453
-5.04484
-5.04946
-5.0565
-5.06524
-5.07408
-5.08114
-5.08607
-5.08838
-5.08817
-5.08522
-5.08185
-5.07298
-5.05892
-5.04372
-5.02558
-5.00825
-4.99536
-4.99082
-4.99644
-5.00907
-5.02679
-5.04751
-5.07068
-5.09328
-5.11373
-5.13032
-5.14212
-5.14621
-5.1446
-5.1379
-5.12767
-5.11306
-5.09216
-5.06651
-5.03312
-4.9942
-4.95246
-4.91563
-4.88597
-4.86955
-4.86784
-4.88287
-4.91243
-4.95636
-5.00653
-5.05999
-5.11176
-5.15853
-5.19641
-5.2257
-5.2456
-5.25674
-5.25947
-5.25831
-5.25612
-5.25155
-5.24288
-5.2313
-5.21195
-5.18653
-5.15523
-5.12365
-5.09767
-5.07919
-5.07116
-5.07119
-5.07617
-5.08163
-5.08294
-5.08095
-5.07315
-5.06201
-5.04811
-5.03295
-5.0162
-4.99895
-4.98413
-4.97224
-4.96396
-4.96297
-4.96732
-4.97806
-4.99661
-5.01632
-5.03909
-5.06246
-5.0863
-5.10722
-5.12578
-5.13964
-5.14511
-5.14329
-5.13872
-5.13171
-5.12443
-5.11999
-5.11915
-5.12054
-5.12254
-5.12419
-5.1263
-5.12835
-5.12843
-5.12891
-5.13016
-5.13065
-5.12765
-5.12096
-5.10642
-5.08555
-5.06016
-5.03407
-5.01285
-4.99615
-4.9852
-4.97825
-4.97564
-4.97674
-4.98112
-4.98692
-4.99516
-5.00633
-5.02042
-5.03627
-5.05474
-5.07274
-5.08441
-5.08775
-5.08192
-5.06973
-5.05517
-5.04594
-5.04351
-5.04692
-5.05194
-5.05353
-5.04771
-5.03784
-5.02295
-5.0077
-4.99328
-4.98399
-4.98432
-4.99515
-5.0184
-5.04868
-5.08181
-5.11124
-5.13295
-5.14701
-5.15148
-5.14759
-5.1349
-5.11495
-5.08981
-5.06271
-5.03681
-5.01603
-5.00315
-4.99844
-5.00346
-5.01386
-5.02767
-5.04207
-5.05452
-5.06425
-5.07144
-5.07562
-5.07706
-5.07642
-5.07576
-5.07469
-5.07307
-5.07251
-5.07156
-5.07246
-5.07348
-5.07572
-5.07816
-5.07905
-5.07828
-5.07409
-5.06569
-5.05321
-5.03896
-5.02779
