           1     1.36689     1.36689           0
           2     1.37684     1.37187  0.00351715
           3     1.38523     1.37632  0.00432796
           4     1.30041     1.35734   0.0167523
           5     1.35311      1.3565   0.0134233
           6     1.33731      1.3533   0.0115608
           7     1.33856     1.35119   0.0100991
           8     1.37816     1.35456  0.00938246
           9     1.34439     1.35343  0.00840781
          10     1.36639     1.35473  0.00766619
          11     1.33401     1.35285  0.00719688
          12     1.29388     1.34793  0.00810299
          13     1.34074     1.34738  0.00749854
          14     1.37402     1.34928  0.00720036
          15     1.44011     1.35534  0.00890972
          16       1.333     1.35394  0.00846148
          17     1.37198       1.355  0.00802998
          18     1.34881     1.35466  0.00759124
          19     1.33557     1.35365  0.00725788
          20     1.30394     1.35117   0.0073083
