           1     0.00446     0.00446           0
           2    0.000752    0.002606  0.00131098
           3   -0.004736 0.000158667  0.00218101
           4    0.003948    0.001106  0.00182997
           5    0.005668   0.0020184  0.00167607
           6    0.000476  0.00176133   0.0014163
           7    -0.01156-0.000141714  0.00213961
           8   -0.005904   -0.000862  0.00198971
           9    0.000916-0.000664444  0.00177841
          10    0.006068     8.8e-06   0.0017233
          11    0.002108 0.000199636  0.00157717
          12   -0.006092-0.000324667   0.0015304
          13   -0.005188-0.000698769  0.00145769
          14   -0.000308-0.000670857  0.00135384
          15    0.005644-0.000249867  0.00132742
          16     0.01406   0.0006445  0.00151611
          17    0.003336 0.000802824  0.00143517
          18   -0.005528 0.000451111  0.00139787
          19   -0.005872 0.000118316  0.00136333
          20    0.000328   0.0001288  0.00129521
