           1   -0.460984   -0.460984           0
           2   -0.464576    -0.46278  0.00126996
           3   -0.461696   -0.462419 0.000896574
           4   -0.457928   -0.461296  0.00118214
           5    -0.46004   -0.461045 0.000972033
           6   -0.462648   -0.461312 0.000845956
           7   -0.462816   -0.461527 0.000751895
           8   -0.461928   -0.461577 0.000659578
           9   -0.465056   -0.461964 0.000690333
          10   -0.461256   -0.461893 0.000624915
          11   -0.461576   -0.461864 0.000568768
          12   -0.461904   -0.461867 0.000521381
          13   -0.463568   -0.461998 0.000497416
          14   -0.464464   -0.462174 0.000492083
          15   -0.464808    -0.46235 0.000489601
          16   -0.463272   -0.462407 0.000462381
          17   -0.461688   -0.462365 0.000437114
          18   -0.463712    -0.46244 0.000419185
          19   -0.460688   -0.462348 0.000407139
          20   -0.460648   -0.462263 0.000395553
