           1    0.203848    0.203848           0
           2    0.198882    0.201365  0.00175562
           3    0.205092    0.202607   0.0015488
           4    0.196006    0.200957   0.0018417
           5    0.199084    0.200583  0.00151098
           6    0.198972    0.200314  0.00128276
           7    0.192613    0.199214   0.0014988
           8    0.196078    0.198822  0.00136176
           9    0.196952    0.198614  0.00122619
          10    0.196184    0.198371  0.00112739
          11    0.197997    0.198337  0.00102542
          12    0.192403    0.197843  0.00105249
          13    0.197345    0.197804 0.000972221
          14    0.196327    0.197699 0.000908486
          15    0.200283    0.197871 0.000864102
          16    0.202214    0.198143 0.000851663
          17    0.194512    0.197929 0.000827903
          18    0.200076    0.198048 0.000790452
          19    0.196122    0.197947 0.000755322
          20    0.195271    0.197813 0.000729312
