28.1076   33.8038
23.6666   30.7325
22.829   27.3452
21.4801   24.3668
21.3556   22.846
20.6024   21.9754
20.0369   21.4911
19.6097   20.9439
18.2747   20.4619
18.1299   19.9174
17.5835   19.1106
17.5835   18.6322
17.5835   18.2002
17.1812   17.8961
16.7401   17.8107
16.5685   17.4078
16.1124   16.9527
15.6713   16.5189
15.3366   16.0683
15.3366   15.7097
14.2087   15.4977
14.2069   15.2694
14.0913   15.0135
14.0913   14.5792
13.4469   14.2222
13.3313   13.9882
13.3313   13.5783
13.0596   13.3698
13.0596   13.2872
12.864   13.1701
12.0374   13.0257
12.0374   12.8521
12.0374   12.5234
11.7367   12.2325
11.7367   12.0725
11.6366   11.8838
11.6366   11.7616
11.6366   11.6698
11.4318   11.64
11.4318   11.5941
11.2436   11.5003
11.2436   11.3803
11.2436   11.295
11.2436   11.2439
11.2436   11.2436
11.2436   11.2436
11.2436   11.2436
11.2436   11.2436
11.2436   11.2436
11.2436   11.2436
11.2436   11.2436
11.2138   11.2435
10.9776   11.2382
10.9776   11.1809
10.9776   11.0818
10.9776   11.001
10.9776   10.9776
10.9776   10.9776
10.9776   10.9776
10.9776   10.9776
10.7757   10.9769
10.7757   10.9494
10.7757   10.861
10.7757   10.7872
10.7757   10.7757
10.7757   10.7757
10.7757   10.7757
10.7757   10.7757
10.7757   10.7757
10.7757   10.7757
10.6977   10.7754
10.6977   10.7648
10.6977   10.7407
10.6977   10.7083
10.6977   10.6977
10.6977   10.6977
10.6977   10.6977
10.6977   10.6977
10.6977   10.6977
10.6977   10.6977
10.6977   10.6977
10.6977   10.6977
10.6977   10.6977
10.6977   10.6977
10.6977   10.6977
10.6977   10.6977
10.6977   10.6977
10.6977   10.6977
10.4102   10.6966
10.4102   10.651
10.4102   10.5136
10.4102   10.421
10.4102   10.4102
10.4102   10.4102
10.4102   10.4102
10.4102   10.4102
10.4102   10.4102
10.4102   10.4102
10.4102   10.4102
10.4102   10.4102
10.4102   10.4102
10.4102   10.4102
10.4102   10.4102
10.4102   10.4102
10.4102   10.4102
10.4102   10.4102
10.4102   10.4102
10.4102   10.4102
10.4102   10.4102
10.4102   10.4102
10.4102   10.4102
10.4102   10.4102
10.4102   10.4102
10.4102   10.4102
10.4102   10.4102
10.4102   10.4102
10.4102   10.4102
10.4102   10.4102
10.4102   10.4102
10.4102   10.4102
10.4102   10.4102
10.4102   10.4102
10.4102   10.4102
10.4102   10.4102
10.4102   10.4102
10.4102   10.4102
10.4102   10.4102
10.4102   10.4102
10.4102   10.4102
10.4102   10.4102
10.4102   10.4102
10.4102   10.4102
10.4102   10.4102
10.4102   10.4102
10.4102   10.4102
10.4102   10.4102
10.4102   10.4102
10.4102   10.4102
10.4102   10.4102
10.4102   10.4102
10.4102   10.4102
10.4102   10.4102
10.4102   10.4102
10.4102   10.4102
10.4102   10.4102
10.4102   10.4102
10.4102   10.4102
10.4102   10.4102
10.4102   10.4102
10.4102   10.4102
10.4102   10.4102
10.4102   10.4102
10.4102   10.4102
10.4102   10.4102
10.4102   10.4102
10.4102   10.4102
10.4102   10.4102
10.4102   10.4102
10.4102   10.4102
10.4102   10.4102
10.4102   10.4102
10.4102   10.4102
10.4102   10.4102
10.4102   10.4102
10.4102   10.4102
10.4102   10.4102
10.4102   10.4102
10.4102   10.4102
10.4102   10.4102
10.4102   10.4102
10.4102   10.4102
10.4102   10.4102
10.4102   10.4102
10.4102   10.4102
10.4102   10.4102
10.4102   10.4102
10.4102   10.4102
10.4102   10.4102
10.4102   10.4102
10.4102   10.4102
10.4102   10.4102
10.4102   10.4102
10.4102   10.4102
10.4102   10.4102
10.4102   10.4102
10.4102   10.4102
10.4102   10.4102
10.4102   10.4102
10.4102   10.4102
10.4102   10.4102
10.4102   10.4102
10.4102   10.4102
10.4102   10.4102
10.4102   10.4102
10.4102   10.4102
10.4102   10.4102
10.4102   10.4102
10.4102   10.4102
10.4102   10.4102
10.4102   10.4102
10.4102   10.4102
10.4102   10.4102
10.4102   10.4102
10.4102   10.4102
10.4102   10.4102
10.4102   10.4102
10.4102   10.4102
10.4102   10.4102
10.4102   10.4102
10.4102   10.4102
10.4102   10.4102
10.4102   10.4102
10.4102   10.4102
10.4102   10.4102
10.4102   10.4102
10.4102   10.4102
10.4102   10.4102
10.4102   10.4102
10.4102   10.4102
10.4102   10.4102
10.107   10.409
10.107   10.3902
10.107   10.3544
10.107   10.3036
10.107   10.1854
10.107   10.1283
10.107   10.107
10.107   10.107
10.107   10.107
10.107   10.107
10.107   10.107
10.107   10.107
10.107   10.107
10.107   10.107
10.107   10.107
10.107   10.107
10.107   10.107
10.107   10.107
10.107   10.107
10.107   10.107
10.107   10.107
10.107   10.107
10.107   10.107
10.107   10.107
10.107   10.107
10.107   10.107
10.107   10.107
10.107   10.107
10.107   10.107
10.107   10.107
10.107   10.107
10.107   10.107
10.107   10.107
10.107   10.107
10.107   10.107
10.107   10.107
10.107   10.107
10.107   10.107
10.107   10.107
10.107   10.107
10.107   10.107
10.107   10.107
10.107   10.107
10.107   10.107
10.107   10.107
10.107   10.107
10.107   10.107
10.107   10.107
10.107   10.107
10.107   10.107
10.107   10.107
10.107   10.107
10.107   10.107
10.107   10.107
10.107   10.107
10.107   10.107
10.107   10.107
10.107   10.107
10.107   10.107
10.107   10.107
10.107   10.107
10.107   10.107
10.107   10.107
10.107   10.107
10.107   10.107
10.107   10.107
10.107   10.107
10.107   10.107
10.107   10.107
10.107   10.107
10.107   10.107
10.107   10.107
10.107   10.107
10.107   10.107
10.107   10.107
10.107   10.107
10.107   10.107
10.107   10.107
10.107   10.107
10.107   10.107
10.107   10.107
10.107   10.107
10.107   10.107
10.107   10.107
10.107   10.107
10.107   10.107
10.107   10.107
10.107   10.107
10.107   10.107
10.107   10.107
10.107   10.107
10.107   10.107
10.107   10.107
10.107   10.107
10.107   10.107
10.107   10.107
10.107   10.107
10.107   10.107
10.107   10.107
10.107   10.107
10.107   10.107
10.107   10.107
10.107   10.107
10.107   10.107
10.107   10.107
10.107   10.107
10.107   10.107
10.107   10.107
10.107   10.107
10.107   10.107
10.107   10.107
10.107   10.107
10.107   10.107
10.107   10.107
10.107   10.107
10.107   10.107
10.107   10.107
10.107   10.107
10.107   10.107
10.107   10.107
10.107   10.107
10.107   10.107
10.107   10.107
10.107   10.107
10.107   10.107
10.107   10.107
10.107   10.107
10.107   10.107
10.107   10.107
10.107   10.107
10.107   10.107
10.107   10.107
10.107   10.107
10.107   10.107
10.107   10.107
10.107   10.107
10.107   10.107
10.107   10.107
10.107   10.107
10.107   10.107
10.107   10.107
10.107   10.107
10.107   10.107
10.107   10.107
10.107   10.107
10.107   10.107
10.107   10.107
10.107   10.107
10.107   10.107
10.107   10.107
10.107   10.107
10.107   10.107
10.107   10.107
10.107   10.107
10.107   10.107
10.107   10.107
10.107   10.107
10.107   10.107
10.107   10.107
10.107   10.107
10.107   10.107
10.107   10.107
10.107   10.107
10.107   10.107
10.107   10.107
10.107   10.107
10.107   10.107
10.107   10.107
10.107   10.107
10.107   10.107
10.107   10.107
10.107   10.107
10.107   10.107
10.107   10.107
10.107   10.107
10.107   10.107
10.107   10.107
10.107   10.107
10.107   10.107
10.107   10.107
10.0513   10.1068
10.0513   10.0994
10.0513   10.0803
10.0513   10.0628
10.0513   10.0513
10.0513   10.0513
10.0513   10.0513
10.0513   10.0513
10.0513   10.0513
10.0513   10.0513
10.0513   10.0513
10.0513   10.0513
10.0513   10.0513
10.0513   10.0513
10.0513   10.0513
10.0513   10.0513
10.0513   10.0513
10.0513   10.0513
10.0513   10.0513
10.0513   10.0513
10.0513   10.0513
10.0513   10.0513
10.0513   10.0513
10.0513   10.0513
10.0513   10.0513
10.0513   10.0513
10.0513   10.0513
10.0513   10.0513
10.0513   10.0513
10.0513   10.0513
10.0513   10.0513
10.0513   10.0513
10.0513   10.0513
10.0513   10.0513
10.0513   10.0513
10.0513   10.0513
10.0513   10.0513
10.0513   10.0513
10.0513   10.0513
10.0513   10.0513
10.0513   10.0513
10.0513   10.0513
10.0513   10.0513
10.0513   10.0513
10.0513   10.0513
10.0513   10.0513
10.0513   10.0513
10.0513   10.0513
10.0513   10.0513
10.0513   10.0513
10.0513   10.0513
10.0513   10.0513
10.0513   10.0513
10.0513   10.0513
10.0513   10.0513
10.0513   10.0513
10.0513   10.0513
10.0513   10.0513
10.0513   10.0513
10.0513   10.0513
10.0513   10.0513
10.0513   10.0513
10.0513   10.0513
10.0513   10.0513
10.0513   10.0513
10.0513   10.0513
10.0513   10.0513
10.0513   10.0513
10.0513   10.0513
10.0513   10.0513
10.0513   10.0513
10.0513   10.0513
10.0513   10.0513
10.0513   10.0513
10.0513   10.0513
10.0513   10.0513
10.0513   10.0513
10.0513   10.0513
10.0513   10.0513
10.0513   10.0513
10.0513   10.0513
10.0513   10.0513
10.0513   10.0513
10.0513   10.0513
10.0513   10.0513
10.0513   10.0513
10.0513   10.0513
10.0513   10.0513
10.0513   10.0513
10.0513   10.0513
10.0513   10.0513
10.0513   10.0513
10.0513   10.0513
10.0513   10.0513
10.0513   10.0513
10.0513   10.0513
10.0513   10.0513
10.0513   10.0513
10.0513   10.0513
10.0513   10.0513
10.0513   10.0513
10.0513   10.0513
10.0513   10.0513
10.0513   10.0513
10.0513   10.0513
10.0513   10.0513
10.0513   10.0513
10.0513   10.0513
10.0513   10.0513
10.0513   10.0513
10.0513   10.0513
10.0513   10.0513
10.0513   10.0513
10.0513   10.0513
10.0513   10.0513
10.0513   10.0513
10.0513   10.0513
10.0513   10.0513
10.0513   10.0513
10.0513   10.0513
10.0513   10.0513
10.0513   10.0513
10.0513   10.0513
10.0513   10.0513
10.0513   10.0513
10.0513   10.0513
10.0513   10.0513
10.0513   10.0513
10.0513   10.0513
10.0513   10.0513
10.0513   10.0513
10.0513   10.0513
10.0513   10.0513
10.0513   10.0513
10.0513   10.0513
10.0513   10.0513
10.0513   10.0513
10.0513   10.0513
10.0513   10.0513
10.0513   10.0513
10.0513   10.0513
10.0513   10.0513
10.0513   10.0513
10.0513   10.0513
10.0513   10.0513
10.0513   10.0513
10.0513   10.0513
10.0513   10.0513
10.0513   10.0513
10.0513   10.0513
10.0513   10.0513
10.0513   10.0513
10.0513   10.0513
10.0513   10.0513
10.0513   10.0513
10.0513   10.0513
10.0513   10.0513
10.0513   10.0513
10.0513   10.0513
10.0513   10.0513
10.0513   10.0513
10.0513   10.0513
10.0513   10.0513
10.0513   10.0513
10.0513   10.0513
10.0513   10.0513
10.0513   10.0513
10.0513   10.0513
10.0513   10.0513
10.0513   10.0513
10.0513   10.0513
10.0513   10.0513
10.0513   10.0513
10.0513   10.0513
10.0513   10.0513
10.0513   10.0513
10.0513   10.0513
10.0513   10.0513
10.0513   10.0513
10.0513   10.0513
10.0513   10.0513
10.0513   10.0513
10.0513   10.0513
10.0513   10.0513
10.0513   10.0513
10.0513   10.0513
10.0513   10.0513
10.0513   10.0513
10.0513   10.0513
10.0513   10.0513
10.0513   10.0513
10.0513   10.0513
10.0513   10.0513
10.0513   10.0513
10.0513   10.0513
10.0513   10.0513
10.0513   10.0513
10.0513   10.0513
10.0513   10.0513
10.0513   10.0513
10.0513   10.0513
10.0513   10.0513
10.0513   10.0513
10.0513   10.0513
10.0513   10.0513
10.0513   10.0513
10.0513   10.0513
10.0513   10.0513
10.0513   10.0513
10.0513   10.0513
10.0513   10.0513
10.0513   10.0513
10.0513   10.0513
10.0513   10.0513
10.0513   10.0513
10.0513   10.0513
10.0513   10.0513
10.0513   10.0513
10.0513   10.0513
10.0513   10.0513
10.0513   10.0513
10.0513   10.0513
10.0513   10.0513
10.0513   10.0513
10.0513   10.0513
10.0513   10.0513
10.0513   10.0513
10.0513   10.0513
10.0513   10.0513
10.0513   10.0513
10.0513   10.0513
10.0513   10.0513
10.0513   10.0513
10.0513   10.0513
10.0513   10.0513
10.0513   10.0513
10.0513   10.0513
10.0513   10.0513
10.0513   10.0513
10.0513   10.0513
10.0513   10.0513
10.0513   10.0513
10.0513   10.0513
10.0513   10.0513
10.0513   10.0513
10.0513   10.0513
10.0513   10.0513
10.0513   10.0513
10.0513   10.0513
10.0513   10.0513
10.0513   10.0513
10.0513   10.0513
10.0513   10.0513
10.0513   10.0513
10.0513   10.0513
10.0513   10.0513
10.0513   10.0513
10.0513   10.0513
10.0513   10.0513
10.0513   10.0513
10.0513   10.0513
10.0513   10.0513
10.0513   10.0513
10.0513   10.0513
10.0513   10.0513
10.0513   10.0513
10.0513   10.0513
10.0513   10.0513
10.0513   10.0513
10.0513   10.0513
10.0513   10.0513
10.0513   10.0513
10.0513   10.0513
10.0513   10.0513
10.0513   10.0513
10.0513   10.0513
10.0513   10.0513
10.0513   10.0513
10.0513   10.0513
10.0513   10.0513
10.0513   10.0513
10.0513   10.0513
10.0513   10.0513
10.0513   10.0513
10.0513   10.0513
10.0513   10.0513
10.0513   10.0513
10.0513   10.0513
10.0513   10.0513
10.0513   10.0513
10.0513   10.0513
10.0513   10.0513
10.0513   10.0513
10.0513   10.0513
10.0513   10.0513
10.0513   10.0513
10.0513   10.0513
10.0513   10.0513
10.0513   10.0513
10.0513   10.0513
10.0513   10.0513
10.0513   10.0513
10.0513   10.0513
10.0513   10.0513
10.0513   10.0513
10.0513   10.0513
10.0513   10.0513
10.0513   10.0513
10.0513   10.0513
10.0513   10.0513
10.0513   10.0513
10.0513   10.0513
10.0513   10.0513
10.0513   10.0513
10.0513   10.0513
10.0513   10.0513
10.0513   10.0513
10.0513   10.0513
10.0513   10.0513
10.0513   10.0513
10.0513   10.0513
10.0513   10.0513
10.0513   10.0513
10.0513   10.0513
10.0513   10.0513
10.0513   10.0513
10.0513   10.0513
10.0513   10.0513
10.0513   10.0513
10.0513   10.0513
10.0513   10.0513
10.0513   10.0513
10.0513   10.0513
10.0513   10.0513
10.0513   10.0513
10.0513   10.0513
10.0513   10.0513
10.0513   10.0513
10.0513   10.0513
10.0513   10.0513
10.0513   10.0513
10.0513   10.0513
10.0513   10.0513
10.0513   10.0513
10.0513   10.0513
10.0513   10.0513
10.0513   10.0513
10.0513   10.0513
10.0513   10.0513
10.0513   10.0513
10.0513   10.0513
10.0513   10.0513
10.0513   10.0513
10.0513   10.0513
10.0513   10.0513
10.0513   10.0513
10.0513   10.0513
10.0513   10.0513
10.0513   10.0513
10.0513   10.0513
10.0513   10.0513
10.0513   10.0513
10.0513   10.0513
10.0513   10.0513
10.0513   10.0513
10.0513   10.0513
10.0513   10.0513
10.0513   10.0513
10.0513   10.0513
10.0513   10.0513
10.0513   10.0513
10.0513   10.0513
10.0513   10.0513
10.0513   10.0513
10.0513   10.0513
10.0513   10.0513
10.0513   10.0513
10.0513   10.0513
10.0513   10.0513
10.0513   10.0513
10.0513   10.0513
10.0513   10.0513
10.0513   10.0513
10.0513   10.0513
10.0513   10.0513
10.0513   10.0513
10.0513   10.0513
10.0513   10.0513
10.0513   10.0513
10.0513   10.0513
10.0513   10.0513
10.0513   10.0513
10.0513   10.0513
10.0513   10.0513
10.0513   10.0513
10.0513   10.0513
10.0513   10.0513
10.0513   10.0513
10.0513   10.0513
10.0513   10.0513
10.0513   10.0513
10.0513   10.0513
10.0513   10.0513
10.0513   10.0513
10.0513   10.0513
10.0513   10.0513
10.0513   10.0513
10.0513   10.0513
10.0513   10.0513
10.0513   10.0513
10.0513   10.0513
10.0513   10.0513
10.0513   10.0513
10.0513   10.0513
10.0513   10.0513
10.0513   10.0513
10.0513   10.0513
10.0513   10.0513
10.0513   10.0513
10.0513   10.0513
10.0513   10.0513
10.0513   10.0513
10.0513   10.0513
10.0513   10.0513
10.0513   10.0513
10.0513   10.0513
10.0513   10.0513
10.0513   10.0513
10.0513   10.0513
10.0513   10.0513
10.0513   10.0513
10.0513   10.0513
10.0513   10.0513
10.0513   10.0513
10.0513   10.0513
10.0513   10.0513
10.0513   10.0513
10.0513   10.0513
10.0513   10.0513
10.0513   10.0513
10.0513   10.0513
10.0513   10.0513
10.0513   10.0513
10.0513   10.0513
10.0513   10.0513
10.0513   10.0513
10.0513   10.0513
10.0513   10.0513
10.0513   10.0513
10.0513   10.0513
10.0513   10.0513
10.0513   10.0513
10.0513   10.0513
10.0513   10.0513
10.0513   10.0513
10.0513   10.0513
10.0513   10.0513
10.0513   10.0513
10.0513   10.0513
10.0513   10.0513
10.0513   10.0513
10.0513   10.0513
10.0513   10.0513
10.0513   10.0513
10.0513   10.0513
10.0513   10.0513
10.0513   10.0513
10.0513   10.0513
10.0513   10.0513
10.0513   10.0513
10.0513   10.0513
10.0513   10.0513
10.0513   10.0513
10.0513   10.0513
10.0513   10.0513
10.0513   10.0513
10.0513   10.0513
10.0513   10.0513
10.0513   10.0513
10.0513   10.0513
10.0513   10.0513
10.0513   10.0513
10.0513   10.0513
10.0513   10.0513
10.0513   10.0513
10.0513   10.0513
10.0513   10.0513
10.0513   10.0513
10.0513   10.0513
10.0513   10.0513
10.0513   10.0513
10.0513   10.0513
10.0513   10.0513
10.0513   10.0513
10.0513   10.0513
10.0513   10.0513
10.0513   10.0513
10.0513   10.0513
10.0513   10.0513
10.0513   10.0513
10.0513   10.0513
10.0513   10.0513
10.0513   10.0513
10.0513   10.0513
10.0513   10.0513
10.0513   10.0513
10.0513   10.0513
10.0513   10.0513
10.0513   10.0513
10.0513   10.0513
10.0513   10.0513
10.0513   10.0513
10.0513   10.0513
10.0513   10.0513
10.0513   10.0513
10.0513   10.0513
10.0513   10.0513
10.0513   10.0513
10.0513   10.0513
10.0513   10.0513
10.0513   10.0513
10.0513   10.0513
10.0513   10.0513
10.0513   10.0513
10.0513   10.0513
10.0513   10.0513
10.0513   10.0513
10.0513   10.0513
10.0513   10.0513
10.0513   10.0513
10.0513   10.0513
10.0513   10.0513
10.0513   10.0513
10.0513   10.0513
10.0513   10.0513
10.0513   10.0513
10.0513   10.0513
10.0513   10.0513
10.0513   10.0513
10.0513   10.0513
10.0513   10.0513
10.0513   10.0513
10.0513   10.0513
10.0513   10.0513
10.0513   10.0513
10.0513   10.0513
10.0513   10.0513
10.0513   10.0513
10.0513   10.0513
10.0513   10.0513
10.0513   10.0513
10.0513   10.0513
10.0513   10.0513
10.0513   10.0513
10.0513   10.0513
10.0513   10.0513
10.0513   10.0513
10.0513   10.0513
10.0513   10.0513
10.0513   10.0513
10.0513   10.0513
10.0513   10.0513
10.0513   10.0513
10.0513   10.0513
10.0513   10.0513
10.0513   10.0513
10.0513   10.0513
10.0513   10.0513
10.0513   10.0513
10.0513   10.0513
10.0513   10.0513
10.0513   10.0513
10.0513   10.0513
10.0513   10.0513
10.0513   10.0513
10.0513   10.0513
10.0513   10.0513
10.0513   10.0513
10.0513   10.0513
10.0513   10.0513
10.0513   10.0513
10.0513   10.0513
10.0513   10.0513
10.0513   10.0513
10.0513   10.0513
10.0513   10.0513
10.0513   10.0513
10.0513   10.0513
10.0513   10.0513
10.0513   10.0513
10.0513   10.0513
10.0513   10.0513
10.0513   10.0513
10.0513   10.0513
10.0513   10.0513
10.0513   10.0513
10.0513   10.0513
10.0513   10.0513
10.0513   10.0513
10.0513   10.0513
10.0513   10.0513
10.0513   10.0513
10.0513   10.0513
10.0513   10.0513
10.0513   10.0513
10.0513   10.0513
10.0513   10.0513
10.0513   10.0513
10.0513   10.0513
10.0513   10.0513
10.0513   10.0513
10.0513   10.0513
10.0513   10.0513
10.0513   10.0513
10.0513   10.0513
10.0513   10.0513
10.0513   10.0513
10.0513   10.0513
10.0513   10.0513
10.0513   10.0513
10.0513   10.0513
10.0513   10.0513
10.0513   10.0513
10.0513   10.0513
10.0513   10.0513
10.0513   10.0513
10.0513   10.0513
10.0513   10.0513
10.0513   10.0513
10.0513   10.0513
10.0513   10.0513
10.0513   10.0513
10.0513   10.0513
10.0513   10.0513
10.0513   10.0513
10.0513   10.0513
10.0513   10.0513
10.0513   10.0513
10.0513   10.0513
10.0513   10.0513
10.0513   10.0513
10.0513   10.0513
10.0513   10.0513
10.0513   10.0513
10.0513   10.0513
10.0513   10.0513
10.0513   10.0513
10.0513   10.0513
10.0513   10.0513
10.0513   10.0513
10.0513   10.0513
10.0513   10.0513
10.0513   10.0513
10.0513   10.0513
10.0513   10.0513
10.0513   10.0513
10.0513   10.0513
10.0513   10.0513
10.0513   10.0513
10.0513   10.0513
10.0513   10.0513
10.0513   10.0513
10.0513   10.0513
10.0513   10.0513
10.0513   10.0513
10.0513   10.0513
10.0513   10.0513
10.0513   10.0513
10.0513   10.0513
10.0513   10.0513
10.0513   10.0513
10.0513   10.0513
10.0513   10.0513
10.0513   10.0513
10.0513   10.0513
10.0513   10.0513
10.0513   10.0513
10.0513   10.0513
10.0513   10.0513
10.0513   10.0513
9.8983   10.0507
9.8983   10.0409
9.8983   10.0474
9.8983   10.0667
9.8983   9.98992
9.8983   9.92203
9.8983   9.8983
9.8983   9.8983
9.8983   9.8983
9.8983   9.8983
9.8983   9.8983
9.8983   9.8983
9.8983   9.8983
9.8983   9.8983
9.8983   9.8983
9.8983   9.8983
9.8983   9.8983
9.8983   9.8983
9.8983   9.8983
9.8983   9.8983
9.8983   9.8983
9.8983   9.8983
9.8983   9.8983
9.8983   9.8983
9.8983   9.8983
9.8983   9.8983
9.8983   9.8983
9.8983   9.8983
9.8983   9.8983
9.8983   9.8983
9.8983   9.8983
9.8983   9.8983
9.8983   9.8983
9.8983   9.8983
9.8983   9.8983
9.8983   9.8983
9.8983   9.8983
9.8983   9.8983
9.8983   9.8983
9.8983   9.8983
9.8983   9.8983
9.8983   9.8983
9.8983   9.8983
9.8983   9.8983
9.8983   9.8983
9.8983   9.8983
9.8983   9.8983
9.8983   9.8983
9.8983   9.8983
9.8983   9.8983
9.8983   9.8983
9.8983   9.8983
9.8983   9.8983
9.8983   9.8983
9.8983   9.8983
9.8983   9.8983
9.8983   9.8983
9.8983   9.8983
9.8983   9.8983
9.8983   9.8983
9.8983   9.8983
9.8983   9.8983
9.8983   9.8983
9.8983   9.8983
9.8983   9.8983
9.8983   9.8983
9.8983   9.8983
9.8983   9.8983
9.8983   9.8983
9.8983   9.8983
9.8983   9.8983
9.8983   9.8983
9.8983   9.8983
9.8983   9.8983
9.8983   9.8983
9.8983   9.8983
9.8983   9.8983
9.8983   9.8983
9.8983   9.8983
9.8983   9.8983
9.8983   9.8983
9.8983   9.8983
9.8983   9.8983
9.8983   9.8983
9.8983   9.8983
9.8983   9.8983
9.8983   9.8983
9.8983   9.8983
9.8983   9.8983
9.8983   9.8983
9.8983   9.8983
9.8983   9.8983
9.8983   9.8983
9.8983   9.8983
9.8983   9.8983
9.8983   9.8983
9.8983   9.8983
9.8983   9.8983
9.8983   9.8983
9.8983   9.8983
9.8983   9.8983
9.8983   9.8983
9.8983   9.8983
9.8983   9.8983
9.8983   9.8983
9.8983   9.8983
9.8983   9.8983
9.8983   9.8983
9.8983   9.8983
9.8983   9.8983
9.8983   9.8983
9.8983   9.8983
9.8983   9.8983
9.8983   9.8983
9.8983   9.8983
9.8983   9.8983
9.8983   9.8983
9.8983   9.8983
9.8983   9.8983
9.8983   9.8983
9.8983   9.8983
9.8983   9.8983
9.8983   9.8983
9.8983   9.8983
9.8983   9.8983
9.8983   9.8983
9.8983   9.8983
9.8983   9.8983
9.8983   9.8983
9.8983   9.8983
9.8983   9.8983
9.8983   9.8983
9.8983   9.8983
9.8983   9.8983
9.8983   9.8983
9.8983   9.8983
9.8983   9.8983
9.8983   9.8983
9.8983   9.8983
9.8983   9.8983
9.8983   9.8983
9.8983   9.8983
9.8983   9.8983
9.8983   9.8983
9.8983   9.8983
9.8983   9.8983
9.8983   9.8983
9.8983   9.8983
9.8983   9.8983
9.8983   9.8983
9.8983   9.8983
9.8983   9.8983
9.8983   9.8983
9.8983   9.8983
9.8983   9.8983
9.8983   9.8983
9.8983   9.8983
9.8983   9.8983
9.8983   9.8983
9.8983   9.8983
9.8983   9.8983
9.8983   9.8983
9.8983   9.8983
9.8983   9.8983
9.8983   9.8983
9.8983   9.8983
9.8983   9.8983
9.8983   9.8983
9.8983   9.8983
9.8983   9.8983
9.8983   9.8983
9.8983   9.8983
9.8983   9.8983
9.8983   9.8983
9.8983   9.8983
9.8983   9.8983
9.8983   9.8983
9.8983   9.8983
9.8983   9.8983
9.8983   9.8983
9.8983   9.8983
9.8983   9.8983
9.8983   9.8983
9.8983   9.8983
9.8983   9.8983
9.8983   9.8983
9.8983   9.8983
9.8983   9.8983
9.8983   9.8983
9.8983   9.8983
9.8983   9.8983
9.8983   9.8983
9.8983   9.8983
9.8983   9.8983
9.8983   9.8983
9.8983   9.8983
9.8983   9.8983
9.8983   9.8983
9.8983   9.8983
9.8983   9.8983
9.8983   9.8983
9.8983   9.8983
9.8983   9.8983
9.8983   9.8983
9.8983   9.8983
9.8983   9.8983
9.8983   9.8983
9.8983   9.8983
9.8983   9.8983
9.8983   9.8983
9.8983   9.8983
9.8983   9.8983
9.8983   9.8983
9.8983   9.8983
9.8983   9.8983
9.8983   9.8983
9.8983   9.8983
9.8983   9.8983
9.8983   9.8983
9.8983   9.8983
9.8983   9.8983
9.8983   9.8983
9.8983   9.8983
9.8983   9.8983
9.8983   9.8983
9.8983   9.8983
9.8983   9.8983
9.8983   9.8983
9.8983   9.8983
9.8983   9.8983
9.8983   9.8983
9.8983   9.8983
9.8983   9.8983
9.8983   9.8983
9.8983   9.8983
9.8983   9.8983
9.8983   9.8983
9.8983   9.8983
9.8983   9.8983
9.8983   9.8983
9.8983   9.8983
9.8983   9.8983
9.8983   9.8983
9.8983   9.8983
9.8983   9.8983
9.8983   9.8983
9.8983   9.8983
9.8983   9.8983
9.8983   9.8983
9.8983   9.8983
9.8983   9.8983
9.8983   9.8983
9.8983   9.8983
9.8983   9.8983
9.8983   9.8983
9.8983   9.8983
9.8983   9.8983
9.8983   9.8983
9.8983   9.8983
9.8983   9.8983
9.8983   9.8983
9.8983   9.8983
9.8983   9.8983
9.8983   9.8983
9.8983   9.8983
9.8983   9.8983
9.8983   9.8983
9.8983   9.8983
9.8983   9.8983
9.8983   9.8983
9.8983   9.8983
9.8983   9.8983
9.8983   9.8983
9.8983   9.8983
9.8983   9.8983
9.8983   9.8983
9.8983   9.8983
9.8983   9.8983
9.8983   9.8983
9.8983   9.8983
9.8983   9.8983
9.8983   9.8983
9.8983   9.8983
9.8983   9.8983
9.8983   9.8983
9.8983   9.8983
9.8983   9.8983
9.8983   9.8983
9.8983   9.8983
9.8983   9.8983
9.8983   9.8983
9.8983   9.8983
9.8983   9.8983
9.8983   9.8983
9.8983   9.8983
9.8983   9.8983
9.8983   9.8983
9.8983   9.8983
9.8983   9.8983
9.8983   9.8983
9.8983   9.8983
9.8983   9.8983
9.8983   9.8983
9.8983   9.8983
9.8983   9.8983
9.8983   9.8983
9.8983   9.8983
9.8983   9.8983
9.8983   9.8983
9.8983   9.8983
9.8983   9.8983
9.8983   9.8983
9.8983   9.8983
9.8983   9.8983
9.8983   9.8983
9.8983   9.8983
9.8983   9.8983
9.8983   9.8983
9.8983   9.8983
9.8983   9.8983
9.8983   9.8983
9.8983   9.8983
9.8983   9.8983
9.8983   9.8983
9.8983   9.8983
9.8983   9.8983
9.8983   9.8983
9.8983   9.8983
9.8983   9.8983
9.8983   9.8983
9.8983   9.8983
9.8983   9.8983
9.8983   9.8983
9.8983   9.8983
9.8983   9.8983
9.8983   9.8983
9.8983   9.8983
9.8983   9.8983
9.8983   9.8983
9.8983   9.8983
9.8983   9.8983
9.8983   9.8983
9.8983   9.8983
9.8983   9.8983
9.8983   9.8983
9.8983   9.8983
9.8983   9.8983
9.8983   9.8983
9.8983   9.8983
9.8983   9.8983
9.8983   9.8983
9.8983   9.8983
9.8983   9.8983
9.8983   9.8983
9.8983   9.8983
9.8983   9.8983
9.8983   9.8983
9.8983   9.8983
9.8983   9.8983
9.8983   9.8983
9.8983   9.8983
9.8983   9.8983
9.8983   9.8983
9.8983   9.8983
9.8983   9.8983
9.8983   9.8983
9.8983   9.8983
9.8983   9.8983
9.8983   9.8983
9.8983   9.8983
9.8983   9.8983
9.8983   9.8983
9.8983   9.8983
9.8983   9.8983
9.8983   9.8983
9.8983   9.8983
9.8983   9.8983
9.8983   9.8983
9.8983   9.8983
9.8983   9.8983
9.8983   9.8983
9.8983   9.8983
9.8983   9.8983
9.8983   9.8983
9.8983   9.8983
9.8983   9.8983
9.8983   9.8983
9.8983   9.8983
9.8983   9.8983
9.8983   9.8983
9.8983   9.8983
9.8983   9.8983
9.8983   9.8983
9.8983   9.8983
9.8983   9.8983
9.8983   9.8983
9.8983   9.8983
9.8983   9.8983
9.8983   9.8983
9.8983   9.8983
9.8983   9.8983
9.8983   9.8983
9.8983   9.8983
9.8983   9.8983
9.8983   9.8983
9.8983   9.8983
9.8983   9.8983
9.8983   9.8983
9.8983   9.8983
9.8983   9.8983
9.8983   9.8983
9.8983   9.8983
9.8983   9.8983
9.8983   9.8983
9.8983   9.8983
9.8983   9.8983
9.8983   9.8983
9.8983   9.8983
9.8983   9.8983
9.8983   9.8983
9.8983   9.8983
9.8983   9.8983
9.8983   9.8983
9.8983   9.8983
9.8983   9.8983
9.8983   9.8983
9.8983   9.8983
9.8983   9.8983
9.8983   9.8983
9.8983   9.8983
9.8983   9.8983
9.8983   9.8983
9.8983   9.8983
9.8983   9.8983
9.8983   9.8983
9.8983   9.8983
9.8983   9.8983
9.8983   9.8983
9.8983   9.8983
9.8983   9.8983
9.8983   9.8983
9.8983   9.8983
9.8983   9.8983
9.8983   9.8983
9.8983   9.8983
9.8983   9.8983
9.8983   9.8983
9.8983   9.8983
9.8983   9.8983
9.8983   9.8983
9.8983   9.8983
9.8983   9.8983
9.8983   9.8983
9.8983   9.8983
9.8983   9.8983
9.8983   9.8983
9.8983   9.8983
9.8983   9.8983
9.8983   9.8983
9.8983   9.8983
9.8983   9.8983
9.8983   9.8983
9.8983   9.8983
9.8983   9.8983
9.8983   9.8983
9.8983   9.8983
9.8983   9.8983
9.8983   9.8983
9.8983   9.8983
9.8983   9.8983
9.8983   9.8983
9.8983   9.8983
9.8983   9.8983
9.8983   9.8983
9.8983   9.8983
9.8983   9.8983
9.8983   9.8983
9.8983   9.8983
9.8983   9.8983
9.8983   9.8983
9.8983   9.8983
9.8983   9.8983
9.8983   9.8983
9.8983   9.8983
9.8983   9.8983
9.8983   9.8983
9.8983   9.8983
9.8983   9.8983
9.8983   9.8983
9.8983   9.8983
9.8983   9.8983
9.8983   9.8983
9.8983   9.8983
9.8983   9.8983
9.8983   9.8983
9.8983   9.8983
9.8983   9.8983
9.8983   9.8983
9.8983   9.8983
9.8983   9.8983
9.8983   9.8983
9.8983   9.8983
9.8983   9.8983
9.8983   9.8983
9.8983   9.8983
9.8983   9.8983
9.8983   9.8983
9.8983   9.8983
9.8983   9.8983
9.8983   9.8983
9.8983   9.8983
9.8983   9.8983
9.8983   9.8983
9.8983   9.8983
9.8983   9.8983
9.8983   9.8983
9.8983   9.8983
9.8983   9.8983
9.8983   9.8983
9.8983   9.8983
