28.0207   33.8453
26.8324   30.9133
25.0197   28.6576
23.0924   26.6643
20.9998   24.8486
19.6141   22.8009
18.8794   21.1468
17.7516   19.8539
16.3743   18.8746
16.3743   17.8508
16.3743   16.769
15.6498   16.4159
15.1462   16.2148
14.8495   15.7804
14.6306   15.3058
13.6514   15.0008
13.6514   14.5859
13.6514   14.1193
13.3235   13.7596
13.2486   13.6083
13.1647   13.4557
13.1547   13.2971
13.1547   13.2018
13.1547   13.1627
12.883   13.1529
12.681   13.1025
12.6655   12.933
12.6655   12.7495
12.4924   12.6701
12.4924   12.6439
12.3812   12.5686
12.1886   12.5145
12.1728   12.3953
12.1034   12.2651
12.1034   12.1813
12.1034   12.1207
12.078   12.1033
12.078   12.1007
12.078   12.0924
12.078   12.0826
12.078   12.078
12.078   12.078
12.078   12.078
12.078   12.078
11.9585   12.0776
11.9585   12.0591
11.9585   12.0099
11.9585   11.9702
11.9585   11.9585
11.9585   11.9585
11.2436   11.9558
10.9776   11.8692
10.9776   11.5469
10.9776   11.232
10.9776   11.0044
10.9776   10.9776
10.9776   10.9776
10.9776   10.9776
10.9776   10.9776
10.9776   10.9776
10.7757   10.9769
10.7757   10.9395
10.7757   10.8428
10.7757   10.7757
10.7757   10.7757
10.7757   10.7757
10.7757   10.7757
10.7757   10.7757
10.7757   10.7757
10.7757   10.7757
10.7757   10.7757
10.7757   10.7757
10.7757   10.7757
10.7757   10.7757
10.7757   10.7757
10.7757   10.7757
10.7757   10.7757
10.7757   10.7757
10.7757   10.7757
10.7757   10.7757
10.6987   10.7754
10.6987   10.7667
10.6987   10.7391
10.6987   10.7257
10.6987   10.6987
10.6987   10.6987
10.6987   10.6987
10.6987   10.6987
10.6987   10.6987
10.6987   10.6987
10.6987   10.6987
10.6987   10.6987
10.4112   10.6976
10.4112   10.6466
10.4112   10.5464
10.4112   10.4273
10.4112   10.4112
10.4112   10.4112
10.4102   10.4112
10.4102   10.411
10.4102   10.4106
10.4102   10.4102
10.4102   10.4102
10.4102   10.4102
10.4102   10.4102
10.4102   10.4102
10.4102   10.4102
10.4102   10.4102
10.4102   10.4102
10.4102   10.4102
10.4102   10.4102
10.4102   10.4102
10.4102   10.4102
10.4102   10.4102
10.4102   10.4102
10.4102   10.4102
10.4102   10.4102
10.4102   10.4102
10.4102   10.4102
10.4102   10.4102
10.4102   10.4102
10.4102   10.4102
10.4102   10.4102
10.4102   10.4102
10.4102   10.4102
10.4102   10.4102
10.4102   10.4102
10.4102   10.4102
10.4102   10.4102
10.4102   10.4102
10.4102   10.4102
10.4102   10.4102
10.4102   10.4102
10.4102   10.4102
10.4102   10.4102
10.4102   10.4102
10.4102   10.4102
10.4102   10.4102
10.4102   10.4102
10.4102   10.4102
10.4102   10.4102
10.4102   10.4102
10.4102   10.4102
10.4102   10.4102
10.4102   10.4102
10.4102   10.4102
10.4102   10.4102
10.4102   10.4102
10.4102   10.4102
10.4102   10.4102
10.4102   10.4102
10.4102   10.4102
10.4102   10.4102
10.4102   10.4102
10.4102   10.4102
10.4102   10.4102
10.4102   10.4102
10.4102   10.4102
10.4102   10.4102
10.4102   10.4102
10.4102   10.4102
10.4102   10.4102
10.4102   10.4102
10.4102   10.4102
10.4102   10.4102
10.4102   10.4102
10.4102   10.4102
10.4102   10.4102
10.4102   10.4102
10.4102   10.4102
10.4102   10.4102
10.4102   10.4102
10.4102   10.4102
10.4102   10.4102
10.4102   10.4102
10.4102   10.4102
10.4102   10.4102
10.4102   10.4102
10.4102   10.4102
10.4102   10.4102
10.4102   10.4102
10.4102   10.4102
10.4102   10.4102
10.4102   10.4102
10.4102   10.4102
10.4102   10.4102
10.4102   10.4102
10.4102   10.4102
10.4102   10.4102
10.4102   10.4102
10.4102   10.4102
10.4102   10.4102
10.4102   10.4102
10.4102   10.4102
10.4102   10.4102
10.4102   10.4102
10.4102   10.4102
10.4102   10.4102
10.4102   10.4102
10.4102   10.4102
10.2787   10.4097
10.2787   10.3973
10.2787   10.3601
10.2787   10.3356
10.2787   10.2892
10.2787   10.2787
10.2787   10.2787
10.2787   10.2787
10.2787   10.2787
10.2787   10.2787
10.2787   10.2787
10.2787   10.2787
10.2787   10.2787
10.107   10.2781
10.107   10.2541
10.107   10.1899
10.107   10.1238
10.107   10.107
10.107   10.107
10.107   10.107
10.107   10.107
10.107   10.107
10.107   10.107
10.107   10.107
10.107   10.107
10.107   10.107
10.107   10.107
10.107   10.107
10.107   10.107
10.107   10.107
10.107   10.107
10.107   10.107
10.107   10.107
10.107   10.107
10.107   10.107
10.107   10.107
10.107   10.107
10.107   10.107
10.107   10.107
10.107   10.107
10.107   10.107
10.107   10.107
10.107   10.107
10.107   10.107
10.107   10.107
10.107   10.107
10.107   10.107
10.107   10.107
10.107   10.107
10.107   10.107
10.107   10.107
10.107   10.107
10.107   10.107
10.107   10.107
10.107   10.107
10.107   10.107
10.107   10.107
10.107   10.107
10.107   10.107
10.107   10.107
10.107   10.107
10.107   10.107
10.107   10.107
10.107   10.107
10.107   10.107
10.107   10.107
10.107   10.107
10.107   10.107
10.107   10.107
10.107   10.107
10.107   10.107
10.107   10.107
10.107   10.107
10.107   10.107
10.107   10.107
10.107   10.107
10.107   10.107
10.107   10.107
10.107   10.107
10.107   10.107
10.107   10.107
10.107   10.107
10.107   10.107
10.107   10.107
10.107   10.107
10.107   10.107
10.107   10.107
10.107   10.107
10.107   10.107
10.107   10.107
10.107   10.107
10.107   10.107
10.107   10.107
10.107   10.107
10.107   10.107
10.107   10.107
10.107   10.107
10.107   10.107
10.107   10.107
10.107   10.107
10.107   10.107
10.107   10.107
10.107   10.107
10.107   10.107
10.107   10.107
10.107   10.107
10.107   10.107
10.107   10.107
10.107   10.107
10.107   10.107
10.107   10.107
10.107   10.107
10.107   10.107
10.107   10.107
10.107   10.107
10.107   10.107
10.107   10.107
10.107   10.107
10.107   10.107
10.107   10.107
10.107   10.107
10.107   10.107
10.107   10.107
10.107   10.107
10.107   10.107
10.107   10.107
10.107   10.107
10.107   10.107
10.107   10.107
10.107   10.107
10.107   10.107
10.107   10.107
10.107   10.107
10.107   10.107
10.107   10.107
10.107   10.107
10.107   10.107
10.107   10.107
10.107   10.107
10.107   10.107
10.107   10.107
10.107   10.107
10.107   10.107
10.107   10.107
10.107   10.107
10.107   10.107
10.107   10.107
10.107   10.107
10.107   10.107
10.107   10.107
10.107   10.107
10.107   10.107
10.107   10.107
10.107   10.107
10.107   10.107
10.107   10.107
10.107   10.107
10.107   10.107
10.107   10.107
10.107   10.107
10.107   10.107
10.107   10.107
10.107   10.107
10.107   10.107
10.107   10.107
10.107   10.107
10.107   10.107
10.107   10.107
10.107   10.107
10.107   10.107
10.107   10.107
10.107   10.107
10.107   10.107
10.107   10.107
10.107   10.107
10.107   10.107
10.107   10.107
10.107   10.107
10.107   10.107
10.107   10.107
10.107   10.107
10.107   10.107
10.107   10.107
10.107   10.107
10.107   10.107
10.107   10.107
10.107   10.107
10.107   10.107
10.107   10.107
10.107   10.107
10.107   10.107
10.107   10.107
10.107   10.107
10.107   10.107
10.107   10.107
10.107   10.107
10.107   10.107
10.107   10.107
10.107   10.107
10.107   10.107
10.0513   10.1068
10.0513   10.1002
10.0513   10.0788
10.0513   10.0546
10.0513   10.0513
10.0513   10.0513
10.0513   10.0513
10.0513   10.0513
10.0513   10.0513
10.0513   10.0513
10.0513   10.0513
10.0513   10.0513
10.0513   10.0513
10.0513   10.0513
10.0513   10.0513
10.0513   10.0513
10.0513   10.0513
10.0513   10.0513
10.0513   10.0513
10.0513   10.0513
10.0513   10.0513
10.0513   10.0513
10.0513   10.0513
10.0513   10.0513
10.0513   10.0513
10.0513   10.0513
10.0513   10.0513
10.0513   10.0513
10.0513   10.0513
10.0513   10.0513
10.0513   10.0513
10.0513   10.0513
10.0513   10.0513
10.0513   10.0513
10.0513   10.0513
10.0513   10.0513
10.0513   10.0513
10.0513   10.0513
10.0513   10.0513
10.0513   10.0513
10.0513   10.0513
10.0513   10.0513
10.0513   10.0513
10.0513   10.0513
10.0513   10.0513
10.0513   10.0513
10.0513   10.0513
10.0513   10.0513
10.0513   10.0513
10.0513   10.0513
10.0513   10.0513
10.0513   10.0513
10.0513   10.0513
10.0513   10.0513
10.0513   10.0513
10.0513   10.0513
10.0513   10.0513
10.0513   10.0513
10.0513   10.0513
10.0513   10.0513
10.0513   10.0513
10.0513   10.0513
10.0513   10.0513
10.0513   10.0513
10.0513   10.0513
10.0513   10.0513
10.0513   10.0513
10.0513   10.0513
10.0513   10.0513
10.0513   10.0513
10.0513   10.0513
10.0513   10.0513
10.0513   10.0513
10.0513   10.0513
10.0513   10.0513
10.0513   10.0513
10.0513   10.0513
10.0513   10.0513
10.0513   10.0513
10.0513   10.0513
10.0513   10.0513
10.0513   10.0513
10.0513   10.0513
10.0513   10.0513
10.0513   10.0513
10.0513   10.0513
10.0513   10.0513
10.0513   10.0513
10.0513   10.0513
10.0513   10.0513
10.0513   10.0513
10.0513   10.0513
10.0513   10.0513
10.0513   10.0513
10.0513   10.0513
10.0513   10.0513
10.0513   10.0513
10.0513   10.0513
10.0513   10.0513
10.0513   10.0513
10.0513   10.0513
10.0513   10.0513
10.0513   10.0513
10.0513   10.0513
10.0513   10.0513
10.0513   10.0513
10.0513   10.0513
10.0513   10.0513
10.0513   10.0513
10.0513   10.0513
10.0513   10.0513
10.0513   10.0513
10.0513   10.0513
10.0513   10.0513
10.0513   10.0513
10.0513   10.0513
10.0513   10.0513
10.0513   10.0513
10.0513   10.0513
10.0513   10.0513
10.0513   10.0513
10.0513   10.0513
10.0513   10.0513
10.0513   10.0513
10.0513   10.0513
10.0513   10.0513
10.0513   10.0513
10.0513   10.0513
10.0513   10.0513
10.0513   10.0513
10.0513   10.0513
10.0513   10.0513
10.0513   10.0513
10.0513   10.0513
10.0513   10.0513
10.0513   10.0513
10.0513   10.0513
10.0513   10.0513
10.0513   10.0513
10.0513   10.0513
10.0513   10.0513
10.0513   10.0513
10.0513   10.0513
10.0513   10.0513
10.0513   10.0513
10.0513   10.0513
10.0513   10.0513
10.0513   10.0513
10.0513   10.0513
10.0513   10.0513
10.0513   10.0513
10.0513   10.0513
10.0513   10.0513
10.0513   10.0513
10.0513   10.0513
10.0513   10.0513
10.0513   10.0513
10.0513   10.0513
10.0513   10.0513
10.0513   10.0513
10.0513   10.0513
10.0513   10.0513
10.0513   10.0513
10.0513   10.0513
10.0513   10.0513
10.0513   10.0513
10.0513   10.0513
10.0513   10.0513
10.0513   10.0513
10.0513   10.0513
10.0513   10.0513
10.0513   10.0513
10.0513   10.0513
10.0513   10.0513
10.0513   10.0513
10.0513   10.0513
10.0513   10.0513
10.0513   10.0513
10.0513   10.0513
10.0513   10.0513
10.0513   10.0513
10.0513   10.0513
10.0513   10.0513
10.0513   10.0513
10.0513   10.0513
10.0513   10.0513
10.0513   10.0513
10.0513   10.0513
10.0513   10.0513
10.0513   10.0513
10.0513   10.0513
10.0513   10.0513
10.0513   10.0513
10.0513   10.0513
10.0513   10.0513
10.0513   10.0513
10.0513   10.0513
10.0513   10.0513
10.0513   10.0513
10.0513   10.0513
10.0513   10.0513
10.0513   10.0513
10.0513   10.0513
10.0513   10.0513
10.0513   10.0513
10.0513   10.0513
10.0513   10.0513
10.0513   10.0513
10.0513   10.0513
10.0513   10.0513
10.0513   10.0513
10.0513   10.0513
10.0513   10.0513
10.0513   10.0513
10.0513   10.0513
10.0513   10.0513
10.0513   10.0513
10.0513   10.0513
10.0513   10.0513
10.0513   10.0513
10.0513   10.0513
10.0513   10.0513
10.0513   10.0513
10.0513   10.0513
10.0513   10.0513
10.0513   10.0513
10.0513   10.0513
10.0513   10.0513
10.0513   10.0513
10.0513   10.0513
10.0513   10.0513
10.0513   10.0513
10.0513   10.0513
10.0513   10.0513
10.0513   10.0513
10.0513   10.0513
10.0513   10.0513
10.0513   10.0513
10.0513   10.0513
10.0513   10.0513
10.0513   10.0513
10.0513   10.0513
10.0513   10.0513
10.0513   10.0513
10.0513   10.0513
10.0513   10.0513
10.0513   10.0513
10.0513   10.0513
10.0513   10.0513
10.0513   10.0513
10.0513   10.0513
10.0513   10.0513
10.0513   10.0513
10.0513   10.0513
10.0513   10.0513
10.0513   10.0513
10.0513   10.0513
10.0513   10.0513
10.0513   10.0513
10.0513   10.0513
10.0513   10.0513
10.0513   10.0513
10.0513   10.0513
10.0513   10.0513
10.0513   10.0513
10.0513   10.0513
10.0513   10.0513
10.0513   10.0513
10.0513   10.0513
10.0513   10.0513
10.0513   10.0513
10.0513   10.0513
10.0513   10.0513
10.0513   10.0513
10.0513   10.0513
10.0513   10.0513
10.0513   10.0513
10.0513   10.0513
10.0513   10.0513
10.0513   10.0513
10.0513   10.0513
10.0513   10.0513
10.0513   10.0513
10.0513   10.0513
10.0513   10.0513
10.0513   10.0513
10.0513   10.0513
10.0513   10.0513
10.0513   10.0513
10.0513   10.0513
10.0513   10.0513
10.0513   10.0513
10.0513   10.0513
10.0513   10.0513
10.0513   10.0513
10.0513   10.0513
10.0513   10.0513
10.0513   10.0513
10.0513   10.0513
10.0513   10.0513
10.0513   10.0513
10.0513   10.0513
10.0513   10.0513
10.0513   10.0513
10.0513   10.0513
10.0513   10.0513
10.0513   10.0513
10.0513   10.0513
10.0513   10.0513
10.0513   10.0513
10.0513   10.0513
10.0513   10.0513
10.0513   10.0513
10.0513   10.0513
10.0513   10.0513
10.0513   10.0513
10.0513   10.0513
10.0513   10.0513
10.0513   10.0513
10.0513   10.0513
10.0513   10.0513
10.0513   10.0513
10.0513   10.0513
10.0513   10.0513
10.0513   10.0513
10.0513   10.0513
10.0513   10.0513
10.0513   10.0513
10.0513   10.0513
10.0513   10.0513
10.0513   10.0513
10.0513   10.0513
10.0513   10.0513
10.0513   10.0513
10.0513   10.0513
10.0513   10.0513
10.0513   10.0513
10.0513   10.0513
10.0513   10.0513
10.0513   10.0513
10.0513   10.0513
10.0513   10.0513
10.0513   10.0513
10.0513   10.0513
10.0513   10.0513
10.0513   10.0513
10.0513   10.0513
10.0513   10.0513
10.0513   10.0513
10.0513   10.0513
10.0513   10.0513
10.0513   10.0513
10.0513   10.0513
10.0513   10.0513
10.0513   10.0513
10.0513   10.0513
10.0513   10.0513
10.0513   10.0513
10.0513   10.0513
10.0513   10.0513
10.0513   10.0513
10.0513   10.0513
10.0513   10.0513
10.0513   10.0513
10.0513   10.0513
10.0513   10.0513
10.0513   10.0513
10.0513   10.0513
10.0513   10.0513
10.0513   10.0513
10.0513   10.0513
10.0513   10.0513
10.0513   10.0513
10.0513   10.0513
10.0513   10.0513
10.0513   10.0513
10.0513   10.0513
10.0513   10.0513
10.0513   10.0513
10.0513   10.0513
10.0513   10.0513
10.0513   10.0513
10.0513   10.0513
10.0513   10.0513
10.0513   10.0513
10.0513   10.0513
10.0513   10.0513
10.0513   10.0513
10.0513   10.0513
10.0513   10.0513
10.0513   10.0513
10.0513   10.0513
10.0513   10.0513
10.0513   10.0513
10.0513   10.0513
10.0513   10.0513
10.0513   10.0513
10.0513   10.0513
10.0513   10.0513
10.0513   10.0513
10.0513   10.0513
10.0513   10.0513
10.0513   10.0513
10.0513   10.0513
10.0513   10.0513
10.0513   10.0513
10.0513   10.0513
10.0513   10.0513
10.0513   10.0513
10.0513   10.0513
10.0513   10.0513
10.0513   10.0513
10.0513   10.0513
10.0513   10.0513
10.0513   10.0513
10.0513   10.0513
10.0513   10.0513
10.0513   10.0513
10.0513   10.0513
10.0513   10.0513
10.0513   10.0513
10.0513   10.0513
10.0513   10.0513
10.0513   10.0513
10.0513   10.0513
10.0513   10.0513
10.0513   10.0513
10.0513   10.0513
10.0513   10.0513
10.0513   10.0513
10.0513   10.0513
10.0513   10.0513
10.0513   10.0513
10.0513   10.0513
10.0513   10.0513
10.0513   10.0513
10.0513   10.0513
10.0513   10.0513
10.0513   10.0513
10.0513   10.0513
10.0513   10.0513
10.0513   10.0513
10.0513   10.0513
10.0513   10.0513
10.0513   10.0513
10.0513   10.0513
10.0513   10.0513
10.0513   10.0513
10.0513   10.0513
10.0513   10.0513
10.0513   10.0513
10.0513   10.0513
10.0513   10.0513
10.0513   10.0513
10.0513   10.0513
10.0513   10.0513
10.0513   10.0513
10.0513   10.0513
10.0513   10.0513
10.0513   10.0513
10.0513   10.0513
10.0513   10.0513
10.0513   10.0513
10.0513   10.0513
10.0513   10.0513
10.0513   10.0513
10.0513   10.0513
10.0513   10.0513
10.0513   10.0513
10.0513   10.0513
10.0513   10.0513
10.0513   10.0513
10.0513   10.0513
10.0513   10.0513
10.0513   10.0513
10.0513   10.0513
10.0513   10.0513
10.0513   10.0513
10.0513   10.0513
10.0513   10.0513
10.0513   10.0513
10.0513   10.0513
10.0513   10.0513
10.0513   10.0513
10.0513   10.0513
10.0513   10.0513
10.0513   10.0513
10.0513   10.0513
10.0513   10.0513
10.0513   10.0513
10.0513   10.0513
10.0513   10.0513
10.0513   10.0513
10.0513   10.0513
10.0513   10.0513
10.0513   10.0513
10.0513   10.0513
10.0513   10.0513
10.0513   10.0513
10.0513   10.0513
10.0513   10.0513
10.0513   10.0513
10.0513   10.0513
10.0513   10.0513
10.0513   10.0513
10.0513   10.0513
10.0513   10.0513
10.0513   10.0513
10.0513   10.0513
10.0513   10.0513
10.0513   10.0513
10.0513   10.0513
10.0513   10.0513
10.0513   10.0513
10.0513   10.0513
10.0513   10.0513
10.0513   10.0513
10.0513   10.0513
10.0513   10.0513
10.0513   10.0513
10.0513   10.0513
10.0513   10.0513
10.0513   10.0513
10.0513   10.0513
10.0513   10.0513
10.0513   10.0513
10.0513   10.0513
10.0513   10.0513
10.0513   10.0513
10.0513   10.0513
10.0513   10.0513
10.0513   10.0513
10.0513   10.0513
10.0513   10.0513
10.0513   10.0513
10.0513   10.0513
10.0513   10.0513
10.0513   10.0513
10.0513   10.0513
10.0513   10.0513
10.0513   10.0513
10.0513   10.0513
10.0513   10.0513
10.0513   10.0513
10.0513   10.0513
10.0513   10.0513
10.0513   10.0513
10.0513   10.0513
10.0513   10.0513
10.0513   10.0513
10.0513   10.0513
10.0513   10.0513
10.0513   10.0513
10.0513   10.0513
10.0513   10.0513
10.0513   10.0513
10.0513   10.0513
10.0513   10.0513
10.0513   10.0513
10.0513   10.0513
10.0513   10.0513
10.0513   10.0513
10.0513   10.0513
10.0513   10.0513
10.0513   10.0513
10.0513   10.0513
10.0513   10.0513
10.0513   10.0513
10.0513   10.0513
10.0513   10.0513
10.0513   10.0513
10.0513   10.0513
10.0513   10.0513
10.0513   10.0513
10.0513   10.0513
10.0513   10.0513
10.0513   10.0513
10.0513   10.0513
10.0513   10.0513
10.0513   10.0513
10.0513   10.0513
10.0513   10.0513
10.0513   10.0513
10.0513   10.0513
10.0513   10.0513
10.0513   10.0513
10.0513   10.0513
10.0513   10.0513
10.0513   10.0513
10.0513   10.0513
10.0513   10.0513
10.0513   10.0513
10.0513   10.0513
10.0513   10.0513
10.0513   10.0513
10.0513   10.0513
10.0513   10.0513
10.0513   10.0513
10.0513   10.0513
10.0513   10.0513
10.0513   10.0513
10.0513   10.0513
10.0513   10.0513
10.0513   10.0513
10.0513   10.0513
10.0513   10.0513
10.0513   10.0513
10.0513   10.0513
10.0513   10.0513
10.0513   10.0513
10.0513   10.0513
10.0513   10.0513
10.0513   10.0513
10.0513   10.0513
10.0513   10.0513
10.0513   10.0513
10.0513   10.0513
10.0513   10.0513
10.0513   10.0513
10.0513   10.0513
10.0513   10.0513
10.0513   10.0513
10.0513   10.0513
10.0513   10.0513
10.0513   10.0513
10.0513   10.0513
10.0513   10.0513
10.0513   10.0513
10.0513   10.0513
10.0513   10.0513
10.0513   10.0513
10.0513   10.0513
10.0513   10.0513
10.0513   10.0513
10.0513   10.0513
10.0513   10.0513
10.0513   10.0513
10.0513   10.0513
10.0513   10.0513
10.0513   10.0513
10.0513   10.0513
10.0513   10.0513
10.0513   10.0513
10.0513   10.0513
10.0513   10.0513
10.0513   10.0513
10.0513   10.0513
10.0513   10.0513
10.0513   10.0513
10.0513   10.0513
10.0513   10.0513
10.0513   10.0513
10.0513   10.0513
10.0513   10.0513
10.0513   10.0513
10.0513   10.0513
10.0513   10.0513
10.0513   10.0513
10.0513   10.0513
10.0513   10.0513
10.0513   10.0513
10.0513   10.0513
10.0513   10.0513
10.0513   10.0513
10.0513   10.0513
10.0513   10.0513
10.0513   10.0513
10.0513   10.0513
10.0513   10.0513
10.0513   10.0513
10.0513   10.0513
10.0513   10.0513
10.0513   10.0513
10.0513   10.0513
10.0513   10.0513
10.0513   10.0513
10.0513   10.0513
10.0513   10.0513
10.0513   10.0513
10.0513   10.0513
9.8983   10.0507
9.8983   10.0469
9.8983   10.0767
9.8983   10.0958
9.8983   10.0131
9.8983   9.89835
9.8983   9.8983
9.8983   9.8983
9.8983   9.8983
9.8983   9.8983
9.8983   9.8983
9.8983   9.8983
9.8983   9.8983
9.8983   9.8983
9.8983   9.8983
9.8983   9.8983
9.8983   9.8983
9.8983   9.8983
9.8983   9.8983
9.8983   9.8983
9.8983   9.8983
9.8983   9.8983
9.8983   9.8983
9.8983   9.8983
9.8983   9.8983
9.8983   9.8983
9.8983   9.8983
9.8983   9.8983
9.8983   9.8983
9.8983   9.8983
9.8983   9.8983
9.8983   9.8983
9.8983   9.8983
9.8983   9.8983
9.8983   9.8983
9.8983   9.8983
9.8983   9.8983
9.8983   9.8983
9.8983   9.8983
9.8983   9.8983
9.8983   9.8983
9.8983   9.8983
9.8983   9.8983
9.8983   9.8983
9.8983   9.8983
9.8983   9.8983
9.8983   9.8983
9.8983   9.8983
9.8983   9.8983
9.8983   9.8983
9.8983   9.8983
9.8983   9.8983
9.8983   9.8983
9.8983   9.8983
9.8983   9.8983
9.8983   9.8983
9.8983   9.8983
9.8983   9.8983
9.8983   9.8983
9.8983   9.8983
9.8983   9.8983
9.8983   9.8983
9.8983   9.8983
9.8983   9.8983
9.8983   9.8983
9.8983   9.8983
9.8983   9.8983
9.8983   9.8983
9.8983   9.8983
9.8983   9.8983
9.8983   9.8983
9.8983   9.8983
9.8983   9.8983
9.8983   9.8983
9.8983   9.8983
9.8983   9.8983
9.8983   9.8983
9.8983   9.8983
9.8983   9.8983
9.8983   9.8983
9.8983   9.8983
9.8983   9.8983
9.8983   9.8983
9.8983   9.8983
9.8983   9.8983
9.8983   9.8983
9.8983   9.8983
9.8983   9.8983
9.8983   9.8983
9.8983   9.8983
9.8983   9.8983
9.8983   9.8983
9.8983   9.8983
9.8983   9.8983
9.8983   9.8983
9.8983   9.8983
9.8983   9.8983
9.8983   9.8983
9.8983   9.8983
9.8983   9.8983
9.8983   9.8983
9.8983   9.8983
9.8983   9.8983
9.8983   9.8983
9.8983   9.8983
9.8983   9.8983
9.8983   9.8983
9.8983   9.8983
9.8983   9.8983
9.8983   9.8983
9.8983   9.8983
9.8983   9.8983
9.8983   9.8983
9.8983   9.8983
9.8983   9.8983
9.8983   9.8983
9.8983   9.8983
9.8983   9.8983
9.8983   9.8983
9.8983   9.8983
9.8983   9.8983
9.8983   9.8983
9.8983   9.8983
9.8983   9.8983
9.8983   9.8983
9.8983   9.8983
9.8983   9.8983
9.8983   9.8983
9.8983   9.8983
9.8983   9.8983
9.8983   9.8983
9.8983   9.8983
9.8983   9.8983
9.8983   9.8983
9.8983   9.8983
9.8983   9.8983
9.8983   9.8983
9.8983   9.8983
9.8983   9.8983
9.8983   9.8983
9.8983   9.8983
9.8983   9.8983
9.8983   9.8983
9.8983   9.8983
9.8983   9.8983
9.8983   9.8983
9.8983   9.8983
9.8983   9.8983
9.8983   9.8983
9.8983   9.8983
9.8983   9.8983
9.8983   9.8983
9.8983   9.8983
9.8983   9.8983
9.8983   9.8983
9.8983   9.8983
9.8983   9.8983
9.8983   9.8983
9.8983   9.8983
9.8983   9.8983
9.8983   9.8983
9.8983   9.8983
9.8983   9.8983
9.8983   9.8983
9.8983   9.8983
9.8983   9.8983
9.8983   9.8983
9.8983   9.8983
9.8983   9.8983
9.8983   9.8983
9.8983   9.8983
9.8983   9.8983
9.8983   9.8983
9.8983   9.8983
9.8983   9.8983
9.8983   9.8983
9.8983   9.8983
9.8983   9.8983
9.8983   9.8983
9.8983   9.8983
9.8983   9.8983
9.8983   9.8983
9.8983   9.8983
9.8983   9.8983
9.8983   9.8983
9.8983   9.8983
9.8983   9.8983
9.8983   9.8983
9.8983   9.8983
9.8983   9.8983
9.8983   9.8983
9.8983   9.8983
9.8983   9.8983
9.8983   9.8983
9.8983   9.8983
9.8983   9.8983
9.8983   9.8983
9.8983   9.8983
9.8983   9.8983
9.8983   9.8983
9.8983   9.8983
9.8983   9.8983
9.8983   9.8983
9.8983   9.8983
9.8983   9.8983
9.8983   9.8983
9.8983   9.8983
9.8983   9.8983
9.8983   9.8983
9.8983   9.8983
9.8983   9.8983
9.8983   9.8983
9.8983   9.8983
9.8983   9.8983
9.8983   9.8983
9.8983   9.8983
9.8983   9.8983
9.8983   9.8983
9.8983   9.8983
9.8983   9.8983
9.8983   9.8983
9.8983   9.8983
9.8983   9.8983
9.8983   9.8983
9.8983   9.8983
9.8983   9.8983
9.8983   9.8983
9.8983   9.8983
9.8983   9.8983
9.8983   9.8983
9.8983   9.8983
9.8983   9.8983
9.8983   9.8983
9.8983   9.8983
9.8983   9.8983
9.8983   9.8983
9.8983   9.8983
9.8983   9.8983
9.8983   9.8983
9.8983   9.8983
9.8983   9.8983
9.8983   9.8983
9.8983   9.8983
9.8983   9.8983
9.8983   9.8983
9.8983   9.8983
9.8983   9.8983
9.8983   9.8983
9.8983   9.8983
9.8983   9.8983
9.8983   9.8983
9.8983   9.8983
9.8983   9.8983
9.8983   9.8983
9.8983   9.8983
9.8983   9.8983
9.8983   9.8983
9.8983   9.8983
9.8983   9.8983
9.8983   9.8983
9.8983   9.8983
9.8983   9.8983
9.8983   9.8983
9.8983   9.8983
9.8983   9.8983
9.8983   9.8983
9.8983   9.8983
9.8983   9.8983
9.8983   9.8983
9.8983   9.8983
9.8983   9.8983
9.8983   9.8983
9.8983   9.8983
9.8983   9.8983
9.8983   9.8983
9.8983   9.8983
9.8983   9.8983
9.8983   9.8983
9.8983   9.8983
9.8983   9.8983
9.8983   9.8983
9.8983   9.8983
9.8983   9.8983
9.8983   9.8983
9.8983   9.8983
9.8983   9.8983
9.8983   9.8983
9.8983   9.8983
9.8983   9.8983
9.8983   9.8983
9.8983   9.8983
9.8983   9.8983
9.8983   9.8983
9.8983   9.8983
9.8983   9.8983
9.8983   9.8983
9.8983   9.8983
9.8983   9.8983
9.8983   9.8983
9.8983   9.8983
9.8983   9.8983
9.8983   9.8983
9.8983   9.8983
9.8983   9.8983
9.8983   9.8983
9.8983   9.8983
9.8983   9.8983
9.8983   9.8983
9.8983   9.8983
9.8983   9.8983
9.8983   9.8983
9.8983   9.8983
9.8983   9.8983
9.8983   9.8983
9.8983   9.8983
9.8983   9.8983
9.8983   9.8983
9.8983   9.8983
9.8983   9.8983
9.8983   9.8983
9.8983   9.8983
9.8983   9.8983
9.8983   9.8983
9.8983   9.8983
9.8983   9.8983
9.8983   9.8983
9.8983   9.8983
9.8983   9.8983
9.8983   9.8983
9.8983   9.8983
9.8983   9.8983
9.8983   9.8983
9.8983   9.8983
9.8983   9.8983
9.8983   9.8983
9.8983   9.8983
9.8983   9.8983
9.8983   9.8983
9.8983   9.8983
9.8983   9.8983
9.8983   9.8983
9.8983   9.8983
9.8983   9.8983
9.8983   9.8983
9.8983   9.8983
9.8983   9.8983
9.8983   9.8983
9.8983   9.8983
9.8983   9.8983
9.8983   9.8983
9.8983   9.8983
9.8983   9.8983
9.8983   9.8983
9.8983   9.8983
9.8983   9.8983
9.8983   9.8983
9.8983   9.8983
9.8983   9.8983
9.8983   9.8983
9.8983   9.8983
9.8983   9.8983
9.8983   9.8983
9.8983   9.8983
9.8983   9.8983
9.8983   9.8983
9.8983   9.8983
9.8983   9.8983
9.8983   9.8983
9.8983   9.8983
9.8983   9.8983
9.8983   9.8983
9.8983   9.8983
9.8983   9.8983
9.8983   9.8983
9.8983   9.8983
9.8983   9.8983
9.8983   9.8983
9.8983   9.8983
9.8983   9.8983
9.8983   9.8983
9.8983   9.8983
9.8983   9.8983
9.8983   9.8983
9.8983   9.8983
9.8983   9.8983
9.8983   9.8983
9.8983   9.8983
9.8983   9.8983
9.8983   9.8983
9.8983   9.8983
9.8983   9.8983
9.8983   9.8983
9.8983   9.8983
9.8983   9.8983
9.8983   9.8983
9.8983   9.8983
9.8983   9.8983
9.8983   9.8983
9.8983   9.8983
9.8983   9.8983
9.8983   9.8983
9.8983   9.8983
9.8983   9.8983
9.8983   9.8983
9.8983   9.8983
9.8983   9.8983
9.8983   9.8983
9.8983   9.8983
9.8983   9.8983
9.8983   9.8983
9.8983   9.8983
9.8983   9.8983
9.8983   9.8983
9.8983   9.8983
9.8983   9.8983
9.8983   9.8983
9.8983   9.8983
9.8983   9.8983
9.8983   9.8983
9.8983   9.8983
9.8983   9.8983
9.8983   9.8983
9.8983   9.8983
9.8983   9.8983
9.8983   9.8983
9.8983   9.8983
9.8983   9.8983
9.8983   9.8983
9.8983   9.8983
9.8983   9.8983
9.8983   9.8983
9.8983   9.8983
9.8983   9.8983
9.8983   9.8983
9.8983   9.8983
9.8983   9.8983
9.8983   9.8983
9.8983   9.8983
9.8983   9.8983
9.8983   9.8983
9.8983   9.8983
9.8983   9.8983
9.8983   9.8983
9.8983   9.8983
9.8983   9.8983
9.8983   9.8983
9.8983   9.8983
9.8983   9.8983
9.8983   9.8983
9.8983   9.8983
9.8983   9.8983
9.8983   9.8983
9.8983   9.8983
9.8983   9.8983
9.8983   9.8983
9.8983   9.8983
9.8983   9.8983
9.8983   9.8983
9.8983   9.8983
9.8983   9.8983
9.8983   9.8983
9.8983   9.8983
9.8983   9.8983
9.8983   9.8983
9.8983   9.8983
9.8983   9.8983
9.8983   9.8983
9.8983   9.8983
9.8983   9.8983
9.8983   9.8983
9.8983   9.8983
9.8983   9.8983
9.8983   9.8983
9.8983   9.8983
9.8983   9.8983
9.8983   9.8983
9.8983   9.8983
9.8983   9.8983
9.8983   9.8983
9.8983   9.8983
9.8983   9.8983
9.8983   9.8983
9.8983   9.8983
9.8983   9.8983
9.8983   9.8983
9.8983   9.8983
9.8983   9.8983
9.8983   9.8983
9.8983   9.8983
9.8983   9.8983
9.8983   9.8983
9.8983   9.8983
9.8983   9.8983
9.8983   9.8983
9.8983   9.8983
9.8983   9.8983
9.8983   9.8983
9.8983   9.8983
9.8983   9.8983
9.8983   9.8983
9.8983   9.8983
9.8983   9.8983
9.8983   9.8983
9.8983   9.8983
9.8983   9.8983
9.8983   9.8983
9.8983   9.8983
9.8983   9.8983
9.8983   9.8983
9.8983   9.8983
9.8983   9.8983
9.8983   9.8983
9.8983   9.8983
9.8983   9.8983
9.8983   9.8983
9.8983   9.8983
9.8983   9.8983
9.8983   9.8983
9.8983   9.8983
9.8983   9.8983
