28.4726   33.6234
26.291   30.9588
24.982   29.0476
23.0236   27.0143
22.0358   24.9484
21.382   23.2268
21.0172   22.2376
20.3171   21.6675
20.18   21.1653
19.7346   20.5235
16.0143   20.1194
16.0143   19.4431
15.343   17.84
15.3282   16.5227
15.3282   15.8118
14.5718   15.4288
14.5718   15.1717
14.4807   14.7646
14.4654   14.5587
14.4654   14.517
14.3417   14.4753
13.7054   14.4355
13.636   14.217
13.5871   13.8425
13.4092   13.6607
13.3506   13.5573
13.1198   13.483
12.6162   13.4267
12.4559   13.3224
12.4298   12.8945
12.2695   12.6227
12.2695   12.4442
12.1859   12.3272
12.1859   12.2604
12.1859   12.2225
12.1859   12.1898
12.1859   12.1859
12.1569   12.1858
11.8483   12.1797
11.8483   12.1169
11.2436   11.9726
11.0572   11.7478
11.0572   11.4469
11.0572   11.2001
11.0572   11.0723
11.0572   11.0572
11.0572   11.0572
11.0572   11.0572
10.8552   11.0565
10.8552   11.0231
10.8552   10.9216
10.8552   10.8705
10.8552   10.8552
10.8552   10.8552
10.8552   10.8552
10.8552   10.8552
10.8552   10.8552
10.8552   10.8552
10.8552   10.8552
10.8552   10.8552
10.7757   10.8549
10.7757   10.8453
10.7757   10.8397
10.7757   10.8061
10.7757   10.7757
10.7757   10.7757
10.7757   10.7757
10.7757   10.7757
10.7757   10.7757
10.7757   10.7757
10.7757   10.7757
10.7757   10.7757
10.7757   10.7757
10.7757   10.7757
10.7757   10.7757
10.7757   10.7757
10.7757   10.7757
10.7757   10.7757
10.7757   10.7757
10.7757   10.7757
10.7757   10.7757
10.7757   10.7757
10.7757   10.7757
10.7757   10.7757
10.7757   10.7757
10.7757   10.7757
10.7757   10.7757
10.7757   10.7757
10.7757   10.7757
10.7757   10.7757
10.4112   10.7743
10.4112   10.714
10.4112   10.5878
10.4112   10.4509
10.4112   10.4116
10.4112   10.4112
10.4112   10.4112
10.4112   10.4112
10.4112   10.4112
10.4112   10.4112
10.4102   10.4112
10.4102   10.411
10.4102   10.4106
10.4102   10.4102
10.4102   10.4102
10.4102   10.4102
10.4102   10.4102
10.4102   10.4102
10.4102   10.4102
10.4102   10.4102
10.4102   10.4102
10.4102   10.4102
10.4102   10.4102
10.4102   10.4102
10.4102   10.4102
10.4102   10.4102
10.4102   10.4102
10.4102   10.4102
10.4102   10.4102
10.4102   10.4102
10.4102   10.4102
10.4102   10.4102
10.4102   10.4102
10.4102   10.4102
10.4102   10.4102
10.4102   10.4102
10.4102   10.4102
10.4102   10.4102
10.4102   10.4102
10.4102   10.4102
10.4102   10.4102
10.4102   10.4102
10.4102   10.4102
10.4102   10.4102
10.4102   10.4102
10.4102   10.4102
10.4102   10.4102
10.4102   10.4102
10.4102   10.4102
10.4102   10.4102
10.4102   10.4102
10.4102   10.4102
10.4102   10.4102
10.4102   10.4102
10.4102   10.4102
10.4102   10.4102
10.4102   10.4102
10.4102   10.4102
10.4102   10.4102
10.4102   10.4102
10.4102   10.4102
10.4102   10.4102
10.4102   10.4102
10.4102   10.4102
10.4102   10.4102
10.4102   10.4102
10.4102   10.4102
10.4102   10.4102
10.4102   10.4102
10.4102   10.4102
10.4102   10.4102
10.4102   10.4102
10.4102   10.4102
10.4102   10.4102
10.4102   10.4102
10.4102   10.4102
10.4102   10.4102
10.4102   10.4102
10.4102   10.4102
10.4102   10.4102
10.4102   10.4102
10.4102   10.4102
10.4102   10.4102
10.4102   10.4102
10.4102   10.4102
10.4102   10.4102
10.4102   10.4102
10.4102   10.4102
10.4102   10.4102
10.4102   10.4102
10.4102   10.4102
10.4102   10.4102
10.4102   10.4102
10.4102   10.4102
10.4102   10.4102
10.4102   10.4102
10.4102   10.4102
10.4102   10.4102
10.4102   10.4102
10.4102   10.4102
10.4102   10.4102
10.4102   10.4102
10.4102   10.4102
10.4102   10.4102
10.4102   10.4102
10.4102   10.4102
10.4102   10.4102
10.4102   10.4102
10.4102   10.4102
10.4102   10.4102
10.4102   10.4102
10.4102   10.4102
10.4102   10.4102
10.4102   10.4102
10.4102   10.4102
10.4102   10.4102
10.4102   10.4102
10.4102   10.4102
10.4102   10.4102
10.4102   10.4102
10.4102   10.4102
10.4102   10.4102
10.4102   10.4102
10.4102   10.4102
10.4102   10.4102
10.4102   10.4102
10.4102   10.4102
10.4102   10.4102
10.4102   10.4102
10.4102   10.4102
10.2787   10.4097
10.2787   10.3953
10.2787   10.3437
10.2787   10.3035
10.2787   10.2808
10.2787   10.2787
10.2787   10.2787
10.2787   10.2787
10.2787   10.2787
10.2787   10.2787
10.2787   10.2787
10.2787   10.2787
10.2787   10.2787
10.2787   10.2787
10.2787   10.2787
10.2787   10.2787
10.2787   10.2787
10.2787   10.2787
10.2787   10.2787
10.2787   10.2787
10.107   10.2781
10.107   10.2489
10.107   10.1834
10.107   10.1199
10.107   10.107
10.107   10.107
10.107   10.107
10.107   10.107
10.107   10.107
10.107   10.107
10.107   10.107
10.107   10.107
10.107   10.107
10.107   10.107
10.107   10.107
10.107   10.107
10.107   10.107
10.107   10.107
10.107   10.107
10.107   10.107
10.107   10.107
10.107   10.107
10.107   10.107
10.107   10.107
10.107   10.107
10.107   10.107
10.107   10.107
10.107   10.107
10.107   10.107
10.107   10.107
10.107   10.107
10.107   10.107
10.107   10.107
10.107   10.107
10.107   10.107
10.107   10.107
10.107   10.107
10.107   10.107
10.107   10.107
10.107   10.107
10.107   10.107
10.107   10.107
10.107   10.107
10.107   10.107
10.107   10.107
10.107   10.107
10.107   10.107
10.107   10.107
10.107   10.107
10.107   10.107
10.107   10.107
10.107   10.107
10.107   10.107
10.107   10.107
10.107   10.107
10.107   10.107
10.107   10.107
10.107   10.107
10.107   10.107
10.107   10.107
10.107   10.107
10.107   10.107
10.107   10.107
10.107   10.107
10.107   10.107
10.107   10.107
10.107   10.107
10.107   10.107
10.107   10.107
10.107   10.107
10.107   10.107
10.107   10.107
10.107   10.107
10.107   10.107
10.107   10.107
10.107   10.107
10.107   10.107
10.107   10.107
10.107   10.107
10.107   10.107
10.107   10.107
10.107   10.107
10.107   10.107
10.107   10.107
10.107   10.107
10.107   10.107
10.107   10.107
10.107   10.107
10.107   10.107
10.107   10.107
10.107   10.107
10.107   10.107
10.107   10.107
10.107   10.107
10.107   10.107
10.107   10.107
10.107   10.107
10.107   10.107
10.107   10.107
10.107   10.107
10.107   10.107
10.107   10.107
10.107   10.107
10.107   10.107
10.107   10.107
10.107   10.107
10.107   10.107
10.107   10.107
10.107   10.107
10.107   10.107
10.107   10.107
10.107   10.107
10.107   10.107
10.107   10.107
10.107   10.107
10.107   10.107
10.107   10.107
10.107   10.107
10.107   10.107
10.107   10.107
10.107   10.107
10.107   10.107
10.107   10.107
10.107   10.107
10.107   10.107
10.107   10.107
10.107   10.107
10.107   10.107
10.107   10.107
10.107   10.107
10.107   10.107
10.107   10.107
10.107   10.107
10.107   10.107
10.107   10.107
10.107   10.107
10.107   10.107
10.107   10.107
10.107   10.107
10.107   10.107
10.107   10.107
10.107   10.107
10.107   10.107
10.107   10.107
10.107   10.107
10.107   10.107
10.107   10.107
10.107   10.107
10.0513   10.1068
10.0513   10.0998
10.0513   10.0776
10.0513   10.0513
10.0513   10.0513
10.0513   10.0513
10.0513   10.0513
10.0513   10.0513
10.0513   10.0513
10.0513   10.0513
10.0513   10.0513
10.0513   10.0513
10.0513   10.0513
10.0513   10.0513
10.0513   10.0513
10.0513   10.0513
10.0513   10.0513
10.0513   10.0513
10.0513   10.0513
10.0513   10.0513
10.0513   10.0513
10.0513   10.0513
10.0513   10.0513
10.0513   10.0513
10.0513   10.0513
10.0513   10.0513
10.0513   10.0513
10.0513   10.0513
10.0513   10.0513
10.0513   10.0513
10.0513   10.0513
10.0513   10.0513
10.0513   10.0513
10.0513   10.0513
10.0513   10.0513
10.0513   10.0513
10.0513   10.0513
10.0513   10.0513
10.0513   10.0513
10.0513   10.0513
10.0513   10.0513
10.0513   10.0513
10.0513   10.0513
10.0513   10.0513
10.0513   10.0513
10.0513   10.0513
10.0513   10.0513
10.0513   10.0513
10.0513   10.0513
10.0513   10.0513
10.0513   10.0513
10.0513   10.0513
10.0513   10.0513
10.0513   10.0513
10.0513   10.0513
10.0513   10.0513
10.0513   10.0513
10.0513   10.0513
10.0513   10.0513
10.0513   10.0513
10.0513   10.0513
10.0513   10.0513
10.0513   10.0513
10.0513   10.0513
10.0513   10.0513
10.0513   10.0513
10.0513   10.0513
10.0513   10.0513
10.0513   10.0513
10.0513   10.0513
10.0513   10.0513
10.0513   10.0513
10.0513   10.0513
10.0513   10.0513
10.0513   10.0513
10.0513   10.0513
10.0513   10.0513
10.0513   10.0513
10.0513   10.0513
10.0513   10.0513
10.0513   10.0513
10.0513   10.0513
10.0513   10.0513
10.0513   10.0513
10.0513   10.0513
10.0513   10.0513
10.0513   10.0513
10.0513   10.0513
10.0513   10.0513
10.0513   10.0513
10.0513   10.0513
10.0513   10.0513
10.0513   10.0513
10.0513   10.0513
10.0513   10.0513
10.0513   10.0513
10.0513   10.0513
10.0513   10.0513
10.0513   10.0513
10.0513   10.0513
10.0513   10.0513
10.0513   10.0513
10.0513   10.0513
10.0513   10.0513
10.0513   10.0513
10.0513   10.0513
10.0513   10.0513
10.0513   10.0513
10.0513   10.0513
10.0513   10.0513
10.0513   10.0513
10.0513   10.0513
10.0513   10.0513
10.0513   10.0513
10.0513   10.0513
10.0513   10.0513
10.0513   10.0513
10.0513   10.0513
10.0513   10.0513
10.0513   10.0513
10.0513   10.0513
10.0513   10.0513
10.0513   10.0513
10.0513   10.0513
10.0513   10.0513
10.0513   10.0513
10.0513   10.0513
10.0513   10.0513
10.0513   10.0513
10.0513   10.0513
10.0513   10.0513
10.0513   10.0513
10.0513   10.0513
10.0513   10.0513
10.0513   10.0513
10.0513   10.0513
10.0513   10.0513
10.0513   10.0513
10.0513   10.0513
10.0513   10.0513
10.0513   10.0513
10.0513   10.0513
10.0513   10.0513
10.0513   10.0513
10.0513   10.0513
10.0513   10.0513
10.0513   10.0513
10.0513   10.0513
10.0513   10.0513
10.0513   10.0513
10.0513   10.0513
10.0513   10.0513
10.0513   10.0513
10.0513   10.0513
10.0513   10.0513
10.0513   10.0513
10.0513   10.0513
10.0513   10.0513
10.0513   10.0513
10.0513   10.0513
10.0513   10.0513
10.0513   10.0513
10.0513   10.0513
10.0513   10.0513
10.0513   10.0513
10.0513   10.0513
10.0513   10.0513
10.0513   10.0513
10.0513   10.0513
10.0513   10.0513
10.0513   10.0513
10.0513   10.0513
10.0513   10.0513
10.0513   10.0513
10.0513   10.0513
10.0513   10.0513
10.0513   10.0513
10.0513   10.0513
10.0513   10.0513
10.0513   10.0513
10.0513   10.0513
10.0513   10.0513
10.0513   10.0513
10.0513   10.0513
10.0513   10.0513
10.0513   10.0513
10.0513   10.0513
10.0513   10.0513
10.0513   10.0513
10.0513   10.0513
10.0513   10.0513
10.0513   10.0513
10.0513   10.0513
10.0513   10.0513
10.0513   10.0513
10.0513   10.0513
10.0513   10.0513
10.0513   10.0513
10.0513   10.0513
10.0513   10.0513
10.0513   10.0513
10.0513   10.0513
10.0513   10.0513
10.0513   10.0513
10.0513   10.0513
10.0513   10.0513
10.0513   10.0513
10.0513   10.0513
10.0513   10.0513
10.0513   10.0513
10.0513   10.0513
10.0513   10.0513
10.0513   10.0513
10.0513   10.0513
10.0513   10.0513
10.0513   10.0513
10.0513   10.0513
10.0513   10.0513
10.0513   10.0513
10.0513   10.0513
10.0513   10.0513
10.0513   10.0513
10.0513   10.0513
10.0513   10.0513
10.0513   10.0513
10.0513   10.0513
10.0513   10.0513
10.0513   10.0513
10.0513   10.0513
10.0513   10.0513
10.0513   10.0513
10.0513   10.0513
10.0513   10.0513
10.0513   10.0513
10.0513   10.0513
10.0513   10.0513
10.0513   10.0513
10.0513   10.0513
10.0513   10.0513
10.0513   10.0513
10.0513   10.0513
10.0513   10.0513
10.0513   10.0513
10.0513   10.0513
10.0513   10.0513
10.0513   10.0513
10.0513   10.0513
10.0513   10.0513
10.0513   10.0513
10.0513   10.0513
10.0513   10.0513
10.0513   10.0513
10.0513   10.0513
10.0513   10.0513
10.0513   10.0513
10.0513   10.0513
10.0513   10.0513
10.0513   10.0513
10.0513   10.0513
10.0513   10.0513
10.0513   10.0513
10.0513   10.0513
10.0513   10.0513
10.0513   10.0513
10.0513   10.0513
10.0513   10.0513
10.0513   10.0513
10.0513   10.0513
10.0513   10.0513
10.0513   10.0513
10.0513   10.0513
10.0513   10.0513
10.0513   10.0513
10.0513   10.0513
10.0513   10.0513
10.0513   10.0513
10.0513   10.0513
10.0513   10.0513
10.0513   10.0513
10.0513   10.0513
10.0513   10.0513
10.0513   10.0513
10.0513   10.0513
10.0513   10.0513
10.0513   10.0513
10.0513   10.0513
10.0513   10.0513
10.0513   10.0513
10.0513   10.0513
10.0513   10.0513
10.0513   10.0513
10.0513   10.0513
10.0513   10.0513
10.0513   10.0513
10.0513   10.0513
10.0513   10.0513
10.0513   10.0513
10.0513   10.0513
10.0513   10.0513
10.0513   10.0513
10.0513   10.0513
10.0513   10.0513
10.0513   10.0513
10.0513   10.0513
10.0513   10.0513
10.0513   10.0513
10.0513   10.0513
10.0513   10.0513
10.0513   10.0513
10.0513   10.0513
10.0513   10.0513
10.0513   10.0513
10.0513   10.0513
10.0513   10.0513
10.0513   10.0513
10.0513   10.0513
10.0513   10.0513
10.0513   10.0513
10.0513   10.0513
10.0513   10.0513
10.0513   10.0513
10.0513   10.0513
10.0513   10.0513
10.0513   10.0513
10.0513   10.0513
10.0513   10.0513
10.0513   10.0513
10.0513   10.0513
10.0513   10.0513
10.0513   10.0513
10.0513   10.0513
10.0513   10.0513
10.0513   10.0513
10.0513   10.0513
10.0513   10.0513
10.0513   10.0513
10.0513   10.0513
10.0513   10.0513
10.0513   10.0513
10.0513   10.0513
10.0513   10.0513
10.0513   10.0513
10.0513   10.0513
10.0513   10.0513
10.0513   10.0513
10.0513   10.0513
10.0513   10.0513
10.0513   10.0513
10.0513   10.0513
10.0513   10.0513
10.0513   10.0513
10.0513   10.0513
10.0513   10.0513
10.0513   10.0513
10.0513   10.0513
10.0513   10.0513
10.0513   10.0513
10.0513   10.0513
10.0513   10.0513
10.0513   10.0513
10.0513   10.0513
10.0513   10.0513
10.0513   10.0513
10.0513   10.0513
10.0513   10.0513
10.0513   10.0513
10.0513   10.0513
10.0513   10.0513
10.0513   10.0513
10.0513   10.0513
10.0513   10.0513
10.0513   10.0513
10.0513   10.0513
10.0513   10.0513
10.0513   10.0513
10.0513   10.0513
10.0513   10.0513
10.0513   10.0513
10.0513   10.0513
10.0513   10.0513
10.0513   10.0513
10.0513   10.0513
10.0513   10.0513
10.0513   10.0513
10.0513   10.0513
10.0513   10.0513
10.0513   10.0513
10.0513   10.0513
10.0513   10.0513
10.0513   10.0513
10.0513   10.0513
10.0513   10.0513
10.0513   10.0513
10.0513   10.0513
10.0513   10.0513
10.0513   10.0513
10.0513   10.0513
10.0513   10.0513
10.0513   10.0513
10.0513   10.0513
10.0513   10.0513
10.0513   10.0513
10.0513   10.0513
10.0513   10.0513
10.0513   10.0513
10.0513   10.0513
10.0513   10.0513
10.0513   10.0513
10.0513   10.0513
10.0513   10.0513
10.0513   10.0513
10.0513   10.0513
10.0513   10.0513
10.0513   10.0513
10.0513   10.0513
10.0513   10.0513
10.0513   10.0513
10.0513   10.0513
10.0513   10.0513
10.0513   10.0513
10.0513   10.0513
10.0513   10.0513
10.0513   10.0513
10.0513   10.0513
10.0513   10.0513
10.0513   10.0513
10.0513   10.0513
10.0513   10.0513
10.0513   10.0513
10.0513   10.0513
10.0513   10.0513
10.0513   10.0513
10.0513   10.0513
10.0513   10.0513
10.0513   10.0513
10.0513   10.0513
10.0513   10.0513
10.0513   10.0513
10.0513   10.0513
10.0513   10.0513
10.0513   10.0513
10.0513   10.0513
10.0513   10.0513
10.0513   10.0513
10.0513   10.0513
10.0513   10.0513
10.0513   10.0513
10.0513   10.0513
10.0513   10.0513
10.0513   10.0513
10.0513   10.0513
10.0513   10.0513
10.0513   10.0513
10.0513   10.0513
10.0513   10.0513
10.0513   10.0513
10.0513   10.0513
10.0513   10.0513
10.0513   10.0513
10.0513   10.0513
10.0513   10.0513
10.0513   10.0513
10.0513   10.0513
10.0513   10.0513
10.0513   10.0513
10.0513   10.0513
10.0513   10.0513
10.0513   10.0513
10.0513   10.0513
10.0513   10.0513
10.0513   10.0513
10.0513   10.0513
10.0513   10.0513
10.0513   10.0513
10.0513   10.0513
10.0513   10.0513
10.0513   10.0513
10.0513   10.0513
10.0513   10.0513
10.0513   10.0513
10.0513   10.0513
10.0513   10.0513
10.0513   10.0513
10.0513   10.0513
10.0513   10.0513
10.0513   10.0513
10.0513   10.0513
10.0513   10.0513
10.0513   10.0513
10.0513   10.0513
10.0513   10.0513
10.0513   10.0513
10.0513   10.0513
10.0513   10.0513
10.0513   10.0513
10.0513   10.0513
10.0513   10.0513
10.0513   10.0513
10.0513   10.0513
10.0513   10.0513
10.0513   10.0513
10.0513   10.0513
10.0513   10.0513
10.0513   10.0513
10.0513   10.0513
10.0513   10.0513
10.0513   10.0513
10.0513   10.0513
10.0513   10.0513
10.0513   10.0513
10.0513   10.0513
10.0513   10.0513
10.0513   10.0513
10.0513   10.0513
10.0513   10.0513
10.0513   10.0513
10.0513   10.0513
10.0513   10.0513
10.0513   10.0513
10.0513   10.0513
10.0513   10.0513
10.0513   10.0513
10.0513   10.0513
10.0513   10.0513
10.0513   10.0513
10.0513   10.0513
10.0513   10.0513
10.0513   10.0513
10.0513   10.0513
10.0513   10.0513
10.0513   10.0513
10.0513   10.0513
10.0513   10.0513
10.0513   10.0513
10.0513   10.0513
10.0513   10.0513
10.0513   10.0513
10.0513   10.0513
10.0513   10.0513
10.0513   10.0513
10.0513   10.0513
10.0513   10.0513
10.0513   10.0513
10.0513   10.0513
10.0513   10.0513
10.0513   10.0513
10.0513   10.0513
10.0513   10.0513
10.0513   10.0513
10.0513   10.0513
10.0513   10.0513
10.0513   10.0513
10.0513   10.0513
10.0513   10.0513
10.0513   10.0513
10.0513   10.0513
10.0513   10.0513
10.0513   10.0513
10.0513   10.0513
10.0513   10.0513
10.0513   10.0513
10.0513   10.0513
10.0513   10.0513
10.0513   10.0513
10.0513   10.0513
10.0513   10.0513
10.0513   10.0513
10.0513   10.0513
10.0513   10.0513
10.0513   10.0513
10.0513   10.0513
10.0513   10.0513
10.0513   10.0513
10.0513   10.0513
10.0513   10.0513
10.0513   10.0513
10.0513   10.0513
10.0513   10.0513
10.0513   10.0513
10.0513   10.0513
10.0513   10.0513
10.0513   10.0513
10.0513   10.0513
10.0513   10.0513
10.0513   10.0513
10.0513   10.0513
10.0513   10.0513
10.0513   10.0513
10.0513   10.0513
10.0513   10.0513
10.0513   10.0513
10.0513   10.0513
10.0513   10.0513
10.0513   10.0513
10.0513   10.0513
10.0513   10.0513
10.0513   10.0513
10.0513   10.0513
10.0513   10.0513
10.0513   10.0513
10.0513   10.0513
10.0513   10.0513
10.0513   10.0513
10.0513   10.0513
10.0513   10.0513
10.0513   10.0513
10.0513   10.0513
10.0513   10.0513
10.0513   10.0513
10.0513   10.0513
10.0513   10.0513
10.0513   10.0513
10.0513   10.0513
10.0513   10.0513
10.0513   10.0513
10.0513   10.0513
10.0513   10.0513
10.0513   10.0513
10.0513   10.0513
10.0513   10.0513
10.0513   10.0513
10.0513   10.0513
10.0513   10.0513
10.0513   10.0513
10.0513   10.0513
10.0513   10.0513
10.0513   10.0513
10.0513   10.0513
10.0513   10.0513
10.0513   10.0513
10.0513   10.0513
10.0513   10.0513
10.0513   10.0513
10.0513   10.0513
10.0513   10.0513
10.0513   10.0513
10.0513   10.0513
10.0513   10.0513
10.0513   10.0513
10.0513   10.0513
10.0513   10.0513
10.0513   10.0513
9.92416   10.0508
9.92416   10.0412
9.92416   10.0028
9.92416   9.98844
9.92416   9.93603
9.92416   9.92416
9.92416   9.92416
9.92416   9.92416
9.92416   9.92416
9.92416   9.92416
9.8983   9.92407
9.8983   9.91977
9.8983   9.90806
9.8983   9.8983
9.8983   9.8983
9.8983   9.8983
9.8983   9.8983
9.8983   9.8983
9.8983   9.8983
9.8983   9.8983
9.8983   9.8983
9.8983   9.8983
9.8983   9.8983
9.8983   9.8983
9.8983   9.8983
9.8983   9.8983
9.8983   9.8983
9.8983   9.8983
9.8983   9.8983
9.8983   9.8983
9.8983   9.8983
9.8983   9.8983
9.8983   9.8983
9.8983   9.8983
9.8983   9.8983
9.8983   9.8983
9.8983   9.8983
9.8983   9.8983
9.8983   9.8983
9.8983   9.8983
9.8983   9.8983
9.8983   9.8983
9.8983   9.8983
9.8983   9.8983
9.8983   9.8983
9.8983   9.8983
9.8983   9.8983
9.8983   9.8983
9.8983   9.8983
9.8983   9.8983
9.8983   9.8983
9.8983   9.8983
9.8983   9.8983
9.8983   9.8983
9.8983   9.8983
9.8983   9.8983
9.8983   9.8983
9.8983   9.8983
9.8983   9.8983
9.8983   9.8983
9.8983   9.8983
9.8983   9.8983
9.8983   9.8983
9.8983   9.8983
9.8983   9.8983
9.8983   9.8983
9.8983   9.8983
9.8983   9.8983
9.8983   9.8983
9.8983   9.8983
9.8983   9.8983
9.8983   9.8983
9.8983   9.8983
9.8983   9.8983
9.8983   9.8983
9.8983   9.8983
9.8983   9.8983
9.8983   9.8983
9.8983   9.8983
9.8983   9.8983
9.8983   9.8983
9.8983   9.8983
9.8983   9.8983
9.8983   9.8983
9.8983   9.8983
9.8983   9.8983
9.8983   9.8983
9.8983   9.8983
9.8983   9.8983
9.8983   9.8983
9.8983   9.8983
9.8983   9.8983
9.8983   9.8983
9.8983   9.8983
9.8983   9.8983
9.8983   9.8983
9.8983   9.8983
9.8983   9.8983
9.8983   9.8983
9.8983   9.8983
9.8983   9.8983
9.8983   9.8983
9.8983   9.8983
9.8983   9.8983
9.8983   9.8983
9.8983   9.8983
9.8983   9.8983
9.8983   9.8983
9.8983   9.8983
9.8983   9.8983
9.8983   9.8983
9.8983   9.8983
9.8983   9.8983
9.8983   9.8983
9.8983   9.8983
9.8983   9.8983
9.8983   9.8983
9.8983   9.8983
9.8983   9.8983
9.8983   9.8983
9.8983   9.8983
9.8983   9.8983
9.8983   9.8983
9.8983   9.8983
9.8983   9.8983
9.8983   9.8983
9.8983   9.8983
9.8983   9.8983
9.8983   9.8983
9.8983   9.8983
9.8983   9.8983
9.8983   9.8983
9.8983   9.8983
9.8983   9.8983
9.8983   9.8983
9.8983   9.8983
9.8983   9.8983
9.8983   9.8983
9.8983   9.8983
9.8983   9.8983
9.8983   9.8983
9.8983   9.8983
9.8983   9.8983
9.8983   9.8983
9.8983   9.8983
9.8983   9.8983
9.8983   9.8983
9.8983   9.8983
9.8983   9.8983
9.8983   9.8983
9.8983   9.8983
9.8983   9.8983
9.8983   9.8983
9.8983   9.8983
9.8983   9.8983
9.8983   9.8983
9.8983   9.8983
9.8983   9.8983
9.8983   9.8983
9.8983   9.8983
9.8983   9.8983
9.8983   9.8983
9.8983   9.8983
9.8983   9.8983
9.8983   9.8983
9.8983   9.8983
9.8983   9.8983
9.8983   9.8983
9.8983   9.8983
9.8983   9.8983
9.8983   9.8983
9.8983   9.8983
9.8983   9.8983
9.8983   9.8983
9.8983   9.8983
9.8983   9.8983
9.8983   9.8983
9.8983   9.8983
9.8983   9.8983
9.8983   9.8983
9.8983   9.8983
9.8983   9.8983
9.8983   9.8983
9.8983   9.8983
9.8983   9.8983
9.8983   9.8983
9.8983   9.8983
9.8983   9.8983
9.8983   9.8983
9.8983   9.8983
9.8983   9.8983
9.8983   9.8983
9.8983   9.8983
9.8983   9.8983
9.8983   9.8983
9.8983   9.8983
9.8983   9.8983
9.8983   9.8983
9.8983   9.8983
9.8983   9.8983
9.8983   9.8983
9.8983   9.8983
9.8983   9.8983
9.8983   9.8983
9.8983   9.8983
9.8983   9.8983
9.8983   9.8983
9.8983   9.8983
9.8983   9.8983
9.8983   9.8983
9.8983   9.8983
9.8983   9.8983
9.8983   9.8983
9.8983   9.8983
9.8983   9.8983
9.8983   9.8983
9.8983   9.8983
9.8983   9.8983
9.8983   9.8983
9.8983   9.8983
9.8983   9.8983
9.8983   9.8983
9.8983   9.8983
9.8983   9.8983
9.8983   9.8983
9.8983   9.8983
9.8983   9.8983
9.8983   9.8983
9.8983   9.8983
9.8983   9.8983
9.8983   9.8983
9.8983   9.8983
9.8983   9.8983
9.8983   9.8983
9.8983   9.8983
9.8983   9.8983
9.8983   9.8983
9.8983   9.8983
9.8983   9.8983
9.8983   9.8983
9.8983   9.8983
9.8983   9.8983
9.8983   9.8983
9.8983   9.8983
9.8983   9.8983
9.8983   9.8983
9.8983   9.8983
9.8983   9.8983
9.8983   9.8983
9.8983   9.8983
9.8983   9.8983
9.8983   9.8983
9.8983   9.8983
9.8983   9.8983
9.8983   9.8983
9.8983   9.8983
9.8983   9.8983
9.8983   9.8983
9.8983   9.8983
9.8983   9.8983
9.8983   9.8983
9.8983   9.8983
9.8983   9.8983
9.8983   9.8983
9.8983   9.8983
9.8983   9.8983
9.8983   9.8983
9.8983   9.8983
9.8983   9.8983
9.8983   9.8983
9.8983   9.8983
9.8983   9.8983
9.8983   9.8983
9.8983   9.8983
9.8983   9.8983
9.8983   9.8983
9.8983   9.8983
9.8983   9.8983
9.8983   9.8983
9.8983   9.8983
9.8983   9.8983
9.8983   9.8983
9.8983   9.8983
9.8983   9.8983
9.8983   9.8983
9.8983   9.8983
9.8983   9.8983
9.8983   9.8983
9.8983   9.8983
9.8983   9.8983
9.8983   9.8983
9.8983   9.8983
9.8983   9.8983
9.8983   9.8983
9.8983   9.8983
9.8983   9.8983
9.8983   9.8983
9.8983   9.8983
9.8983   9.8983
9.8983   9.8983
9.8983   9.8983
9.8983   9.8983
9.8983   9.8983
9.8983   9.8983
9.8983   9.8983
9.8983   9.8983
9.8983   9.8983
9.8983   9.8983
9.8983   9.8983
9.8983   9.8983
9.8983   9.8983
9.8983   9.8983
9.8983   9.8983
9.8983   9.8983
9.8983   9.8983
9.8983   9.8983
9.8983   9.8983
9.8983   9.8983
9.8983   9.8983
9.8983   9.8983
9.8983   9.8983
9.8983   9.8983
9.8983   9.8983
9.8983   9.8983
9.8983   9.8983
9.8983   9.8983
9.8983   9.8983
9.8983   9.8983
9.8983   9.8983
9.8983   9.8983
9.8983   9.8983
9.8983   9.8983
9.8983   9.8983
9.8983   9.8983
9.8983   9.8983
9.8983   9.8983
9.8983   9.8983
9.8983   9.8983
9.8983   9.8983
9.8983   9.8983
9.8983   9.8983
9.8983   9.8983
9.8983   9.8983
9.8983   9.8983
9.8983   9.8983
9.8983   9.8983
9.8983   9.8983
9.8983   9.8983
9.8983   9.8983
9.8983   9.8983
9.8983   9.8983
9.8983   9.8983
9.8983   9.8983
9.8983   9.8983
9.8983   9.8983
9.8983   9.8983
9.8983   9.8983
9.8983   9.8983
9.8983   9.8983
9.8983   9.8983
9.8983   9.8983
9.8983   9.8983
9.8983   9.8983
9.8983   9.8983
9.8983   9.8983
9.8983   9.8983
9.8983   9.8983
9.8983   9.8983
9.8983   9.8983
9.8983   9.8983
9.8983   9.8983
9.8983   9.8983
9.8983   9.8983
9.8983   9.8983
9.8983   9.8983
9.8983   9.8983
9.8983   9.8983
9.8983   9.8983
9.8983   9.8983
9.8983   9.8983
9.8983   9.8983
9.8983   9.8983
9.8983   9.8983
9.8983   9.8983
9.8983   9.8983
9.8983   9.8983
9.8983   9.8983
9.8983   9.8983
9.8983   9.8983
9.8983   9.8983
9.8983   9.8983
9.8983   9.8983
9.8983   9.8983
9.8983   9.8983
9.8983   9.8983
9.8983   9.8983
9.8983   9.8983
9.8983   9.8983
9.8983   9.8983
9.8983   9.8983
9.8983   9.8983
9.8983   9.8983
9.8983   9.8983
9.8983   9.8983
9.8983   9.8983
9.8983   9.8983
9.8983   9.8983
9.8983   9.8983
9.8983   9.8983
9.8983   9.8983
9.8983   9.8983
9.8983   9.8983
9.8983   9.8983
9.8983   9.8983
9.8983   9.8983
9.8983   9.8983
9.8983   9.8983
9.8983   9.8983
9.8983   9.8983
9.8983   9.8983
9.8983   9.8983
9.8983   9.8983
9.8983   9.8983
9.8983   9.8983
9.8983   9.8983
9.8983   9.8983
9.8983   9.8983
9.8983   9.8983
9.8983   9.8983
9.8983   9.8983
9.8983   9.8983
9.8983   9.8983
9.8983   9.8983
9.8983   9.8983
9.8983   9.8983
9.8983   9.8983
9.8983   9.8983
9.8983   9.8983
9.8983   9.8983
9.8983   9.8983
9.8983   9.8983
9.8983   9.8983
9.8983   9.8983
9.8983   9.8983
9.8983   9.8983
9.8983   9.8983
9.8983   9.8983
9.8983   9.8983
9.8983   9.8983
9.8983   9.8983
9.8983   9.8983
9.8983   9.8983
9.8983   9.8983
9.8983   9.8983
9.8983   9.8983
9.8983   9.8983
9.8983   9.8983
9.8983   9.8983
9.8983   9.8983
9.8983   9.8983
9.8983   9.8983
9.8983   9.8983
9.8983   9.8983
9.8983   9.8983
9.8983   9.8983
9.8983   9.8983
9.8983   9.8983
9.8983   9.8983
9.8983   9.8983
9.8983   9.8983
9.8983   9.8983
9.8983   9.8983
9.8983   9.8983
9.8983   9.8983
9.8983   9.8983
9.8983   9.8983
9.8983   9.8983
9.8983   9.8983
9.8983   9.8983
9.8983   9.8983
9.8983   9.8983
9.8983   9.8983
9.8983   9.8983
9.8983   9.8983
9.8983   9.8983
9.8983   9.8983
9.8983   9.8983
9.8983   9.8983
9.8983   9.8983
9.8983   9.8983
9.8983   9.8983
9.8983   9.8983
9.8983   9.8983
9.8983   9.8983
9.8983   9.8983
9.8983   9.8983
9.8983   9.8983
9.8983   9.8983
9.8983   9.8983
9.8983   9.8983
9.8983   9.8983
9.8983   9.8983
9.8983   9.8983
9.8983   9.8983
9.8983   9.8983
9.8983   9.8983
9.8983   9.8983
9.8983   9.8983
9.8983   9.8983
9.8983   9.8983
9.8983   9.8983
9.8983   9.8983
9.8983   9.8983
9.8983   9.8983
9.8983   9.8983
9.8983   9.8983
9.8983   9.8983
9.8983   9.8983
9.8983   9.8983
9.8983   9.8983
9.8983   9.8983
9.8983   9.8983
9.8983   9.8983
9.8983   9.8983
9.8983   9.8983
9.8983   9.8983
9.8983   9.8983
9.8983   9.8983
9.8983   9.8983
9.8983   9.8983
9.8983   9.8983
9.8983   9.8983
9.8983   9.8983
9.8983   9.8983
9.8983   9.8983
9.8983   9.8983
9.8983   9.8983
9.8983   9.8983
9.8983   9.8983
9.8983   9.8983
9.8983   9.8983
9.8983   9.8983
9.8983   9.8983
9.8983   9.8983
9.8983   9.8983
9.8983   9.8983
9.8983   9.8983
9.8983   9.8983
9.8983   9.8983
9.8983   9.8983
9.8983   9.8983
9.8983   9.8983
9.8983   9.8983
9.8983   9.8983
9.8983   9.8983
9.8983   9.8983
9.8983   9.8983
9.8983   9.8983
9.8983   9.8983
9.8983   9.8983
9.8983   9.8983
9.8983   9.8983
9.8983   9.8983
9.8983   9.8983
9.8983   9.8983
9.8983   9.8983
9.8983   9.8983
9.8983   9.8983
9.8983   9.8983
9.8983   9.8983
