           1   -0.413466   -0.413466           0
           2   -0.412328   -0.412897 0.000568993
           3   -0.415503   -0.413766 0.000928638
           4   -0.418965   -0.415066  0.00145623
           5    -0.41387   -0.414827  0.00115303
           6   -0.418297   -0.415405  0.00110489
           7   -0.413363   -0.415113 0.000978314
           8   -0.415359   -0.415144 0.000847802
           9   -0.407224   -0.414264  0.00115472
          10   -0.412028    -0.41404  0.00105674
          11   -0.412129   -0.413867 0.000971515
          12   -0.415514   -0.414004 0.000897435
          13   -0.419533   -0.414429 0.000928631
          14   -0.415897   -0.414534 0.000866114
          15   -0.418899   -0.414825 0.000857221
          16   -0.415993   -0.414898 0.000805172
          17   -0.411726   -0.414711 0.000779008
          18   -0.409883   -0.414443 0.000781906
          19   -0.411312   -0.414278  0.00075775
          20   -0.411265   -0.414128 0.000734484
          21    -0.41599   -0.414216 0.000704238
          22   -0.416057     -0.4143 0.000676658
          23    -0.41368   -0.414273 0.000647131
          24   -0.416469   -0.414365 0.000626302
          25   -0.410656   -0.414216 0.000618773
          26   -0.416241   -0.414294 0.000599578
          27   -0.411887   -0.414205 0.000583792
          28   -0.413859   -0.414193 0.000562692
          29   -0.420323   -0.414404 0.000582648
          30   -0.415292   -0.414434 0.000563669
          31   -0.408627   -0.414246 0.000576463
          32   -0.410662   -0.414134 0.000569285
          33   -0.411848   -0.414065 0.000556096
          34   -0.421405   -0.414281  0.00058108
          35   -0.417332   -0.414368 0.000570928
          36   -0.413913   -0.414355 0.000554986
          37   -0.417155   -0.414431 0.000545057
          38   -0.421154   -0.414608 0.000559241
          39   -0.410067   -0.414492 0.000557017
          40   -0.421759   -0.414673 0.000572505
          41   -0.413687   -0.414649 0.000558885
          42   -0.411779   -0.414581 0.000549679
          43   -0.413005   -0.414544 0.000537994
          44   -0.419172   -0.414649 0.000536045
          45   -0.409728    -0.41454 0.000535291
          46   -0.417128   -0.414596  0.00052654
          47   -0.414159   -0.414587 0.000515299
          48   -0.414527   -0.414586 0.000504451
          49   -0.416364   -0.414622 0.000495379
          50   -0.409708   -0.414524 0.000495223
          51   -0.413627   -0.414506 0.000485734
          52   -0.414746   -0.414511 0.000476323
          53   -0.410198   -0.414429 0.000474282
          54     -0.4162   -0.414462  0.00046657
          55   -0.409508   -0.414372 0.000466781
          56   -0.416782   -0.414415 0.000460386
          57   -0.413104   -0.414392 0.000452822
          58   -0.410326   -0.414322 0.000450437
          59   -0.414115   -0.414319  0.00044275
          60   -0.407646   -0.414207 0.000449287
          61   -0.421532   -0.414327 0.000457887
          62   -0.413364   -0.414312 0.000450709
          63   -0.414396   -0.414313 0.000443499
          64    -0.41423   -0.414312 0.000436516
          65   -0.414589   -0.414316 0.000429769
          66   -0.419145   -0.414389 0.000429485
          67    -0.41438   -0.414389 0.000423026
          68    -0.41218   -0.414357 0.000418023
          69   -0.416661    -0.41439 0.000413272
          70    -0.41293   -0.414369 0.000407859
          71    -0.41879   -0.414432 0.000406866
          72   -0.418871   -0.414493 0.000405887
          73   -0.414463   -0.414493 0.000400289
          74   -0.411942   -0.414458 0.000396345
          75   -0.417469   -0.414498 0.000393079
          76   -0.418347   -0.414549 0.000391164
          77   -0.415071   -0.414556  0.00038611
          78   -0.415939   -0.414574  0.00038154
          79   -0.411757   -0.414538 0.000378363
          80   -0.415686   -0.414552 0.000373879
          81    -0.41662   -0.414578 0.000370116
          82   -0.417889   -0.414618 0.000367798
          83   -0.414414   -0.414616 0.000363348
          84   -0.416717   -0.414641 0.000359867
          85   -0.420872   -0.414714 0.000363086
          86   -0.408068   -0.414637 0.000367066
          87   -0.415663   -0.414649 0.000363014
          88   -0.417846   -0.414685   0.0003607
          89   -0.417564   -0.414717 0.000358089
          90   -0.405718   -0.414617 0.000367935
          91   -0.420219   -0.414679 0.000369039
          92    -0.41486   -0.414681 0.000365011
          93   -0.405978   -0.414587 0.000372993
          94   -0.411304   -0.414552 0.000370653
          95   -0.414871   -0.414556 0.000366746
          96   -0.416962   -0.414581  0.00036377
          97   -0.413961   -0.414574 0.000360057
          98     -0.4083    -0.41451 0.000362069
          99   -0.416022   -0.414526 0.000358718
         100   -0.418185   -0.414562 0.000356994
