100 0 0 0
100 0.0646330407 0 0
100 0.1292660814 0 0
100 0.1938991221 0 0
100 0.2585321628 0 0
100 0.3231652035 0 0
100 0.3877982442 0 0
100 0.4524312849 0 0
100 0.5170643256 0 0
100 0.5816973663 0 0
100 0.646330407 0 0
100 0.7109634477 0 0
100 0.7755964884 0 0
100 0.8402295291 0.0009878260625 6.039506683e-05
100 0.9048625698 0.1481519498 0.0007825487694
100 0.9694956105 1.06183462 0.002305675059
100 1.034128651 2.048425151 0.004082613191
100 1.098761692 2.268715346 0.004505615156
100 1.163394733 2.084648129 0.004140510619
100 1.228027773 1.837889353 0.002893510294
100 1.292660814 1.615297524 0.00250357992
100 1.357293855 1.453635074 0.002193223073
100 1.421926895 1.336031492 0.0019143965
100 1.486559936 1.250769365 0.001776563153
100 1.551192977 1.188250755 0.001484059122
100 1.615826018 1.145425597 0.001461542768
100 1.680459058 1.111010462 0.001359675427
100 1.745092099 1.090120737 0.001303819768
100 1.80972514 1.076472992 0.001474033937
100 1.87435818 1.065531248 0.001220027991
100 1.938991221 1.059972254 0.001171672542
100 2.003624262 1.058957195 0.001330372256
100 2.068257302 1.057108163 0.001128715251
100 2.132890343 1.052826033 0.001111992519
100 2.197523384 1.049982018 0.001172826002
100 2.262156425 1.042391491 0.0009166952623
100 2.326789465 1.036317975 0.0009252648701
100 2.391422506 1.032226961 0.00104194381
100 2.456055547 1.027593907 0.0009149497735
100 2.520688587 1.021176113 0.0009503985705
100 2.585321628 1.018285957 0.0008914126634
100 2.649954669 1.014643961 0.0008869795365
100 2.714587709 1.011794123 0.0008447929933
100 2.77922075 1.007531015 0.0007288022768
100 2.843853791 1.004537399 0.0008487417181
100 2.908486832 1.002878882 0.0007936565753
100 2.973119872 1.002000354 0.0007696242457
100 3.037752913 1.000473714 0.0007077787083
100 3.102385954 0.9991559779 0.0006135271662
100 3.167018994 0.9971261535 0.0007107770395
100 3.231652035 0.9980123414 0.000778761536
100 3.296285076 0.9957830005 0.0007037786843
100 3.360918116 0.9959828272 0.0007067655582
100 3.425551157 0.9944109177 0.000617248015
100 3.490184198 0.9931852759 0.0006487971928
100 3.554817239 0.9930389156 0.0005909961903
100 3.619450279 0.991327084 0.0005498923205
100 3.68408332 0.9911859989 0.0005553307281
100 3.748716361 0.9902781902 0.0006669601164
100 3.813349401 0.9905817365 0.0006022519452
100 3.877982442 0.9898116473 0.0005733745455
100 3.942615483 0.989693144 0.0005692636522
100 4.007248523 0.9895690274 0.0005676059458
100 4.071881564 0.9885857711 0.0005099833513
100 4.136514605 0.9893085312 0.000504229729
100 4.201147646 0.9889672791 0.0005264147574
100 4.265780686 0.9887140105 0.0004750143074
100 4.330413727 0.987848672 0.0004839873183
100 4.395046768 0.9872002934 0.0004442719748
100 4.459679808 0.9877819731 0.0004701748229
100 4.524312849 0.9872961926 0.0005110033926
100 4.58894589 0.9873364445 0.0004439207976
100 4.65357893 0.9874584113 0.0004462900757
100 4.718211971 0.9856769487 0.0004357355928
100 4.782845012 0.9865363776 0.0003855529494
100 4.847478053 0.9869340823 0.000420593673
100 4.912111093 0.9867657318 0.0004566268887
100 4.976744134 0.9862042322 0.0004262360938
100 5.041377175 0.9863623755 0.0004038545788
100 5.106010215 0.9868938911 0.0004038503001
100 5.170643256 0.9855658269 0.0003474627352
100 5.235276297 0.9855107402 0.0004176400456
100 5.299909337 0.9855638008 0.0003816574744
100 5.364542378 0.9861504588 0.0004247013176
100 5.429175419 0.9856202224 0.0003729122875
100 5.49380846 0.9853866676 0.0003932244144
100 5.5584415 0.9858971913 0.0003680864898
100 5.623074541 0.9862972687 0.0003730843835
100 5.687707582 0.9855780116 0.0004238473096
100 5.752340622 0.9853138403 0.000377044086
100 5.816973663 0.9859003699 0.0003296942059
100 5.881606704 0.9859795392 0.0003906552302
100 5.946239744 0.9855895371 0.0003559397793
100 6.010872785 0.9860964187 0.0003729438959
100 6.075505826 0.985642245 0.0003711768722
100 6.140138867 0.9862884742 0.0003037894324
100 6.204771907 0.9856305417 0.0003009215523
100 6.269404948 0.9849113829 0.0003310901431
100 6.334037989 0.9851009469 0.0003326021312
100 6.398671029 0.9859335615 0.0002839360207
