100 0 0 0
100 0.0256496392 0 0
100 0.0512992784 0 0
100 0.0769489176 0 0
100 0.1025985568 0 0
100 0.128248196 0 0
100 0.1538978352 0 0
100 0.1795474744 0 0
100 0.2051971136 0 0
100 0.2308467528 0 0
100 0.256496392 0 0
100 0.2821460312 0 0
100 0.3077956704 0 0
100 0.3334453096 0 0
100 0.3590949488 0 0
100 0.384744588 0 0
100 0.4103942272 0 0
100 0.4360438664 0 0
100 0.4616935056 0 0
100 0.4873431448 0 0
100 0.512992784 0 0
100 0.5386424232 0 0
100 0.5642920624 0 0
100 0.5899417016 0 0
100 0.6155913408 0 0
100 0.64124098 0 0
100 0.6668906192 0 0
100 0.6925402584 0 0
100 0.7181898976 0 0
100 0.7438395368 0 0
100 0.769489176 0 0
100 0.7951388152 0 0
100 0.8207884544 0 0
100 0.8464380936 1.410291045e-05 4.164199726e-06
100 0.8720877328 0.001345773964 3.984233247e-05
100 0.897737372 0.02407332344 0.0002052453582
100 0.9233870112 0.1652566109 0.0006201244786
100 0.9490366504 0.5636986922 0.001411226897
100 0.9746862896 1.201634026 0.001795505581
100 1.000335929 1.862132269 0.002195631665
100 1.025985568 2.337528792 0.001849633985
100 1.051635207 2.554045782 0.001522483575
100 1.077284846 2.547956402 0.001527127787
100 1.102934486 2.408143051 0.001630646117
100 1.128584125 2.198241089 0.001498378775
100 1.154233764 1.973731912 0.001498610696
100 1.179883403 1.754159036 0.001616361326
100 1.205533042 1.558219981 0.001537689392
100 1.231182682 1.39091325 0.001395705582
100 1.256832321 1.244633419 0.001159947192
100 1.28248196 1.125047861 0.001069812785
100 1.308131599 1.023592402 0.001026468633
100 1.333781238 0.9408859883 0.0009053173923
100 1.359430878 0.8720214856 0.0007670459467
100 1.385080517 0.8170243041 0.000842397348
100 1.410730156 0.7726236543 0.0007891670685
100 1.436379795 0.7364680318 0.0007550732094
100 1.462029434 0.7109099008 0.0007804272343
100 1.487679074 0.6911687281 0.0008219283817
100 1.513328713 0.6783767294 0.0008292472767
100 1.538978352 0.6737050965 0.0008901966825
100 1.564627991 0.6716728434 0.0009062158072
100 1.59027763 0.6758940675 0.0008704248836
100 1.61592727 0.6866322269 0.0008671287308
100 1.641576909 0.7027351445 0.0008104022229
100 1.667226548 0.7240040544 0.0007765250892
100 1.692876187 0.7493571711 0.0007549114258
100 1.718525826 0.7806842898 0.0008085511677
100 1.744175466 0.8156775105 0.0007100686524
100 1.769825105 0.8530263062 0.0006884304513
100 1.795474744 0.8937706634 0.0007643976164
100 1.821124383 0.9341913594 0.0007457944277
100 1.846774022 0.9775860597 0.0007222011219
100 1.872423662 1.017621891 0.0007362891638
100 1.898073301 1.05750937 0.0008149980796
100 1.92372294 1.095523509 0.0007968118627
100 1.949372579 1.130286331 0.0007519329871
100 1.975022218 1.161913446 0.000727320687
100 2.000671858 1.186510476 0.0007068449105
100 2.026321497 1.204310375 0.0007589112117
100 2.051971136 1.213457044 0.0006754758706
100 2.077620775 1.215246504 0.0007226527297
100 2.103270414 1.20908611 0.0006534696456
100 2.128920054 1.194688489 0.0007498091375
100 2.154569693 1.174630023 0.000696301045
100 2.180219332 1.150368909 0.0007770156853
100 2.205868971 1.123435291 0.0008155963919
100 2.23151861 1.095479873 0.000672131314
100 2.25716825 1.066238101 0.0006981226821
100 2.282817889 1.0390146 0.0006718097997
100 2.308467528 1.012179215 0.0006177415087
100 2.334117167 0.9876256713 0.0006514700202
100 2.359766806 0.966091129 0.0005434574997
100 2.385416446 0.9466711042 0.0005588057168
100 2.411066085 0.9313920482 0.0005942287279
100 2.436715724 0.9185672473 0.0006176427324
100 2.462365363 0.9087189723 0.0005994270386
100 2.488015002 0.8950249216 0.0006185190759
100 2.513664642 0.8861404739 0.0006175729606
100 2.539314281 0.8861671522 0.0006580812744
