           1   0.0486321   0.0486321           0
           2   0.0491957   0.0489139 0.000281784
           3   0.0487396   0.0488558 0.000172753
           4   0.0489394   0.0488767 0.000123931
           5   0.0491717   0.0489357 0.000112676
           6   0.0489363   0.0489358 9.19998e-05
           7    0.049192   0.0489724 8.59371e-05
           8   0.0488553   0.0489577   7.585e-05
           9   0.0489895   0.0489613 6.69866e-05
          10   0.0490057   0.0489657 6.00792e-05
          11   0.0493896   0.0490042 6.66201e-05
          12   0.0491574    0.049017 6.21404e-05
          13   0.0487228   0.0489944 6.14767e-05
          14   0.0492026   0.0490093 5.88276e-05
          15   0.0489644   0.0490063 5.48472e-05
          16   0.0488106    0.048994 5.27425e-05
          17     0.04896    0.048992 4.95834e-05
          18   0.0492603   0.0490069 4.90658e-05
          19   0.0486476    0.048988 5.01176e-05
          20   0.0488444   0.0489808 4.80853e-05
          21      0.0487   0.0489675  4.7653e-05
          22   0.0489188   0.0489653 4.54892e-05
          23   0.0488161   0.0489588 4.39475e-05
          24   0.0489591   0.0489588 4.20766e-05
          25   0.0487905    0.048952 4.09158e-05
          26   0.0492578   0.0489638 4.10319e-05
          27    0.049083   0.0489682 3.97289e-05
          28   0.0490433   0.0489709 3.83776e-05
          29   0.0491297   0.0489764 3.74332e-05
          30   0.0492601   0.0489858 3.73799e-05
          31   0.0489759   0.0489855 3.61554e-05
          32   0.0488992   0.0489828  3.5111e-05
          33    0.049248   0.0489909 3.49664e-05
          34   0.0491374   0.0489952 3.41953e-05
          35   0.0489519   0.0489939 3.32269e-05
          36   0.0491263   0.0489976 3.24994e-05
          37   0.0493052   0.0490059 3.26841e-05
          38   0.0490688   0.0490076 3.18554e-05
          39   0.0491849   0.0490121 3.13592e-05
          40    0.048756   0.0490057 3.12288e-05
          41    0.049165   0.0490096 3.07044e-05
          42   0.0497585   0.0490274 3.48684e-05
          43   0.0494527   0.0490373 3.54549e-05
          44   0.0487295   0.0490303 3.53392e-05
          45   0.0491722   0.0490335 3.46885e-05
          46   0.0494602   0.0490428 3.51711e-05
          47   0.0493826     0.04905 3.51662e-05
          48   0.0489486   0.0490479 3.44905e-05
          49   0.0485526   0.0490378 3.52593e-05
          50   0.0488862   0.0490347 3.46797e-05
          51   0.0486549   0.0490273 3.47991e-05
          52   0.0487142   0.0490213 3.46504e-05
          53   0.0493996   0.0490284 3.47319e-05
          54    0.049308   0.0490336 3.44737e-05
          55    0.049246   0.0490374 3.40608e-05
          56   0.0490733   0.0490381 3.34532e-05
          57   0.0491449     0.04904 3.29144e-05
          58   0.0492288   0.0490432 3.25054e-05
          59   0.0487879   0.0490389 3.22414e-05
          60   0.0491006   0.0490399 3.17162e-05
          61   0.0491962   0.0490425  3.1297e-05
          62   0.0491349    0.049044 3.08241e-05
          63    0.048678   0.0490382 3.08822e-05
          64   0.0493614   0.0490432 3.08127e-05
          65   0.0490027   0.0490426 3.03413e-05
          66   0.0489492   0.0490412 2.99115e-05
          67   0.0488232   0.0490379 2.96409e-05
          68   0.0488889   0.0490357 2.92838e-05
          69   0.0490554    0.049036 2.88577e-05
          70   0.0489864   0.0490353 2.84513e-05
          71   0.0486292   0.0490296  2.8625e-05
          72   0.0487833   0.0490262 2.84311e-05
          73   0.0488325   0.0490235 2.81643e-05
          74   0.0490761   0.0490242 2.77901e-05
          75   0.0490379   0.0490244 2.74177e-05
          76   0.0486083   0.0490189 2.76029e-05
          77   0.0490682   0.0490196 2.72495e-05
          78   0.0485193   0.0490132  2.7652e-05
          79   0.0489121   0.0490119 2.73297e-05
          80   0.0491763   0.0490139 2.70641e-05
          81   0.0487336   0.0490105  2.6951e-05
          82   0.0489885   0.0490102 2.66217e-05
          83   0.0489698   0.0490097 2.63035e-05
          84   0.0487769   0.0490069 2.61358e-05
          85   0.0485074   0.0490011 2.64867e-05
          86   0.0488726   0.0489996 2.62194e-05
          87    0.048919   0.0489986 2.59329e-05
          88   0.0493398   0.0490025 2.59279e-05
          89   0.0488689    0.049001 2.56788e-05
          90   0.0489939   0.0490009  2.5392e-05
          91   0.0488892   0.0489997 2.51414e-05
          92   0.0489074   0.0489987 2.48869e-05
          93   0.0493378   0.0490024 2.48864e-05
          94   0.0491495   0.0490039   2.467e-05
          95   0.0489901   0.0490038 2.44093e-05
          96   0.0487997   0.0490017 2.42471e-05
          97   0.0492421   0.0490041 2.41235e-05
          98   0.0488177   0.0490022 2.39518e-05
          99   0.0494151   0.0490064 2.40727e-05
         100   0.0491584   0.0490079 2.38792e-05
