           1     1.35029     1.35029           0
           2     1.47228     1.41128   0.0609965
           3     1.44582      1.4228   0.0370503
           4      1.4027     1.41777    0.026676
           5     1.44826     1.42387   0.0215443
           6     1.38844     1.41797   0.0185556
           7      1.4734     1.42588   0.0175684
           8     1.30109     1.41028   0.0217908
           9     1.37225     1.40606    0.019677
          10     1.32616     1.39807   0.0193284
          11     1.46216     1.40389   0.0184283
          12     1.46105     1.40866   0.0174839
          13     1.42058     1.40957    0.016109
          14      1.4503     1.41248   0.0151951
          15     1.47536     1.41668   0.0147539
          16     1.27242     1.40766   0.0164851
          17     1.40908     1.40774   0.0154853
          18     1.45949     1.41062     0.01488
          19     1.39935     1.41002   0.0140875
          20     1.38672     1.40886   0.0134153
          21     1.38385     1.40767    0.012816
          22     1.50031     1.41188   0.0129248
          23     1.34903     1.40915   0.0126488
          24     1.43919      1.4104   0.0121748
          25     1.46558     1.41261   0.0118845
          26     1.29894     1.40823   0.0122265
          27     1.40775     1.40822    0.011765
          28      1.2835     1.40376   0.0121806
          29     1.34891     1.40187   0.0119043
          30     1.29625     1.39835   0.0120274
          31     1.46583     1.40053   0.0118349
          32     1.38564     1.40006   0.0114685
          33      1.3256      1.3978   0.0113423
          34     1.33912     1.39608   0.0111382
          35     1.44538     1.39749   0.0109066
          36     1.43014     1.39839   0.0106381
          37     1.40028     1.39845   0.0103467
          38      1.2942      1.3957   0.0104377
          39     1.37376     1.39514   0.0101821
          40     1.28887     1.39248   0.0102737
          41     1.30132     1.39026   0.0102638
          42     1.42873     1.39118   0.0100582
          43      1.3522     1.39027  0.00986323
          44     1.34857     1.38932  0.00968296
          45     1.38268     1.38917  0.00946648
          46     1.39429     1.38928  0.00925907
          47     1.45202     1.39062  0.00915773
          48     1.36583      1.3901  0.00897978
          49     1.31023     1.38847  0.00894441
          50     1.41754     1.38905  0.00878295
          51     1.36753     1.38863  0.00861936
          52       1.325     1.38741  0.00854009
          53     1.42003     1.38802  0.00839998
          54     1.43051     1.38881  0.00828041
          55       1.403     1.38907  0.00813256
          56     1.39085      1.3891  0.00798608
          57     1.49397     1.39094  0.00805759
          58     1.48479     1.39256  0.00808109
          59     1.41984     1.39302  0.00795638
          60     1.30473     1.39155  0.00795983
          61     1.42647     1.39212  0.00784916
          62     1.41288     1.39246  0.00772878
          63     1.34967     1.39178  0.00763537
          64     1.42376     1.39228  0.00753172
          65     1.41764     1.39267   0.0074252
          66      1.4655     1.39377  0.00739463
          67     1.53907     1.39594  0.00759942
          68     1.46658     1.39698  0.00755856
          69     1.49688     1.39843  0.00758764
          70     1.49091     1.39975  0.00759427
          71      1.2887     1.39818  0.00764818
          72     1.43745     1.39873   0.0075609
          73     1.20643     1.39609  0.00790823
          74     1.43216     1.39658  0.00781584
          75     1.40671     1.39672   0.0077121
          76     1.40583     1.39684   0.0076109
          77     1.24715     1.39489  0.00775889
          78     1.37455     1.39463  0.00766321
          79     1.36435     1.39425  0.00757529
          80     1.46557     1.39514  0.00753295
          81     1.45443     1.39587  0.00747529
          82     1.32392     1.39499  0.00743552
          83     1.43514     1.39548  0.00736129
          84     1.29777     1.39432  0.00736556
          85     1.52585     1.39586  0.00744108
          86     1.31058     1.39487   0.0074206
          87     1.33838     1.39422   0.0073635
          88     1.35784     1.39381  0.00729107
          89     1.41209     1.39401  0.00721161
          90     1.52078     1.39542   0.0072688
          91     1.48041     1.39636   0.0072489
          92     1.36662     1.39603  0.00717695
          93     1.36484      1.3957  0.00710728
          94     1.25788     1.39423   0.0071825
          95     1.37413     1.39402  0.00710964
          96     1.37164     1.39379  0.00703905
          97     1.49521     1.39483  0.00704414
          98     1.46418     1.39554   0.0070077
          99      1.4047     1.39563  0.00693717
         100     1.43518     1.39603  0.00687883
