           1    -5.47506    -5.47506           0
           2    -5.44707    -5.46107   0.0139914
           3    -5.45325    -5.45846  0.00848798
           4    -5.46216    -5.45939  0.00607289
           5    -5.45747      -5.459   0.0047196
           6    -5.46496       -5.46  0.00397959
           7    -5.44865    -5.45838  0.00373354
           8     -5.4868    -5.46193   0.0048036
           9    -5.47298    -5.46316  0.00441086
          10    -5.48121    -5.46496  0.00433858
          11    -5.45398    -5.46396   0.0040493
          12    -5.45963     -5.4636  0.00371408
          13    -5.46406    -5.46364  0.00341664
          14    -5.45221    -5.46282  0.00326684
          15    -5.44458     -5.4616  0.00327538
          16    -5.49178    -5.46349  0.00359782
          17    -5.46262    -5.46344  0.00337995
          18    -5.45548      -5.463  0.00321722
          19     -5.4624    -5.46297  0.00304335
          20    -5.47105    -5.46337  0.00291533
          21    -5.47035     -5.4637  0.00279287
          22       -5.45    -5.46308  0.00273474
          23     -5.4721    -5.46347  0.00264242
          24    -5.45199    -5.46299  0.00257475
          25    -5.45506    -5.46268  0.00248992
          26    -5.48242    -5.46344   0.0025099
          27    -5.45962    -5.46329  0.00241929
          28     -5.4811    -5.46393  0.00241645
          29    -5.47311    -5.46425  0.00235303
          30    -5.48196    -5.46484  0.00234869
          31    -5.44727    -5.46427  0.00234125
          32    -5.46553    -5.46431  0.00226725
          33    -5.47554    -5.46465  0.00222365
          34    -5.47008    -5.46481  0.00216316
          35    -5.45464    -5.46452  0.00212046
          36    -5.46326    -5.46448  0.00206101
          37    -5.46119     -5.4644  0.00200651
          38    -5.48688    -5.46499  0.00204069
          39    -5.46831    -5.46507   0.0019895
          40    -5.48493    -5.46557  0.00200167
          41    -5.48558    -5.46606   0.0020123
          42    -5.45689    -5.46584   0.0019759
          43    -5.47275      -5.466  0.00193608
          44    -5.47362    -5.46617  0.00189949
          45    -5.47293    -5.46632  0.00186287
          46    -5.46167    -5.46622  0.00182472
          47    -5.45476    -5.46598  0.00180204
          48    -5.46692      -5.466  0.00176421
          49    -5.48698    -5.46643  0.00178009
          50    -5.45989     -5.4663  0.00174901
          51    -5.46003    -5.46617  0.00171878
          52     -5.4779     -5.4664  0.00170043
          53    -5.45736    -5.46623  0.00167674
          54    -5.45773    -5.46607   0.0016529
          55    -5.45953    -5.46595  0.00162691
          56    -5.46312     -5.4659   0.0015984
          57     -5.4486     -5.4656  0.00159918
          58     -5.4442    -5.46523   0.0016141
          59    -5.46243    -5.46518  0.00158722
          60    -5.48161    -5.46545   0.0015844
          61    -5.46354    -5.46542  0.00155852
          62    -5.45777     -5.4653  0.00153814
          63     -5.4697    -5.46537  0.00151514
          64    -5.45694    -5.46524  0.00149709
          65    -5.46784    -5.46528  0.00147442
          66    -5.45353     -5.4651  0.00146278
          67    -5.43138     -5.4646  0.00152614
          68    -5.44475     -5.4643  0.00153159
          69    -5.44345      -5.464   0.0015392
          70    -5.44645    -5.46375  0.00153764
          71    -5.48614    -5.46407   0.0015483
          72    -5.45959    -5.46401  0.00152791
          73    -5.50329    -5.46454  0.00160005
          74    -5.45926    -5.46447  0.00157989
          75    -5.46736    -5.46451  0.00155916
          76    -5.46458    -5.46451  0.00153851
          77    -5.49291    -5.46488  0.00156255
          78    -5.46716    -5.46491  0.00154267
          79     -5.4682    -5.46495  0.00152358
          80    -5.44791    -5.46474  0.00151942
          81    -5.45468    -5.46461  0.00150568
          82    -5.47252    -5.46471  0.00149032
          83    -5.44958    -5.46453  0.00148349
          84    -5.48954    -5.46483  0.00149567
          85     -5.4397    -5.46453  0.00150725
          86    -5.48084    -5.46472  0.00150165
          87     -5.4778    -5.46487  0.00149189
          88    -5.47578    -5.46499  0.00148003
          89    -5.46386    -5.46498  0.00146336
          90     -5.4407    -5.46471  0.00147195
          91    -5.45156    -5.46457  0.00146284
          92    -5.46611    -5.46458  0.00144695
          93    -5.46475    -5.46459  0.00143131
          94    -5.49105    -5.46487  0.00144371
          95    -5.46575    -5.46488  0.00142847
          96    -5.46532    -5.46488  0.00141351
          97    -5.43787     -5.4646   0.0014263
          98    -5.44837    -5.46444  0.00142135
          99    -5.46612    -5.46445  0.00140703
         100    -5.45411    -5.46435  0.00139672
