100 0 0 0
100 0.02306642879 0 0
100 0.04613285759 0 0
100 0.06919928638 0 0
100 0.09226571518 0 0
100 0.115332144 0 0
100 0.1383985728 0 0
100 0.1614650016 0 0
100 0.1845314304 0 0
100 0.2075978592 0 0
100 0.2306642879 0 0
100 0.2537307167 0 0
100 0.2767971455 0 0
100 0.2998635743 0 0
100 0.3229300031 0 0
100 0.3459964319 0 0
100 0.3690628607 0 0
100 0.3921292895 0 0
100 0.4151957183 0 0
100 0.4382621471 0 0
100 0.4613285759 0 0
100 0.4843950047 0 0
100 0.5074614335 0 0
100 0.5305278623 0 0
100 0.5535942911 0 0
100 0.5766607199 0 0
100 0.5997271487 0 0
100 0.6227935775 0 0
100 0.6458600063 0 0
100 0.6689264351 0 0
100 0.6919928638 0 0
100 0.7150592926 0 0
100 0.7381257214 0 0
100 0.7611921502 0 0
100 0.784258579 0 0
100 0.8073250078 0 0
100 0.8303914366 0 0
100 0.8534578654 0 0
100 0.8765242942 7.953174079e-05 8.87706017e-06
100 0.899590723 0.00347942391 4.888422178e-05
100 0.9226571518 0.04747318644 0.0002235740966
100 0.9457235806 0.2942341678 0.0008108296351
100 0.9687900094 1.007738854 0.001589524462
100 0.9918564382 2.239383625 0.001680075829
100 1.014922867 3.626610906 0.001713290203
100 1.037989296 4.619592298 0.001601177969
100 1.061055725 4.894736827 0.002620110226
100 1.084122153 4.492061082 0.002655622527
100 1.107188582 3.657066108 0.002100966991
100 1.130255011 2.6915146 0.00156809505
100 1.15332144 1.816462142 0.0008653184019
100 1.176387869 1.131629294 0.000815515083
100 1.199454297 0.653856851 0.0009484312859
100 1.222520726 0.3536623967 0.0007808718254
100 1.245587155 0.1802451837 0.0005890799538
100 1.268653584 0.08919319388 0.0004671674026
100 1.291720013 0.04931714576 0.0003313767461
100 1.314786441 0.04214443088 0.0003123569227
100 1.33785287 0.06065799013 0.0003691647325
100 1.360919299 0.1056867698 0.0004091079856
100 1.383985728 0.1841060868 0.0004630470554
100 1.407052156 0.3009047665 0.0004763425386
100 1.430118585 0.4534831108 0.0004275057642
100 1.453185014 0.6283742349 0.0004046573877
100 1.476251443 0.7970013526 0.0006240155858
100 1.499317872 0.9218438169 0.0008997128488
100 1.5223843 0.9705645431 0.001001426083
100 1.545450729 0.9291405374 0.0009513005079
100 1.568517158 0.8079566107 0.0006972184819
100 1.591583587 0.6408212521 0.0004467614422
100 1.614650016 0.4656127182 0.0004247331892
100 1.637716444 0.3171067088 0.0004683660478
100 1.660782873 0.2195133106 0.0006151630863
100 1.683849302 0.1921329802 0.0007335229021
100 1.706915731 0.2551258702 0.0008494720722
100 1.72998216 0.4341803797 0.0009603955146
100 1.753048588 0.7498902145 0.001019747826
100 1.776115017 1.197598767 0.0007860809632
100 1.799181446 1.72695673 0.000590579069
100 1.822247875 2.234551708 0.001019517822
100 1.845314304 2.597298417 0.001511866176
100 1.868380732 2.713800325 0.001926778756
100 1.891447161 2.557985467 0.001856000947
100 1.91451359 2.180357365 0.001272017246
100 1.937580019 1.689421959 0.0006380603416
100 1.960646448 1.200768483 0.0006997618528
100 1.983712876 0.8019578259 0.0008917251962
100 2.006779305 0.543002579 0.001043657249
100 2.029845734 0.4345162743 0.0009508795632
100 2.052912163 0.4615504061 0.0008457464835
100 2.075978592 0.5869251241 0.0006101624722
100 2.09904502 0.7581304365 0.0003505670245
100 2.122111449 0.9171429301 0.0004206343409
100 2.145177878 1.014149422 0.0006940450976
100 2.168244307 1.021585638 0.0007261095702
100 2.191310736 0.9189412136 0.0005628090977
100 2.214377164 0.7807206545 0.0004140208037
100 2.237443593 0.65408741 0.0005127752944
100 2.260510022 0.5720101089 0.0007380397131
100 2.283576451 0.5730383435 0.0009668172164
