           1     7.61238     7.61238           0
           2     7.60442      7.6084  0.00397985
           3     7.54758     7.58813   0.0204047
           4     7.51617     7.57014   0.0230609
           5     7.58069     7.57225   0.0179871
           6      7.6638     7.58751   0.0211786
           7     7.54847     7.58193    0.018748
           8     7.58228     7.58197   0.0162363
           9      7.5892     7.58278   0.0143416
          10     7.56199      7.5807   0.0129948
          11     7.48464     7.57197   0.0146433
          12     7.58757     7.57327   0.0134305
          13     7.60129     7.57542   0.0125409
          14     7.59745       7.577   0.0117167
          15     7.54432     7.57482    0.011123
          16     7.50098      7.5702   0.0113821
          17     7.61277     7.57271    0.010981
          18     7.59156     7.57375   0.0104058
          19     7.58419      7.5743  0.00985825
          20     7.62209     7.57669   0.0096528
          21     7.63365      7.5794  0.00957384
          22     7.58936     7.57986  0.00913951
          23     7.56315     7.57913  0.00876327
          24     7.61793     7.58075  0.00854453
          25     7.59575     7.58135  0.00821756
          26     7.68103     7.58518  0.00877684
          27     7.63226     7.58693   0.0086236
          28     7.61952     7.58809  0.00839103
          29     7.53378     7.58622  0.00831028
          30       7.539     7.58464  0.00818128
          31     7.65105     7.58678   0.0081978
          32     7.55618     7.58583  0.00799489
          33     7.59734     7.58618  0.00775668
          34     7.59906     7.58656  0.00753462
          35      7.5549     7.58565  0.00737188
          36     7.62564     7.58676  0.00724978
          37     7.61691     7.58758  0.00709805
          38     7.58842      7.5876  0.00690877
          39     7.63911     7.58892  0.00685768
          40     7.65072     7.59047   0.0068603
          41     7.61625     7.59109  0.00672039
          42     7.58833     7.59103  0.00655876
          43     7.67522     7.59299  0.00669702
          44     7.58568     7.59282  0.00654515
          45     7.62892     7.59362  0.00644815
          46     7.58705     7.59348  0.00630803
          47     7.65984     7.59489   0.0063318
          48     7.58925     7.59477   0.0061996
          49     7.50464     7.59294  0.00634427
          50     7.63141      7.5937  0.00626353
          51     7.68426     7.59548  0.00639109
          52     7.64741     7.59648  0.00634605
          53     7.68707     7.59819  0.00645554
          54     7.44765      7.5954  0.00692109
          55     7.55958     7.59475  0.00682523
          56     7.62095     7.59522  0.00671854
          57     7.64466     7.59608  0.00665639
          58     7.66877     7.59734  0.00665958
          59     7.63666       7.598  0.00657957
          60     7.58054     7.59771  0.00647552
          61     7.59434     7.59766  0.00636872
          62     7.59269     7.59758  0.00626567
          63     7.64725     7.59837  0.00621562
          64     7.63658     7.59896   0.0061468
          65     7.61313     7.59918  0.00605542
          66     7.53636     7.59823  0.00603845
          67     7.59681     7.59821  0.00594768
          68     7.61565     7.59846  0.00586517
          69     7.60217     7.59852  0.00577979
          70     7.56945      7.5981  0.00571174
          71     7.61749     7.59838  0.00563734
          72     7.71259     7.59996  0.00578042
          73     7.53523     7.59908  0.00576925
          74     7.64617     7.59971  0.00572623
          75     7.57619      7.5994  0.00565806
          76     7.56671     7.59897  0.00559966
          77     7.55998     7.59846  0.00554961
          78      7.6389     7.59898  0.00550248
          79     7.57819     7.59872  0.00543875
          80     7.57139     7.59838  0.00538119
          81     7.53235     7.59756  0.00537649
          82     7.57316     7.59726  0.00531886
          83     7.68851     7.59836  0.00536817
          84     7.63842     7.59884  0.00532528
          85     7.58226     7.59864  0.00526587
          86     7.61452     7.59883  0.00520755
          87     7.61486     7.59901  0.00515064
          88     7.58934      7.5989  0.00509296
          89     7.64829     7.59946   0.0050659
          90     7.47745      7.5981   0.0051895
          91     7.56774     7.59777  0.00514299
          92     7.57321      7.5975  0.00509378
          93     7.69187     7.59852  0.00513987
          94     7.64284     7.59899  0.00510671
          95     7.66223     7.59965  0.00509633
          96     7.56979     7.59934  0.00505255
          97     7.60983     7.59945  0.00500136
          98      7.5471     7.59892  0.00497881
          99     7.53338     7.59825  0.00497253
         100     7.50956     7.59737  0.00500182
