           1     -7.5427     -7.5427           0
           2    -7.54508    -7.54389   0.0011891
           3    -7.55465    -7.54748  0.00365046
           4    -7.56019    -7.55066  0.00409353
           5     -7.5484     -7.5502  0.00320277
           6    -7.53374    -7.54746  0.00379062
           7    -7.55514    -7.54856  0.00338633
           8    -7.54851    -7.54855  0.00293266
           9    -7.54647    -7.54832  0.00259671
          10    -7.55246    -7.54873  0.00235914
          11    -7.56641    -7.55034  0.00267145
          12    -7.54743     -7.5501  0.00245075
          13    -7.54555    -7.54975  0.00228133
          14    -7.54581    -7.54947  0.00213071
          15    -7.55556    -7.54987  0.00202476
          16    -7.56313     -7.5507  0.00206726
          17    -7.54326    -7.55026  0.00199065
          18    -7.54716    -7.55009  0.00188473
          19    -7.54879    -7.55002  0.00178409
          20    -7.54145    -7.54959    0.001746
          21    -7.53996    -7.54914  0.00172292
          22    -7.54699    -7.54904  0.00164564
          23     -7.5524    -7.54918  0.00157923
          24    -7.54223    -7.54889  0.00153952
          25    -7.54596    -7.54878  0.00148132
          26    -7.53082    -7.54809  0.00158187
          27    -7.53957    -7.54777  0.00155453
          28    -7.54238    -7.54758   0.0015103
          29    -7.55682     -7.5479  0.00149169
          30    -7.55676    -7.54819  0.00147108
          31    -7.53635    -7.54781  0.00147325
          32    -7.55351    -7.54799  0.00143753
          33    -7.54635    -7.54794  0.00139418
          34    -7.54546    -7.54786  0.00135452
          35    -7.55413    -7.54804  0.00132739
          36    -7.54097    -7.54785  0.00130486
          37    -7.54242     -7.5477  0.00127756
          38    -7.54789    -7.54771   0.0012435
          39     -7.5384    -7.54747   0.0012345
          40    -7.53591    -7.54718  0.00123744
          41    -7.54281    -7.54707  0.00121157
          42    -7.54818     -7.5471  0.00118266
          43    -7.53088    -7.54672  0.00121487
          44    -7.54802    -7.54675   0.0011873
          45    -7.54056    -7.54661  0.00116874
          46    -7.54736    -7.54663  0.00114317
          47    -7.53401    -7.54636  0.00115034
          48    -7.54689    -7.54637  0.00112617
          49    -7.56267     -7.5467  0.00115201
          50    -7.53975    -7.54657  0.00113728
          51    -7.52972    -7.54623  0.00116264
          52     -7.5366    -7.54605  0.00115503
          53    -7.52965    -7.54574  0.00117454
          54    -7.57287    -7.54624  0.00125731
          55    -7.55269    -7.54636   0.0012398
          56    -7.54067    -7.54626  0.00122169
          57    -7.53773    -7.54611  0.00120936
          58    -7.53264    -7.54588   0.0012108
          59    -7.53883    -7.54576  0.00119609
          60    -7.54876    -7.54581  0.00117705
          61    -7.54617    -7.54581  0.00115761
          62    -7.54594    -7.54581  0.00113878
          63    -7.53631    -7.54566  0.00113068
          64    -7.53958    -7.54557  0.00111693
          65    -7.54275    -7.54553  0.00110047
          66    -7.55726     -7.5457  0.00109815
          67    -7.54567     -7.5457  0.00108163
          68    -7.54273    -7.54566   0.0010665
          69    -7.54449    -7.54564  0.00105107
          70    -7.55117    -7.54572  0.00103895
          71    -7.54245    -7.54567  0.00102525
          72    -7.52448    -7.54538   0.0010529
          73    -7.55777    -7.54555  0.00105216
          74    -7.53684    -7.54543   0.0010445
          75    -7.55019     -7.5455  0.00103243
          76    -7.55145    -7.54557  0.00102176
          77    -7.55238    -7.54566  0.00101226
          78    -7.53786    -7.54556  0.00100419
          79    -7.54946    -7.54561 0.000992628
          80    -7.55102    -7.54568 0.000982474
          81    -7.55829    -7.54584 0.000982682
          82    -7.55061    -7.54589 0.000972371
          83    -7.52891    -7.54569 0.000982126
          84    -7.53879    -7.54561 0.000973836
          85     -7.5491    -7.54565 0.000963189
          86    -7.54268    -7.54561 0.000952547
          87    -7.54236    -7.54558 0.000942276
          88    -7.54776     -7.5456 0.000931837
          89    -7.53673     -7.5455  0.00092669
          90     -7.5678    -7.54575 0.000949234
          91    -7.55186    -7.54582 0.000941141
          92    -7.55075    -7.54587   0.0009324
          93    -7.52902    -7.54569 0.000939942
          94    -7.53723     -7.5456 0.000934231
          95    -7.53356    -7.54547 0.000932992
          96    -7.55058    -7.54553 0.000924754
          97    -7.54372    -7.54551 0.000915361
          98    -7.55464     -7.5456 0.000910751
          99    -7.55795    -7.54572   0.0009101
         100    -7.56201    -7.54589 0.000915546
